rep,t,pop1,pop2,k1,k2
1,1,50,0,0.00,-1.00
1,2,50,0,0.00,-1.00
1,3,50,0,0.04,-1.00
1,4,50,0,0.04,-1.00
1,5,50,0,0.02,-1.00
1,6,50,0,0.02,-1.00
1,7,50,0,0.00,-1.00
1,8,50,0,0.00,-1.00
1,9,50,0,0.00,-1.00
1,10,50,0,0.00,-1.00
1,11,50,0,0.00,-1.00
1,12,50,0,0.00,-1.00
1,13,50,0,0.00,-1.00
1,14,50,0,0.00,-1.00
1,15,50,0,0.02,-1.00
1,16,50,0,0.00,-1.00
1,17,50,0,0.00,-1.00
1,18,50,0,0.00,-1.00
1,19,50,0,0.00,-1.00
1,20,50,0,0.00,-1.00
1,21,50,0,0.00,-1.00
1,22,50,0,0.00,-1.00
1,23,50,0,0.00,-1.00
1,24,50,0,0.00,-1.00
1,25,50,0,0.00,-1.00
1,26,50,0,0.00,-1.00
1,27,50,0,0.04,-1.00
1,28,50,0,0.12,-1.00
1,29,50,0,0.12,-1.00
1,30,50,0,0.18,-1.00
1,31,50,0,0.18,-1.00
1,32,50,0,0.20,-1.00
1,33,50,0,0.24,-1.00
1,34,50,0,0.14,-1.00
1,35,50,0,0.16,-1.00
1,36,50,0,0.16,-1.00
1,37,50,0,0.20,-1.00
1,38,50,0,0.14,-1.00
1,39,50,0,0.14,-1.00
1,40,50,0,0.18,-1.00
1,41,50,0,0.26,-1.00
1,42,50,0,0.18,-1.00
1,43,50,0,0.14,-1.00
1,44,50,0,0.12,-1.00
1,45,50,0,0.06,-1.00
1,46,50,0,0.02,-1.00
1,47,50,0,0.02,-1.00
1,48,50,0,0.02,-1.00
1,49,50,0,0.04,-1.00
1,50,50,0,0.02,-1.00
1,51,50,0,0.06,-1.00
1,52,50,0,0.06,-1.00
1,53,50,0,0.04,-1.00
1,54,50,0,0.06,-1.00
1,55,50,0,0.06,-1.00
1,56,50,0,0.06,-1.00
1,57,50,0,0.06,-1.00
1,58,50,0,0.12,-1.00
1,59,50,0,0.10,-1.00
1,60,50,0,0.04,-1.00
1,61,50,0,0.04,-1.00
1,62,50,0,0.08,-1.00
1,63,50,0,0.08,-1.00
1,64,50,0,0.08,-1.00
1,65,50,0,0.12,-1.00
1,66,50,0,0.06,-1.00
1,67,50,0,0.02,-1.00
1,68,50,0,0.02,-1.00
1,69,50,0,0.04,-1.00
1,70,50,0,0.08,-1.00
1,71,50,0,0.16,-1.00
1,72,50,0,0.10,-1.00
1,73,50,0,0.14,-1.00
1,74,50,0,0.20,-1.00
1,75,50,0,0.12,-1.00
1,76,50,0,0.06,-1.00
1,77,50,0,0.04,-1.00
1,78,50,0,0.02,-1.00
1,79,50,0,0.08,-1.00
1,80,50,0,0.18,-1.00
1,81,50,0,0.18,-1.00
1,82,50,0,0.24,-1.00
1,83,50,0,0.26,-1.00
1,84,50,0,0.32,-1.00
1,85,50,0,0.28,-1.00
1,86,50,0,0.26,-1.00
1,87,50,0,0.22,-1.00
1,88,50,0,0.26,-1.00
1,89,50,0,0.30,-1.00
1,90,50,0,0.24,-1.00
1,91,50,0,0.16,-1.00
1,92,50,0,0.18,-1.00
1,93,50,0,0.14,-1.00
1,94,50,0,0.08,-1.00
1,95,50,0,0.20,-1.00
1,96,50,0,0.24,-1.00
1,97,50,0,0.18,-1.00
1,98,50,0,0.18,-1.00
1,99,50,0,0.16,-1.00
1,100,50,0,0.16,-1.00
1,101,50,0,0.10,-1.00
1,102,50,0,0.12,-1.00
1,103,50,0,0.08,-1.00
1,104,50,0,0.14,-1.00
1,105,50,0,0.20,-1.00
1,106,50,0,0.18,-1.00
1,107,50,0,0.26,-1.00
1,108,50,0,0.28,-1.00
1,109,50,0,0.34,-1.00
1,110,50,0,0.20,-1.00
1,111,50,0,0.20,-1.00
1,112,50,0,0.24,-1.00
1,113,50,0,0.16,-1.00
1,114,50,0,0.12,-1.00
1,115,50,0,0.12,-1.00
1,116,50,0,0.08,-1.00
1,117,50,0,0.04,-1.00
1,118,50,0,0.02,-1.00
1,119,50,0,0.04,-1.00
1,120,50,0,0.00,-1.00
1,121,50,0,0.04,-1.00
1,122,50,0,0.00,-1.00
1,123,50,0,0.00,-1.00
1,124,50,0,0.00,-1.00
1,125,50,0,0.00,-1.00
1,126,50,0,0.00,-1.00
1,127,50,0,0.00,-1.00
1,128,50,0,0.00,-1.00
1,129,50,0,0.00,-1.00
1,130,50,0,0.06,-1.00
1,131,50,0,0.14,-1.00
1,132,50,0,0.16,-1.00
1,133,50,0,0.22,-1.00
1,134,50,0,0.20,-1.00
1,135,50,0,0.10,-1.00
1,136,50,0,0.10,-1.00
1,137,50,0,0.04,-1.00
1,138,50,0,0.00,-1.00
1,139,50,0,0.00,-1.00
1,140,50,0,0.00,-1.00
1,141,50,0,0.00,-1.00
1,142,50,0,0.00,-1.00
1,143,50,0,0.00,-1.00
1,144,50,0,0.00,-1.00
1,145,50,0,0.00,-1.00
1,146,50,0,0.00,-1.00
1,147,50,0,0.00,-1.00
1,148,50,0,0.00,-1.00
1,149,50,0,0.00,-1.00
1,150,50,0,0.00,-1.00
1,151,50,0,0.08,-1.00
1,152,50,0,0.00,-1.00
1,153,50,0,0.00,-1.00
1,154,50,0,0.00,-1.00
1,155,50,0,0.00,-1.00
1,156,50,0,0.00,-1.00
1,157,50,0,0.00,-1.00
1,158,50,0,0.00,-1.00
1,159,50,0,0.00,-1.00
1,160,50,0,0.00,-1.00
1,161,50,0,0.06,-1.00
1,162,50,0,0.02,-1.00
1,163,50,0,0.08,-1.00
1,164,50,0,0.10,-1.00
1,165,50,0,0.22,-1.00
1,166,50,0,0.18,-1.00
1,167,50,0,0.24,-1.00
1,168,50,0,0.18,-1.00
1,169,50,0,0.24,-1.00
1,170,50,0,0.16,-1.00
1,171,50,0,0.14,-1.00
1,172,50,0,0.14,-1.00
1,173,50,0,0.22,-1.00
1,174,50,0,0.26,-1.00
1,175,50,0,0.22,-1.00
1,176,50,0,0.16,-1.00
1,177,50,0,0.20,-1.00
1,178,50,0,0.22,-1.00
1,179,50,0,0.18,-1.00
1,180,50,0,0.22,-1.00
1,181,50,0,0.18,-1.00
1,182,50,0,0.10,-1.00
1,183,50,0,0.04,-1.00
1,184,50,0,0.04,-1.00
1,185,50,0,0.04,-1.00
1,186,50,0,0.04,-1.00
1,187,50,0,0.06,-1.00
1,188,50,0,0.10,-1.00
1,189,50,0,0.08,-1.00
1,190,50,0,0.06,-1.00
1,191,50,0,0.08,-1.00
1,192,50,0,0.10,-1.00
1,193,50,0,0.08,-1.00
1,194,50,0,0.08,-1.00
1,195,50,0,0.12,-1.00
1,196,50,0,0.12,-1.00
1,197,50,0,0.08,-1.00
1,198,50,0,0.08,-1.00
1,199,50,0,0.08,-1.00
1,200,50,0,0.08,-1.00
1,201,50,0,0.06,-1.00
1,202,50,0,0.10,-1.00
1,203,50,0,0.08,-1.00
1,204,50,0,0.10,-1.00
1,205,50,0,0.04,-1.00
1,206,50,0,0.06,-1.00
1,207,50,0,0.08,-1.00
1,208,50,0,0.08,-1.00
1,209,50,0,0.14,-1.00
1,210,50,0,0.16,-1.00
1,211,50,0,0.10,-1.00
1,212,50,0,0.04,-1.00
1,213,50,0,0.04,-1.00
1,214,50,0,0.02,-1.00
1,215,50,0,0.00,-1.00
1,216,50,0,0.00,-1.00
1,217,50,0,0.00,-1.00
1,218,50,0,0.04,-1.00
1,219,50,0,0.04,-1.00
1,220,50,0,0.04,-1.00
1,221,50,0,0.02,-1.00
1,222,50,0,0.00,-1.00
1,223,50,0,0.00,-1.00
1,224,50,0,0.00,-1.00
1,225,50,0,0.02,-1.00
1,226,50,0,0.02,-1.00
1,227,50,0,0.02,-1.00
1,228,50,0,0.00,-1.00
1,229,50,0,0.00,-1.00
1,230,50,0,0.00,-1.00
1,231,50,0,0.00,-1.00
1,232,50,0,0.00,-1.00
1,233,50,0,0.04,-1.00
1,234,50,0,0.02,-1.00
1,235,50,0,0.02,-1.00
1,236,50,0,0.00,-1.00
1,237,50,0,0.00,-1.00
1,238,50,0,0.00,-1.00
1,239,50,0,0.00,-1.00
1,240,50,0,0.08,-1.00
1,241,50,0,0.06,-1.00
1,242,50,0,0.04,-1.00
1,243,50,0,0.06,-1.00
1,244,50,0,0.08,-1.00
1,245,50,0,0.06,-1.00
1,246,50,0,0.02,-1.00
1,247,50,0,0.02,-1.00
1,248,50,0,0.08,-1.00
1,249,50,0,0.10,-1.00
1,250,50,0,0.10,-1.00
1,251,50,0,0.10,-1.00
1,252,50,0,0.12,-1.00
1,253,50,0,0.04,-1.00
1,254,50,0,0.06,-1.00
1,255,50,0,0.02,-1.00
1,256,50,0,0.06,-1.00
1,257,50,0,0.02,-1.00
1,258,50,0,0.04,-1.00
1,259,50,0,0.10,-1.00
1,260,50,0,0.04,-1.00
1,261,50,0,0.06,-1.00
1,262,50,0,0.06,-1.00
1,263,50,0,0.02,-1.00
1,264,50,0,0.00,-1.00
1,265,50,0,0.00,-1.00
1,266,50,0,0.00,-1.00
1,267,50,0,0.00,-1.00
1,268,50,0,0.00,-1.00
1,269,50,0,0.00,-1.00
1,270,50,0,0.02,-1.00
1,271,50,0,0.04,-1.00
1,272,50,0,0.06,-1.00
1,273,50,0,0.00,-1.00
1,274,50,0,0.00,-1.00
1,275,50,0,0.00,-1.00
1,276,50,0,0.00,-1.00
1,277,50,0,0.00,-1.00
1,278,50,0,0.00,-1.00
1,279,50,0,0.02,-1.00
1,280,50,0,0.04,-1.00
1,281,50,0,0.04,-1.00
1,282,50,0,0.02,-1.00
1,283,50,0,0.06,-1.00
1,284,50,0,0.02,-1.00
1,285,50,0,0.04,-1.00
1,286,50,0,0.06,-1.00
1,287,50,0,0.02,-1.00
1,288,50,0,0.04,-1.00
1,289,50,0,0.02,-1.00
1,290,50,0,0.12,-1.00
1,291,50,0,0.16,-1.00
1,292,50,0,0.00,-1.00
1,293,50,0,0.00,-1.00
1,294,50,0,0.00,-1.00
1,295,50,0,0.00,-1.00
1,296,50,0,0.02,-1.00
1,297,50,0,0.00,-1.00
1,298,50,0,0.00,-1.00
1,299,50,0,0.00,-1.00
1,300,50,0,0.00,-1.00
1,301,50,0,0.00,-1.00
1,302,50,0,0.00,-1.00
1,303,50,0,0.00,-1.00
1,304,50,0,0.00,-1.00
1,305,50,0,0.00,-1.00
1,306,50,0,0.02,-1.00
1,307,50,0,0.02,-1.00
1,308,50,0,0.02,-1.00
1,309,50,0,0.04,-1.00
1,310,50,0,0.04,-1.00
1,311,50,0,0.02,-1.00
1,312,50,0,0.00,-1.00
1,313,50,0,0.00,-1.00
1,314,50,0,0.08,-1.00
1,315,50,0,0.06,-1.00
1,316,50,0,0.04,-1.00
1,317,50,0,0.04,-1.00
1,318,50,0,0.04,-1.00
1,319,50,0,0.08,-1.00
1,320,50,0,0.12,-1.00
1,321,50,0,0.14,-1.00
1,322,50,0,0.20,-1.00
1,323,50,0,0.14,-1.00
1,324,50,0,0.04,-1.00
1,325,50,0,0.08,-1.00
1,326,50,0,0.10,-1.00
1,327,50,0,0.10,-1.00
1,328,50,0,0.12,-1.00
1,329,50,0,0.08,-1.00
1,330,50,0,0.08,-1.00
1,331,50,0,0.12,-1.00
1,332,50,0,0.08,-1.00
1,333,50,0,0.08,-1.00
1,334,50,0,0.04,-1.00
1,335,50,0,0.02,-1.00
1,336,50,0,0.04,-1.00
1,337,50,0,0.10,-1.00
1,338,50,0,0.20,-1.00
1,339,50,0,0.22,-1.00
1,340,50,0,0.20,-1.00
1,341,50,0,0.22,-1.00
1,342,50,0,0.16,-1.00
1,343,50,0,0.14,-1.00
1,344,50,0,0.20,-1.00
1,345,50,0,0.20,-1.00
1,346,50,0,0.20,-1.00
1,347,50,0,0.10,-1.00
1,348,50,0,0.14,-1.00
1,349,50,0,0.16,-1.00
1,350,50,0,0.22,-1.00
1,351,50,0,0.12,-1.00
1,352,50,0,0.10,-1.00
1,353,50,0,0.10,-1.00
1,354,50,0,0.04,-1.00
1,355,50,0,0.04,-1.00
1,356,50,0,0.06,-1.00
1,357,50,0,0.04,-1.00
1,358,50,0,0.04,-1.00
1,359,50,0,0.06,-1.00
1,360,50,0,0.12,-1.00
1,361,50,0,0.06,-1.00
1,362,50,0,0.06,-1.00
1,363,50,0,0.10,-1.00
1,364,50,0,0.06,-1.00
1,365,50,0,0.10,-1.00
1,366,50,0,0.12,-1.00
1,367,50,0,0.18,-1.00
1,368,50,0,0.26,-1.00
1,369,50,0,0.20,-1.00
1,370,50,0,0.20,-1.00
1,371,50,0,0.22,-1.00
1,372,50,0,0.12,-1.00
1,373,50,0,0.08,-1.00
1,374,50,0,0.04,-1.00
1,375,50,0,0.10,-1.00
1,376,50,0,0.06,-1.00
1,377,50,0,0.04,-1.00
1,378,50,0,0.02,-1.00
1,379,50,0,0.00,-1.00
1,380,50,0,0.00,-1.00
1,381,50,0,0.00,-1.00
1,382,50,0,0.02,-1.00
1,383,50,0,0.02,-1.00
1,384,50,0,0.00,-1.00
1,385,50,0,0.00,-1.00
1,386,50,0,0.00,-1.00
1,387,50,0,0.00,-1.00
1,388,50,0,0.00,-1.00
1,389,50,0,0.00,-1.00
1,390,50,0,0.00,-1.00
1,391,50,0,0.00,-1.00
1,392,50,0,0.02,-1.00
1,393,50,0,0.06,-1.00
1,394,50,0,0.08,-1.00
1,395,50,0,0.04,-1.00
1,396,50,0,0.02,-1.00
1,397,50,0,0.00,-1.00
1,398,50,0,0.02,-1.00
1,399,50,0,0.06,-1.00
1,400,50,0,0.06,-1.00
1,401,50,0,0.00,-1.00
1,402,50,0,0.00,-1.00
1,403,50,0,0.00,-1.00
1,404,50,0,0.00,-1.00
1,405,50,0,0.02,-1.00
1,406,50,0,0.08,-1.00
1,407,50,0,0.06,-1.00
1,408,50,0,0.06,-1.00
1,409,50,0,0.02,-1.00
1,410,50,0,0.00,-1.00
1,411,50,0,0.02,-1.00
1,412,50,0,0.02,-1.00
1,413,50,0,0.04,-1.00
1,414,50,0,0.02,-1.00
1,415,50,0,0.02,-1.00
1,416,50,0,0.00,-1.00
1,417,50,0,0.00,-1.00
1,418,50,0,0.04,-1.00
1,419,50,0,0.00,-1.00
1,420,50,0,0.00,-1.00
1,421,50,0,0.00,-1.00
1,422,50,0,0.00,-1.00
1,423,50,0,0.00,-1.00
1,424,50,0,0.00,-1.00
1,425,50,0,0.02,-1.00
1,426,50,0,0.00,-1.00
1,427,50,0,0.02,-1.00
1,428,50,0,0.02,-1.00
1,429,50,0,0.00,-1.00
1,430,50,0,0.00,-1.00
1,431,50,0,0.00,-1.00
1,432,50,0,0.00,-1.00
1,433,50,0,0.00,-1.00
1,434,50,0,0.04,-1.00
1,435,50,0,0.06,-1.00
1,436,50,0,0.04,-1.00
1,437,50,0,0.02,-1.00
1,438,50,0,0.06,-1.00
1,439,50,0,0.06,-1.00
1,440,50,0,0.00,-1.00
1,441,50,0,0.00,-1.00
1,442,50,0,0.02,-1.00
1,443,50,0,0.02,-1.00
1,444,50,0,0.00,-1.00
1,445,50,0,0.06,-1.00
1,446,50,0,0.00,-1.00
1,447,50,0,0.02,-1.00
1,448,50,0,0.04,-1.00
1,449,50,0,0.02,-1.00
1,450,50,0,0.04,-1.00
1,451,50,0,0.02,-1.00
1,452,50,0,0.00,-1.00
1,453,50,0,0.08,-1.00
1,454,50,0,0.12,-1.00
1,455,50,0,0.14,-1.00
1,456,50,0,0.08,-1.00
1,457,50,0,0.14,-1.00
1,458,50,0,0.14,-1.00
1,459,50,0,0.14,-1.00
1,460,50,0,0.12,-1.00
1,461,50,0,0.16,-1.00
1,462,50,0,0.18,-1.00
1,463,50,0,0.34,-1.00
1,464,50,0,0.46,-1.00
1,465,50,0,0.70,-1.00
1,466,50,0,0.68,-1.00
1,467,50,0,0.84,-1.00
1,468,50,0,0.64,-1.00
1,469,50,0,0.80,-1.00
1,470,50,0,0.78,-1.00
1,471,50,0,0.70,-1.00
1,472,50,0,0.54,-1.00
1,473,50,0,0.46,-1.00
1,474,50,0,0.48,-1.00
1,475,50,0,0.44,-1.00
1,476,50,0,0.34,-1.00
1,477,50,0,0.26,-1.00
1,478,50,0,0.34,-1.00
1,479,50,0,0.46,-1.00
1,480,50,0,0.32,-1.00
1,481,50,0,0.20,-1.00
1,482,50,0,0.24,-1.00
1,483,50,0,0.22,-1.00
1,484,50,0,0.14,-1.00
1,485,50,0,0.12,-1.00
1,486,50,0,0.12,-1.00
1,487,50,0,0.08,-1.00
1,488,50,0,0.10,-1.00
1,489,50,0,0.10,-1.00
1,490,50,0,0.10,-1.00
1,491,50,0,0.10,-1.00
1,492,50,0,0.08,-1.00
1,493,50,0,0.04,-1.00
1,494,50,0,0.14,-1.00
1,495,50,0,0.14,-1.00
1,496,50,0,0.18,-1.00
1,497,50,0,0.22,-1.00
1,498,50,0,0.16,-1.00
1,499,50,0,0.12,-1.00
1,500,50,0,0.10,-1.00
2,1,50,0,0.00,-1.00
2,2,50,0,0.06,-1.00
2,3,50,0,0.12,-1.00
2,4,50,0,0.16,-1.00
2,5,50,0,0.14,-1.00
2,6,50,0,0.16,-1.00
2,7,50,0,0.20,-1.00
2,8,50,0,0.18,-1.00
2,9,50,0,0.14,-1.00
2,10,50,0,0.18,-1.00
2,11,50,0,0.06,-1.00
2,12,50,0,0.06,-1.00
2,13,50,0,0.20,-1.00
2,14,50,0,0.14,-1.00
2,15,50,0,0.14,-1.00
2,16,50,0,0.18,-1.00
2,17,50,0,0.00,-1.00
2,18,50,0,0.00,-1.00
2,19,50,0,0.00,-1.00
2,20,50,0,0.00,-1.00
2,21,50,0,0.00,-1.00
2,22,50,0,0.00,-1.00
2,23,50,0,0.08,-1.00
2,24,50,0,0.04,-1.00
2,25,50,0,0.02,-1.00
2,26,50,0,0.02,-1.00
2,27,50,0,0.02,-1.00
2,28,50,0,0.00,-1.00
2,29,50,0,0.00,-1.00
2,30,50,0,0.00,-1.00
2,31,50,0,0.00,-1.00
2,32,50,0,0.02,-1.00
2,33,50,0,0.10,-1.00
2,34,50,0,0.16,-1.00
2,35,50,0,0.06,-1.00
2,36,50,0,0.10,-1.00
2,37,50,0,0.04,-1.00
2,38,50,0,0.04,-1.00
2,39,50,0,0.06,-1.00
2,40,50,0,0.06,-1.00
2,41,50,0,0.00,-1.00
2,42,50,0,0.00,-1.00
2,43,50,0,0.00,-1.00
2,44,50,0,0.00,-1.00
2,45,50,0,0.02,-1.00
2,46,50,0,0.04,-1.00
2,47,50,0,0.02,-1.00
2,48,50,0,0.00,-1.00
2,49,50,0,0.00,-1.00
2,50,50,0,0.02,-1.00
2,51,50,0,0.00,-1.00
2,52,50,0,0.00,-1.00
2,53,50,0,0.00,-1.00
2,54,50,0,0.00,-1.00
2,55,50,0,0.00,-1.00
2,56,50,0,0.00,-1.00
2,57,50,0,0.00,-1.00
2,58,50,0,0.02,-1.00
2,59,50,0,0.00,-1.00
2,60,50,0,0.00,-1.00
2,61,50,0,0.00,-1.00
2,62,50,0,0.00,-1.00
2,63,50,0,0.00,-1.00
2,64,50,0,0.04,-1.00
2,65,50,0,0.06,-1.00
2,66,50,0,0.04,-1.00
2,67,50,0,0.10,-1.00
2,68,50,0,0.14,-1.00
2,69,50,0,0.10,-1.00
2,70,50,0,0.16,-1.00
2,71,50,0,0.12,-1.00
2,72,50,0,0.18,-1.00
2,73,50,0,0.16,-1.00
2,74,50,0,0.20,-1.00
2,75,50,0,0.20,-1.00
2,76,50,0,0.14,-1.00
2,77,50,0,0.10,-1.00
2,78,50,0,0.10,-1.00
2,79,50,0,0.10,-1.00
2,80,50,0,0.04,-1.00
2,81,50,0,0.04,-1.00
2,82,50,0,0.06,-1.00
2,83,50,0,0.08,-1.00
2,84,50,0,0.12,-1.00
2,85,50,0,0.12,-1.00
2,86,50,0,0.14,-1.00
2,87,50,0,0.24,-1.00
2,88,50,0,0.26,-1.00
2,89,50,0,0.26,-1.00
2,90,50,0,0.20,-1.00
2,91,50,0,0.10,-1.00
2,92,50,0,0.08,-1.00
2,93,50,0,0.12,-1.00
2,94,50,0,0.08,-1.00
2,95,50,0,0.16,-1.00
2,96,50,0,0.22,-1.00
2,97,50,0,0.18,-1.00
2,98,50,0,0.14,-1.00
2,99,50,0,0.06,-1.00
2,100,50,0,0.12,-1.00
2,101,50,0,0.10,-1.00
2,102,50,0,0.12,-1.00
2,103,50,0,0.12,-1.00
2,104,50,0,0.12,-1.00
2,105,50,0,0.16,-1.00
2,106,50,0,0.08,-1.00
2,107,50,0,0.06,-1.00
2,108,50,0,0.06,-1.00
2,109,50,0,0.10,-1.00
2,110,50,0,0.02,-1.00
2,111,50,0,0.00,-1.00
2,112,50,0,0.04,-1.00
2,113,50,0,0.02,-1.00
2,114,50,0,0.02,-1.00
2,115,50,0,0.06,-1.00
2,116,50,0,0.02,-1.00
2,117,50,0,0.04,-1.00
2,118,50,0,0.06,-1.00
2,119,50,0,0.06,-1.00
2,120,50,0,0.04,-1.00
2,121,50,0,0.08,-1.00
2,122,50,0,0.06,-1.00
2,123,50,0,0.06,-1.00
2,124,50,0,0.14,-1.00
2,125,50,0,0.12,-1.00
2,126,50,0,0.06,-1.00
2,127,50,0,0.06,-1.00
2,128,50,0,0.02,-1.00
2,129,50,0,0.02,-1.00
2,130,50,0,0.02,-1.00
2,131,50,0,0.00,-1.00
2,132,50,0,0.00,-1.00
2,133,50,0,0.06,-1.00
2,134,50,0,0.10,-1.00
2,135,50,0,0.04,-1.00
2,136,50,0,0.06,-1.00
2,137,50,0,0.06,-1.00
2,138,50,0,0.08,-1.00
2,139,50,0,0.08,-1.00
2,140,50,0,0.16,-1.00
2,141,50,0,0.14,-1.00
2,142,50,0,0.08,-1.00
2,143,50,0,0.10,-1.00
2,144,50,0,0.10,-1.00
2,145,50,0,0.08,-1.00
2,146,50,0,0.16,-1.00
2,147,50,0,0.18,-1.00
2,148,50,0,0.18,-1.00
2,149,50,0,0.22,-1.00
2,150,50,0,0.18,-1.00
2,151,50,0,0.10,-1.00
2,152,50,0,0.10,-1.00
2,153,50,0,0.04,-1.00
2,154,50,0,0.10,-1.00
2,155,50,0,0.04,-1.00
2,156,50,0,0.02,-1.00
2,157,50,0,0.04,-1.00
2,158,50,0,0.02,-1.00
2,159,50,0,0.04,-1.00
2,160,50,0,0.04,-1.00
2,161,50,0,0.04,-1.00
2,162,50,0,0.10,-1.00
2,163,50,0,0.04,-1.00
2,164,50,0,0.04,-1.00
2,165,50,0,0.08,-1.00
2,166,50,0,0.08,-1.00
2,167,50,0,0.16,-1.00
2,168,50,0,0.22,-1.00
2,169,50,0,0.22,-1.00
2,170,50,0,0.16,-1.00
2,171,50,0,0.12,-1.00
2,172,50,0,0.12,-1.00
2,173,50,0,0.12,-1.00
2,174,50,0,0.14,-1.00
2,175,50,0,0.24,-1.00
2,176,50,0,0.22,-1.00
2,177,50,0,0.16,-1.00
2,178,50,0,0.18,-1.00
2,179,50,0,0.20,-1.00
2,180,50,0,0.22,-1.00
2,181,50,0,0.16,-1.00
2,182,50,0,0.12,-1.00
2,183,50,0,0.04,-1.00
2,184,50,0,0.04,-1.00
2,185,50,0,0.16,-1.00
2,186,50,0,0.16,-1.00
2,187,50,0,0.20,-1.00
2,188,50,0,0.10,-1.00
2,189,50,0,0.16,-1.00
2,190,50,0,0.18,-1.00
2,191,50,0,0.20,-1.00
2,192,50,0,0.24,-1.00
2,193,50,0,0.26,-1.00
2,194,50,0,0.28,-1.00
2,195,50,0,0.30,-1.00
2,196,50,0,0.24,-1.00
2,197,50,0,0.14,-1.00
2,198,50,0,0.14,-1.00
2,199,50,0,0.16,-1.00
2,200,50,0,0.12,-1.00
2,201,50,0,0.12,-1.00
2,202,50,0,0.10,-1.00
2,203,50,0,0.04,-1.00
2,204,50,0,0.08,-1.00
2,205,50,0,0.08,-1.00
2,206,50,0,0.10,-1.00
2,207,50,0,0.14,-1.00
2,208,50,0,0.06,-1.00
2,209,50,0,0.12,-1.00
2,210,50,0,0.04,-1.00
2,211,50,0,0.04,-1.00
2,212,50,0,0.12,-1.00
2,213,50,0,0.14,-1.00
2,214,50,0,0.16,-1.00
2,215,50,0,0.20,-1.00
2,216,50,0,0.30,-1.00
2,217,50,0,0.34,-1.00
2,218,50,0,0.38,-1.00
2,219,50,0,0.24,-1.00
2,220,50,0,0.18,-1.00
2,221,50,0,0.10,-1.00
2,222,50,0,0.14,-1.00
2,223,50,0,0.24,-1.00
2,224,50,0,0.26,-1.00
2,225,50,0,0.26,-1.00
2,226,50,0,0.30,-1.00
2,227,50,0,0.24,-1.00
2,228,50,0,0.26,-1.00
2,229,50,0,0.18,-1.00
2,230,50,0,0.20,-1.00
2,231,50,0,0.20,-1.00
2,232,50,0,0.16,-1.00
2,233,50,0,0.14,-1.00
2,234,50,0,0.16,-1.00
2,235,50,0,0.12,-1.00
2,236,50,0,0.16,-1.00
2,237,50,0,0.16,-1.00
2,238,50,0,0.18,-1.00
2,239,50,0,0.12,-1.00
2,240,50,0,0.08,-1.00
2,241,50,0,0.08,-1.00
2,242,50,0,0.10,-1.00
2,243,50,0,0.08,-1.00
2,244,50,0,0.10,-1.00
2,245,50,0,0.08,-1.00
2,246,50,0,0.08,-1.00
2,247,50,0,0.08,-1.00
2,248,50,0,0.04,-1.00
2,249,50,0,0.08,-1.00
2,250,50,0,0.04,-1.00
2,251,50,0,0.02,-1.00
2,252,50,0,0.02,-1.00
2,253,50,0,0.00,-1.00
2,254,50,0,0.00,-1.00
2,255,50,0,0.00,-1.00
2,256,50,0,0.02,-1.00
2,257,50,0,0.02,-1.00
2,258,50,0,0.00,-1.00
2,259,50,0,0.02,-1.00
2,260,50,0,0.00,-1.00
2,261,50,0,0.00,-1.00
2,262,50,0,0.02,-1.00
2,263,50,0,0.10,-1.00
2,264,50,0,0.06,-1.00
2,265,50,0,0.10,-1.00
2,266,50,0,0.10,-1.00
2,267,50,0,0.14,-1.00
2,268,50,0,0.12,-1.00
2,269,50,0,0.04,-1.00
2,270,50,0,0.04,-1.00
2,271,50,0,0.04,-1.00
2,272,50,0,0.04,-1.00
2,273,50,0,0.06,-1.00
2,274,50,0,0.06,-1.00
2,275,50,0,0.02,-1.00
2,276,50,0,0.00,-1.00
2,277,50,0,0.02,-1.00
2,278,50,0,0.04,-1.00
2,279,50,0,0.04,-1.00
2,280,50,0,0.04,-1.00
2,281,50,0,0.04,-1.00
2,282,50,0,0.06,-1.00
2,283,50,0,0.18,-1.00
2,284,50,0,0.12,-1.00
2,285,50,0,0.06,-1.00
2,286,50,0,0.14,-1.00
2,287,50,0,0.18,-1.00
2,288,50,0,0.20,-1.00
2,289,50,0,0.24,-1.00
2,290,50,0,0.18,-1.00
2,291,50,0,0.16,-1.00
2,292,50,0,0.18,-1.00
2,293,50,0,0.16,-1.00
2,294,50,0,0.08,-1.00
2,295,50,0,0.10,-1.00
2,296,50,0,0.18,-1.00
2,297,50,0,0.06,-1.00
2,298,50,0,0.00,-1.00
2,299,50,0,0.02,-1.00
2,300,50,0,0.02,-1.00
2,301,50,0,0.00,-1.00
2,302,50,0,0.00,-1.00
2,303,50,0,0.00,-1.00
2,304,50,0,0.00,-1.00
2,305,50,0,0.00,-1.00
2,306,50,0,0.00,-1.00
2,307,50,0,0.00,-1.00
2,308,50,0,0.00,-1.00
2,309,50,0,0.02,-1.00
2,310,50,0,0.02,-1.00
2,311,50,0,0.00,-1.00
2,312,50,0,0.02,-1.00
2,313,50,0,0.02,-1.00
2,314,50,0,0.02,-1.00
2,315,50,0,0.00,-1.00
2,316,50,0,0.00,-1.00
2,317,50,0,0.00,-1.00
2,318,50,0,0.02,-1.00
2,319,50,0,0.00,-1.00
2,320,50,0,0.10,-1.00
2,321,50,0,0.06,-1.00
2,322,50,0,0.06,-1.00
2,323,50,0,0.06,-1.00
2,324,50,0,0.10,-1.00
2,325,50,0,0.08,-1.00
2,326,50,0,0.12,-1.00
2,327,50,0,0.14,-1.00
2,328,50,0,0.12,-1.00
2,329,50,0,0.26,-1.00
2,330,50,0,0.32,-1.00
2,331,50,0,0.30,-1.00
2,332,50,0,0.30,-1.00
2,333,50,0,0.28,-1.00
2,334,50,0,0.20,-1.00
2,335,50,0,0.18,-1.00
2,336,50,0,0.06,-1.00
2,337,50,0,0.04,-1.00
2,338,50,0,0.08,-1.00
2,339,50,0,0.08,-1.00
2,340,50,0,0.06,-1.00
2,341,50,0,0.12,-1.00
2,342,50,0,0.10,-1.00
2,343,50,0,0.10,-1.00
2,344,50,0,0.02,-1.00
2,345,50,0,0.04,-1.00
2,346,50,0,0.00,-1.00
2,347,50,0,0.00,-1.00
2,348,50,0,0.00,-1.00
2,349,50,0,0.00,-1.00
2,350,50,0,0.00,-1.00
2,351,50,0,0.00,-1.00
2,352,50,0,0.00,-1.00
2,353,50,0,0.00,-1.00
2,354,50,0,0.00,-1.00
2,355,50,0,0.00,-1.00
2,356,50,0,0.02,-1.00
2,357,50,0,0.06,-1.00
2,358,50,0,0.00,-1.00
2,359,50,0,0.00,-1.00
2,360,50,0,0.00,-1.00
2,361,50,0,0.04,-1.00
2,362,50,0,0.02,-1.00
2,363,50,0,0.02,-1.00
2,364,50,0,0.00,-1.00
2,365,50,0,0.00,-1.00
2,366,50,0,0.00,-1.00
2,367,50,0,0.00,-1.00
2,368,50,0,0.00,-1.00
2,369,50,0,0.00,-1.00
2,370,50,0,0.00,-1.00
2,371,50,0,0.00,-1.00
2,372,50,0,0.00,-1.00
2,373,50,0,0.00,-1.00
2,374,50,0,0.00,-1.00
2,375,50,0,0.00,-1.00
2,376,50,0,0.02,-1.00
2,377,50,0,0.04,-1.00
2,378,50,0,0.04,-1.00
2,379,50,0,0.08,-1.00
2,380,50,0,0.12,-1.00
2,381,50,0,0.10,-1.00
2,382,50,0,0.16,-1.00
2,383,50,0,0.08,-1.00
2,384,50,0,0.08,-1.00
2,385,50,0,0.12,-1.00
2,386,50,0,0.10,-1.00
2,387,50,0,0.08,-1.00
2,388,50,0,0.08,-1.00
2,389,50,0,0.12,-1.00
2,390,50,0,0.10,-1.00
2,391,50,0,0.06,-1.00
2,392,50,0,0.06,-1.00
2,393,50,0,0.12,-1.00
2,394,50,0,0.06,-1.00
2,395,50,0,0.12,-1.00
2,396,50,0,0.04,-1.00
2,397,50,0,0.00,-1.00
2,398,50,0,0.04,-1.00
2,399,50,0,0.14,-1.00
2,400,50,0,0.22,-1.00
2,401,50,0,0.26,-1.00
2,402,50,0,0.18,-1.00
2,403,50,0,0.18,-1.00
2,404,50,0,0.20,-1.00
2,405,50,0,0.12,-1.00
2,406,50,0,0.14,-1.00
2,407,50,0,0.20,-1.00
2,408,50,0,0.20,-1.00
2,409,50,0,0.24,-1.00
2,410,50,0,0.18,-1.00
2,411,50,0,0.16,-1.00
2,412,50,0,0.12,-1.00
2,413,50,0,0.12,-1.00
2,414,50,0,0.22,-1.00
2,415,50,0,0.18,-1.00
2,416,50,0,0.08,-1.00
2,417,50,0,0.16,-1.00
2,418,50,0,0.12,-1.00
2,419,50,0,0.14,-1.00
2,420,50,0,0.20,-1.00
2,421,50,0,0.20,-1.00
2,422,50,0,0.22,-1.00
2,423,50,0,0.16,-1.00
2,424,50,0,0.26,-1.00
2,425,50,0,0.36,-1.00
2,426,50,0,0.34,-1.00
2,427,50,0,0.22,-1.00
2,428,50,0,0.24,-1.00
2,429,50,0,0.20,-1.00
2,430,50,0,0.18,-1.00
2,431,50,0,0.08,-1.00
2,432,50,0,0.06,-1.00
2,433,50,0,0.06,-1.00
2,434,50,0,0.08,-1.00
2,435,50,0,0.10,-1.00
2,436,50,0,0.12,-1.00
2,437,50,0,0.06,-1.00
2,438,50,0,0.06,-1.00
2,439,50,0,0.04,-1.00
2,440,50,0,0.14,-1.00
2,441,50,0,0.12,-1.00
2,442,50,0,0.04,-1.00
2,443,50,0,0.02,-1.00
2,444,50,0,0.04,-1.00
2,445,50,0,0.06,-1.00
2,446,50,0,0.04,-1.00
2,447,50,0,0.02,-1.00
2,448,50,0,0.00,-1.00
2,449,50,0,0.00,-1.00
2,450,50,0,0.00,-1.00
2,451,50,0,0.02,-1.00
2,452,50,0,0.02,-1.00
2,453,50,0,0.04,-1.00
2,454,50,0,0.06,-1.00
2,455,50,0,0.06,-1.00
2,456,50,0,0.06,-1.00
2,457,50,0,0.08,-1.00
2,458,50,0,0.10,-1.00
2,459,50,0,0.08,-1.00
2,460,50,0,0.10,-1.00
2,461,50,0,0.08,-1.00
2,462,50,0,0.02,-1.00
2,463,50,0,0.00,-1.00
2,464,50,0,0.00,-1.00
2,465,50,0,0.08,-1.00
2,466,50,0,0.16,-1.00
2,467,50,0,0.18,-1.00
2,468,50,0,0.14,-1.00
2,469,50,0,0.14,-1.00
2,470,50,0,0.08,-1.00
2,471,50,0,0.02,-1.00
2,472,50,0,0.06,-1.00
2,473,50,0,0.04,-1.00
2,474,50,0,0.08,-1.00
2,475,50,0,0.08,-1.00
2,476,50,0,0.02,-1.00
2,477,50,0,0.00,-1.00
2,478,50,0,0.06,-1.00
2,479,50,0,0.04,-1.00
2,480,50,0,0.02,-1.00
2,481,50,0,0.02,-1.00
2,482,50,0,0.08,-1.00
2,483,50,0,0.04,-1.00
2,484,50,0,0.06,-1.00
2,485,50,0,0.00,-1.00
2,486,50,0,0.02,-1.00
2,487,50,0,0.02,-1.00
2,488,50,0,0.02,-1.00
2,489,50,0,0.02,-1.00
2,490,50,0,0.00,-1.00
2,491,50,0,0.02,-1.00
2,492,50,0,0.06,-1.00
2,493,50,0,0.00,-1.00
2,494,50,0,0.00,-1.00
2,495,50,0,0.00,-1.00
2,496,50,0,0.00,-1.00
2,497,50,0,0.00,-1.00
2,498,50,0,0.00,-1.00
2,499,50,0,0.04,-1.00
2,500,50,0,0.04,-1.00
3,1,50,0,0.00,-1.00
3,2,50,0,0.00,-1.00
3,3,50,0,0.00,-1.00
3,4,50,0,0.00,-1.00
3,5,50,0,0.00,-1.00
3,6,50,0,0.00,-1.00
3,7,50,0,0.00,-1.00
3,8,50,0,0.00,-1.00
3,9,50,0,0.00,-1.00
3,10,50,0,0.00,-1.00
3,11,50,0,0.00,-1.00
3,12,50,0,0.00,-1.00
3,13,50,0,0.06,-1.00
3,14,50,0,0.08,-1.00
3,15,50,0,0.18,-1.00
3,16,50,0,0.18,-1.00
3,17,50,0,0.16,-1.00
3,18,50,0,0.12,-1.00
3,19,50,0,0.08,-1.00
3,20,50,0,0.06,-1.00
3,21,50,0,0.10,-1.00
3,22,50,0,0.08,-1.00
3,23,50,0,0.12,-1.00
3,24,50,0,0.06,-1.00
3,25,50,0,0.02,-1.00
3,26,50,0,0.04,-1.00
3,27,50,0,0.08,-1.00
3,28,50,0,0.04,-1.00
3,29,50,0,0.04,-1.00
3,30,50,0,0.04,-1.00
3,31,50,0,0.06,-1.00
3,32,50,0,0.04,-1.00
3,33,50,0,0.04,-1.00
3,34,50,0,0.06,-1.00
3,35,50,0,0.12,-1.00
3,36,50,0,0.18,-1.00
3,37,50,0,0.14,-1.00
3,38,50,0,0.18,-1.00
3,39,50,0,0.18,-1.00
3,40,50,0,0.18,-1.00
3,41,50,0,0.14,-1.00
3,42,50,0,0.14,-1.00
3,43,50,0,0.16,-1.00
3,44,50,0,0.24,-1.00
3,45,50,0,0.22,-1.00
3,46,50,0,0.22,-1.00
3,47,50,0,0.20,-1.00
3,48,50,0,0.14,-1.00
3,49,50,0,0.18,-1.00
3,50,50,0,0.10,-1.00
3,51,50,0,0.04,-1.00
3,52,50,0,0.02,-1.00
3,53,50,0,0.02,-1.00
3,54,50,0,0.04,-1.00
3,55,50,0,0.06,-1.00
3,56,50,0,0.00,-1.00
3,57,50,0,0.02,-1.00
3,58,50,0,0.02,-1.00
3,59,50,0,0.06,-1.00
3,60,50,0,0.06,-1.00
3,61,50,0,0.00,-1.00
3,62,50,0,0.00,-1.00
3,63,50,0,0.00,-1.00
3,64,50,0,0.00,-1.00
3,65,50,0,0.00,-1.00
3,66,50,0,0.00,-1.00
3,67,50,0,0.02,-1.00
3,68,50,0,0.02,-1.00
3,69,50,0,0.06,-1.00
3,70,50,0,0.04,-1.00
3,71,50,0,0.00,-1.00
3,72,50,0,0.00,-1.00
3,73,50,0,0.02,-1.00
3,74,50,0,0.00,-1.00
3,75,50,0,0.00,-1.00
3,76,50,0,0.00,-1.00
3,77,50,0,0.00,-1.00
3,78,50,0,0.04,-1.00
3,79,50,0,0.06,-1.00
3,80,50,0,0.10,-1.00
3,81,50,0,0.10,-1.00
3,82,50,0,0.08,-1.00
3,83,50,0,0.04,-1.00
3,84,50,0,0.06,-1.00
3,85,50,0,0.08,-1.00
3,86,50,0,0.14,-1.00
3,87,50,0,0.18,-1.00
3,88,50,0,0.18,-1.00
3,89,50,0,0.12,-1.00
3,90,50,0,0.10,-1.00
3,91,50,0,0.10,-1.00
3,92,50,0,0.08,-1.00
3,93,50,0,0.10,-1.00
3,94,50,0,0.10,-1.00
3,95,50,0,0.06,-1.00
3,96,50,0,0.04,-1.00
3,97,50,0,0.04,-1.00
3,98,50,0,0.02,-1.00
3,99,50,0,0.02,-1.00
3,100,50,0,0.08,-1.00
3,101,50,0,0.04,-1.00
3,102,50,0,0.04,-1.00
3,103,50,0,0.06,-1.00
3,104,50,0,0.04,-1.00
3,105,50,0,0.10,-1.00
3,106,50,0,0.08,-1.00
3,107,50,0,0.06,-1.00
3,108,50,0,0.06,-1.00
3,109,50,0,0.02,-1.00
3,110,50,0,0.02,-1.00
3,111,50,0,0.04,-1.00
3,112,50,0,0.16,-1.00
3,113,50,0,0.20,-1.00
3,114,50,0,0.22,-1.00
3,115,50,0,0.22,-1.00
3,116,50,0,0.26,-1.00
3,117,50,0,0.20,-1.00
3,118,50,0,0.14,-1.00
3,119,50,0,0.24,-1.00
3,120,50,0,0.30,-1.00
3,121,50,0,0.32,-1.00
3,122,50,0,0.16,-1.00
3,123,50,0,0.16,-1.00
3,124,50,0,0.08,-1.00
3,125,50,0,0.08,-1.00
3,126,50,0,0.12,-1.00
3,127,50,0,0.16,-1.00
3,128,50,0,0.16,-1.00
3,129,50,0,0.06,-1.00
3,130,50,0,0.06,-1.00
3,131,50,0,0.06,-1.00
3,132,50,0,0.08,-1.00
3,133,50,0,0.08,-1.00
3,134,50,0,0.08,-1.00
3,135,50,0,0.12,-1.00
3,136,50,0,0.08,-1.00
3,137,50,0,0.04,-1.00
3,138,50,0,0.04,-1.00
3,139,50,0,0.04,-1.00
3,140,50,0,0.00,-1.00
3,141,50,0,0.00,-1.00
3,142,50,0,0.04,-1.00
3,143,50,0,0.06,-1.00
3,144,50,0,0.04,-1.00
3,145,50,0,0.02,-1.00
3,146,50,0,0.04,-1.00
3,147,50,0,0.04,-1.00
3,148,50,0,0.02,-1.00
3,149,50,0,0.02,-1.00
3,150,50,0,0.00,-1.00
3,151,50,0,0.00,-1.00
3,152,50,0,0.02,-1.00
3,153,50,0,0.08,-1.00
3,154,50,0,0.16,-1.00
3,155,50,0,0.14,-1.00
3,156,50,0,0.10,-1.00
3,157,50,0,0.06,-1.00
3,158,50,0,0.06,-1.00
3,159,50,0,0.08,-1.00
3,160,50,0,0.06,-1.00
3,161,50,0,0.02,-1.00
3,162,50,0,0.00,-1.00
3,163,50,0,0.00,-1.00
3,164,50,0,0.00,-1.00
3,165,50,0,0.00,-1.00
3,166,50,0,0.04,-1.00
3,167,50,0,0.04,-1.00
3,168,50,0,0.04,-1.00
3,169,50,0,0.02,-1.00
3,170,50,0,0.02,-1.00
3,171,50,0,0.04,-1.00
3,172,50,0,0.02,-1.00
3,173,50,0,0.02,-1.00
3,174,50,0,0.06,-1.00
3,175,50,0,0.00,-1.00
3,176,50,0,0.00,-1.00
3,177,50,0,0.00,-1.00
3,178,50,0,0.00,-1.00
3,179,50,0,0.00,-1.00
3,180,50,0,0.00,-1.00
3,181,50,0,0.00,-1.00
3,182,50,0,0.00,-1.00
3,183,50,0,0.00,-1.00
3,184,50,0,0.00,-1.00
3,185,50,0,0.06,-1.00
3,186,50,0,0.08,-1.00
3,187,50,0,0.04,-1.00
3,188,50,0,0.02,-1.00
3,189,50,0,0.02,-1.00
3,190,50,0,0.06,-1.00
3,191,50,0,0.08,-1.00
3,192,50,0,0.16,-1.00
3,193,50,0,0.10,-1.00
3,194,50,0,0.08,-1.00
3,195,50,0,0.08,-1.00
3,196,50,0,0.10,-1.00
3,197,50,0,0.12,-1.00
3,198,50,0,0.14,-1.00
3,199,50,0,0.04,-1.00
3,200,50,0,0.02,-1.00
3,201,50,0,0.02,-1.00
3,202,50,0,0.02,-1.00
3,203,50,0,0.02,-1.00
3,204,50,0,0.06,-1.00
3,205,50,0,0.06,-1.00
3,206,50,0,0.04,-1.00
3,207,50,0,0.00,-1.00
3,208,50,0,0.00,-1.00
3,209,50,0,0.00,-1.00
3,210,50,0,0.00,-1.00
3,211,50,0,0.00,-1.00
3,212,50,0,0.02,-1.00
3,213,50,0,0.02,-1.00
3,214,50,0,0.02,-1.00
3,215,50,0,0.04,-1.00
3,216,50,0,0.10,-1.00
3,217,50,0,0.08,-1.00
3,218,50,0,0.08,-1.00
3,219,50,0,0.04,-1.00
3,220,50,0,0.02,-1.00
3,221,50,0,0.02,-1.00
3,222,50,0,0.04,-1.00
3,223,50,0,0.02,-1.00
3,224,50,0,0.00,-1.00
3,225,50,0,0.00,-1.00
3,226,50,0,0.04,-1.00
3,227,50,0,0.00,-1.00
3,228,50,0,0.00,-1.00
3,229,50,0,0.02,-1.00
3,230,50,0,0.04,-1.00
3,231,50,0,0.06,-1.00
3,232,50,0,0.06,-1.00
3,233,50,0,0.06,-1.00
3,234,50,0,0.08,-1.00
3,235,50,0,0.06,-1.00
3,236,50,0,0.10,-1.00
3,237,50,0,0.12,-1.00
3,238,50,0,0.04,-1.00
3,239,50,0,0.02,-1.00
3,240,50,0,0.04,-1.00
3,241,50,0,0.02,-1.00
3,242,50,0,0.02,-1.00
3,243,50,0,0.02,-1.00
3,244,50,0,0.08,-1.00
3,245,50,0,0.04,-1.00
3,246,50,0,0.08,-1.00
3,247,50,0,0.06,-1.00
3,248,50,0,0.04,-1.00
3,249,50,0,0.06,-1.00
3,250,50,0,0.10,-1.00
3,251,50,0,0.24,-1.00
3,252,50,0,0.28,-1.00
3,253,50,0,0.34,-1.00
3,254,50,0,0.32,-1.00
3,255,50,0,0.36,-1.00
3,256,50,0,0.28,-1.00
3,257,50,0,0.26,-1.00
3,258,50,0,0.20,-1.00
3,259,50,0,0.20,-1.00
3,260,50,0,0.22,-1.00
3,261,50,0,0.26,-1.00
3,262,50,0,0.16,-1.00
3,263,50,0,0.22,-1.00
3,264,50,0,0.12,-1.00
3,265,50,0,0.04,-1.00
3,266,50,0,0.08,-1.00
3,267,50,0,0.08,-1.00
3,268,50,0,0.12,-1.00
3,269,50,0,0.08,-1.00
3,270,50,0,0.08,-1.00
3,271,50,0,0.08,-1.00
3,272,50,0,0.12,-1.00
3,273,50,0,0.14,-1.00
3,274,50,0,0.30,-1.00
3,275,50,0,0.26,-1.00
3,276,50,0,0.22,-1.00
3,277,50,0,0.18,-1.00
3,278,50,0,0.12,-1.00
3,279,50,0,0.08,-1.00
3,280,50,0,0.08,-1.00
3,281,50,0,0.08,-1.00
3,282,50,0,0.04,-1.00
3,283,50,0,0.06,-1.00
3,284,50,0,0.00,-1.00
3,285,50,0,0.00,-1.00
3,286,50,0,0.00,-1.00
3,287,50,0,0.02,-1.00
3,288,50,0,0.08,-1.00
3,289,50,0,0.08,-1.00
3,290,50,0,0.04,-1.00
3,291,50,0,0.02,-1.00
3,292,50,0,0.02,-1.00
3,293,50,0,0.02,-1.00
3,294,50,0,0.04,-1.00
3,295,50,0,0.02,-1.00
3,296,50,0,0.00,-1.00
3,297,50,0,0.02,-1.00
3,298,50,0,0.04,-1.00
3,299,50,0,0.08,-1.00
3,300,50,0,0.08,-1.00
3,301,50,0,0.04,-1.00
3,302,50,0,0.06,-1.00
3,303,50,0,0.12,-1.00
3,304,50,0,0.12,-1.00
3,305,50,0,0.14,-1.00
3,306,50,0,0.14,-1.00
3,307,50,0,0.12,-1.00
3,308,50,0,0.12,-1.00
3,309,50,0,0.06,-1.00
3,310,50,0,0.06,-1.00
3,311,50,0,0.08,-1.00
3,312,50,0,0.06,-1.00
3,313,50,0,0.04,-1.00
3,314,50,0,0.04,-1.00
3,315,50,0,0.04,-1.00
3,316,50,0,0.04,-1.00
3,317,50,0,0.08,-1.00
3,318,50,0,0.04,-1.00
3,319,50,0,0.04,-1.00
3,320,50,0,0.04,-1.00
3,321,50,0,0.10,-1.00
3,322,50,0,0.04,-1.00
3,323,50,0,0.06,-1.00
3,324,50,0,0.04,-1.00
3,325,50,0,0.04,-1.00
3,326,50,0,0.00,-1.00
3,327,50,0,0.00,-1.00
3,328,50,0,0.00,-1.00
3,329,50,0,0.00,-1.00
3,330,50,0,0.02,-1.00
3,331,50,0,0.02,-1.00
3,332,50,0,0.02,-1.00
3,333,50,0,0.00,-1.00
3,334,50,0,0.00,-1.00
3,335,50,0,0.00,-1.00
3,336,50,0,0.06,-1.00
3,337,50,0,0.02,-1.00
3,338,50,0,0.00,-1.00
3,339,50,0,0.00,-1.00
3,340,50,0,0.00,-1.00
3,341,50,0,0.00,-1.00
3,342,50,0,0.00,-1.00
3,343,50,0,0.00,-1.00
3,344,50,0,0.02,-1.00
3,345,50,0,0.00,-1.00
3,346,50,0,0.00,-1.00
3,347,50,0,0.00,-1.00
3,348,50,0,0.08,-1.00
3,349,50,0,0.04,-1.00
3,350,50,0,0.02,-1.00
3,351,50,0,0.04,-1.00
3,352,50,0,0.04,-1.00
3,353,50,0,0.02,-1.00
3,354,50,0,0.06,-1.00
3,355,50,0,0.06,-1.00
3,356,50,0,0.10,-1.00
3,357,50,0,0.12,-1.00
3,358,50,0,0.04,-1.00
3,359,50,0,0.08,-1.00
3,360,50,0,0.06,-1.00
3,361,50,0,0.06,-1.00
3,362,50,0,0.08,-1.00
3,363,50,0,0.04,-1.00
3,364,50,0,0.02,-1.00
3,365,50,0,0.00,-1.00
3,366,50,0,0.00,-1.00
3,367,50,0,0.00,-1.00
3,368,50,0,0.00,-1.00
3,369,50,0,0.00,-1.00
3,370,50,0,0.04,-1.00
3,371,50,0,0.08,-1.00
3,372,50,0,0.04,-1.00
3,373,50,0,0.16,-1.00
3,374,50,0,0.24,-1.00
3,375,50,0,0.20,-1.00
3,376,50,0,0.24,-1.00
3,377,50,0,0.24,-1.00
3,378,50,0,0.18,-1.00
3,379,50,0,0.02,-1.00
3,380,50,0,0.02,-1.00
3,381,50,0,0.02,-1.00
3,382,50,0,0.02,-1.00
3,383,50,0,0.04,-1.00
3,384,50,0,0.00,-1.00
3,385,50,0,0.00,-1.00
3,386,50,0,0.04,-1.00
3,387,50,0,0.00,-1.00
3,388,50,0,0.00,-1.00
3,389,50,0,0.00,-1.00
3,390,50,0,0.04,-1.00
3,391,50,0,0.02,-1.00
3,392,50,0,0.00,-1.00
3,393,50,0,0.00,-1.00
3,394,50,0,0.00,-1.00
3,395,50,0,0.00,-1.00
3,396,50,0,0.00,-1.00
3,397,50,0,0.00,-1.00
3,398,50,0,0.00,-1.00
3,399,50,0,0.00,-1.00
3,400,50,0,0.02,-1.00
3,401,50,0,0.02,-1.00
3,402,50,0,0.02,-1.00
3,403,50,0,0.02,-1.00
3,404,50,0,0.02,-1.00
3,405,50,0,0.02,-1.00
3,406,50,0,0.00,-1.00
3,407,50,0,0.00,-1.00
3,408,50,0,0.08,-1.00
3,409,50,0,0.10,-1.00
3,410,50,0,0.10,-1.00
3,411,50,0,0.04,-1.00
3,412,50,0,0.10,-1.00
3,413,50,0,0.04,-1.00
3,414,50,0,0.06,-1.00
3,415,50,0,0.16,-1.00
3,416,50,0,0.16,-1.00
3,417,50,0,0.18,-1.00
3,418,50,0,0.20,-1.00
3,419,50,0,0.24,-1.00
3,420,50,0,0.30,-1.00
3,421,50,0,0.26,-1.00
3,422,50,0,0.28,-1.00
3,423,50,0,0.26,-1.00
3,424,50,0,0.26,-1.00
3,425,50,0,0.24,-1.00
3,426,50,0,0.16,-1.00
3,427,50,0,0.10,-1.00
3,428,50,0,0.08,-1.00
3,429,50,0,0.04,-1.00
3,430,50,0,0.08,-1.00
3,431,50,0,0.12,-1.00
3,432,50,0,0.12,-1.00
3,433,50,0,0.06,-1.00
3,434,50,0,0.10,-1.00
3,435,50,0,0.06,-1.00
3,436,50,0,0.06,-1.00
3,437,50,0,0.14,-1.00
3,438,50,0,0.14,-1.00
3,439,50,0,0.08,-1.00
3,440,50,0,0.02,-1.00
3,441,50,0,0.00,-1.00
3,442,50,0,0.00,-1.00
3,443,50,0,0.00,-1.00
3,444,50,0,0.02,-1.00
3,445,50,0,0.02,-1.00
3,446,50,0,0.00,-1.00
3,447,50,0,0.00,-1.00
3,448,50,0,0.00,-1.00
3,449,50,0,0.00,-1.00
3,450,50,0,0.00,-1.00
3,451,50,0,0.02,-1.00
3,452,50,0,0.00,-1.00
3,453,50,0,0.04,-1.00
3,454,50,0,0.06,-1.00
3,455,50,0,0.04,-1.00
3,456,50,0,0.04,-1.00
3,457,50,0,0.14,-1.00
3,458,50,0,0.16,-1.00
3,459,50,0,0.08,-1.00
3,460,50,0,0.08,-1.00
3,461,50,0,0.04,-1.00
3,462,50,0,0.02,-1.00
3,463,50,0,0.02,-1.00
3,464,50,0,0.02,-1.00
3,465,50,0,0.02,-1.00
3,466,50,0,0.00,-1.00
3,467,50,0,0.00,-1.00
3,468,50,0,0.00,-1.00
3,469,50,0,0.06,-1.00
3,470,50,0,0.08,-1.00
3,471,50,0,0.06,-1.00
3,472,50,0,0.14,-1.00
3,473,50,0,0.12,-1.00
3,474,50,0,0.14,-1.00
3,475,50,0,0.16,-1.00
3,476,50,0,0.18,-1.00
3,477,50,0,0.30,-1.00
3,478,50,0,0.26,-1.00
3,479,50,0,0.22,-1.00
3,480,50,0,0.16,-1.00
3,481,50,0,0.14,-1.00
3,482,50,0,0.12,-1.00
3,483,50,0,0.14,-1.00
3,484,50,0,0.14,-1.00
3,485,50,0,0.16,-1.00
3,486,50,0,0.14,-1.00
3,487,50,0,0.10,-1.00
3,488,50,0,0.20,-1.00
3,489,50,0,0.08,-1.00
3,490,50,0,0.12,-1.00
3,491,50,0,0.16,-1.00
3,492,50,0,0.14,-1.00
3,493,50,0,0.24,-1.00
3,494,50,0,0.28,-1.00
3,495,50,0,0.28,-1.00
3,496,50,0,0.14,-1.00
3,497,50,0,0.16,-1.00
3,498,50,0,0.18,-1.00
3,499,50,0,0.12,-1.00
3,500,50,0,0.14,-1.00
4,1,50,0,0.00,-1.00
4,2,50,0,0.00,-1.00
4,3,50,0,0.00,-1.00
4,4,50,0,0.00,-1.00
4,5,50,0,0.00,-1.00
4,6,50,0,0.00,-1.00
4,7,50,0,0.00,-1.00
4,8,50,0,0.00,-1.00
4,9,50,0,0.04,-1.00
4,10,50,0,0.04,-1.00
4,11,50,0,0.06,-1.00
4,12,50,0,0.10,-1.00
4,13,50,0,0.06,-1.00
4,14,50,0,0.08,-1.00
4,15,50,0,0.12,-1.00
4,16,50,0,0.06,-1.00
4,17,50,0,0.06,-1.00
4,18,50,0,0.08,-1.00
4,19,50,0,0.08,-1.00
4,20,50,0,0.08,-1.00
4,21,50,0,0.10,-1.00
4,22,50,0,0.06,-1.00
4,23,50,0,0.06,-1.00
4,24,50,0,0.08,-1.00
4,25,50,0,0.04,-1.00
4,26,50,0,0.02,-1.00
4,27,50,0,0.00,-1.00
4,28,50,0,0.02,-1.00
4,29,50,0,0.00,-1.00
4,30,50,0,0.00,-1.00
4,31,50,0,0.00,-1.00
4,32,50,0,0.00,-1.00
4,33,50,0,0.00,-1.00
4,34,50,0,0.00,-1.00
4,35,50,0,0.02,-1.00
4,36,50,0,0.02,-1.00
4,37,50,0,0.00,-1.00
4,38,50,0,0.00,-1.00
4,39,50,0,0.00,-1.00
4,40,50,0,0.00,-1.00
4,41,50,0,0.04,-1.00
4,42,50,0,0.02,-1.00
4,43,50,0,0.06,-1.00
4,44,50,0,0.08,-1.00
4,45,50,0,0.08,-1.00
4,46,50,0,0.06,-1.00
4,47,50,0,0.04,-1.00
4,48,50,0,0.00,-1.00
4,49,50,0,0.00,-1.00
4,50,50,0,0.02,-1.00
4,51,50,0,0.02,-1.00
4,52,50,0,0.00,-1.00
4,53,50,0,0.00,-1.00
4,54,50,0,0.00,-1.00
4,55,50,0,0.00,-1.00
4,56,50,0,0.00,-1.00
4,57,50,0,0.00,-1.00
4,58,50,0,0.06,-1.00
4,59,50,0,0.06,-1.00
4,60,50,0,0.06,-1.00
4,61,50,0,0.06,-1.00
4,62,50,0,0.04,-1.00
4,63,50,0,0.10,-1.00
4,64,50,0,0.06,-1.00
4,65,50,0,0.06,-1.00
4,66,50,0,0.04,-1.00
4,67,50,0,0.04,-1.00
4,68,50,0,0.04,-1.00
4,69,50,0,0.06,-1.00
4,70,50,0,0.10,-1.00
4,71,50,0,0.24,-1.00
4,72,50,0,0.16,-1.00
4,73,50,0,0.10,-1.00
4,74,50,0,0.12,-1.00
4,75,50,0,0.12,-1.00
4,76,50,0,0.08,-1.00
4,77,50,0,0.14,-1.00
4,78,50,0,0.06,-1.00
4,79,50,0,0.12,-1.00
4,80,50,0,0.14,-1.00
4,81,50,0,0.10,-1.00
4,82,50,0,0.08,-1.00
4,83,50,0,0.06,-1.00
4,84,50,0,0.02,-1.00
4,85,50,0,0.00,-1.00
4,86,50,0,0.00,-1.00
4,87,50,0,0.10,-1.00
4,88,50,0,0.06,-1.00
4,89,50,0,0.04,-1.00
4,90,50,0,0.04,-1.00
4,91,50,0,0.02,-1.00
4,92,50,0,0.02,-1.00
4,93,50,0,0.02,-1.00
4,94,50,0,0.02,-1.00
4,95,50,0,0.00,-1.00
4,96,50,0,0.08,-1.00
4,97,50,0,0.12,-1.00
4,98,50,0,0.12,-1.00
4,99,50,0,0.14,-1.00
4,100,50,0,0.16,-1.00
4,101,50,0,0.16,-1.00
4,102,50,0,0.12,-1.00
4,103,50,0,0.16,-1.00
4,104,50,0,0.22,-1.00
4,105,50,0,0.18,-1.00
4,106,50,0,0.06,-1.00
4,107,50,0,0.00,-1.00
4,108,50,0,0.02,-1.00
4,109,50,0,0.10,-1.00
4,110,50,0,0.10,-1.00
4,111,50,0,0.08,-1.00
4,112,50,0,0.10,-1.00
4,113,50,0,0.14,-1.00
4,114,50,0,0.16,-1.00
4,115,50,0,0.16,-1.00
4,116,50,0,0.22,-1.00
4,117,50,0,0.26,-1.00
4,118,50,0,0.32,-1.00
4,119,50,0,0.20,-1.00
4,120,50,0,0.08,-1.00
4,121,50,0,0.08,-1.00
4,122,50,0,0.08,-1.00
4,123,50,0,0.10,-1.00
4,124,50,0,0.06,-1.00
4,125,50,0,0.14,-1.00
4,126,50,0,0.20,-1.00
4,127,50,0,0.24,-1.00
4,128,50,0,0.36,-1.00
4,129,50,0,0.36,-1.00
4,130,50,0,0.48,-1.00
4,131,50,0,0.28,-1.00
4,132,50,0,0.18,-1.00
4,133,50,0,0.10,-1.00
4,134,50,0,0.16,-1.00
4,135,50,0,0.10,-1.00
4,136,50,0,0.06,-1.00
4,137,50,0,0.04,-1.00
4,138,50,0,0.00,-1.00
4,139,50,0,0.00,-1.00
4,140,50,0,0.00,-1.00
4,141,50,0,0.04,-1.00
4,142,50,0,0.08,-1.00
4,143,50,0,0.10,-1.00
4,144,50,0,0.08,-1.00
4,145,50,0,0.10,-1.00
4,146,50,0,0.12,-1.00
4,147,50,0,0.18,-1.00
4,148,50,0,0.22,-1.00
4,149,50,0,0.18,-1.00
4,150,50,0,0.14,-1.00
4,151,50,0,0.12,-1.00
4,152,50,0,0.10,-1.00
4,153,50,0,0.18,-1.00
4,154,50,0,0.22,-1.00
4,155,50,0,0.18,-1.00
4,156,50,0,0.14,-1.00
4,157,50,0,0.10,-1.00
4,158,50,0,0.16,-1.00
4,159,50,0,0.18,-1.00
4,160,50,0,0.20,-1.00
4,161,50,0,0.20,-1.00
4,162,50,0,0.24,-1.00
4,163,50,0,0.34,-1.00
4,164,50,0,0.36,-1.00
4,165,50,0,0.22,-1.00
4,166,50,0,0.12,-1.00
4,167,50,0,0.10,-1.00
4,168,50,0,0.12,-1.00
4,169,50,0,0.04,-1.00
4,170,50,0,0.06,-1.00
4,171,50,0,0.02,-1.00
4,172,50,0,0.02,-1.00
4,173,50,0,0.00,-1.00
4,174,50,0,0.00,-1.00
4,175,50,0,0.00,-1.00
4,176,50,0,0.00,-1.00
4,177,50,0,0.00,-1.00
4,178,50,0,0.00,-1.00
4,179,50,0,0.00,-1.00
4,180,50,0,0.00,-1.00
4,181,50,0,0.04,-1.00
4,182,50,0,0.06,-1.00
4,183,50,0,0.06,-1.00
4,184,50,0,0.06,-1.00
4,185,50,0,0.06,-1.00
4,186,50,0,0.06,-1.00
4,187,50,0,0.06,-1.00
4,188,50,0,0.04,-1.00
4,189,50,0,0.02,-1.00
4,190,50,0,0.04,-1.00
4,191,50,0,0.06,-1.00
4,192,50,0,0.04,-1.00
4,193,50,0,0.06,-1.00
4,194,50,0,0.06,-1.00
4,195,50,0,0.04,-1.00
4,196,50,0,0.00,-1.00
4,197,50,0,0.06,-1.00
4,198,50,0,0.06,-1.00
4,199,50,0,0.06,-1.00
4,200,50,0,0.06,-1.00
4,201,50,0,0.08,-1.00
4,202,50,0,0.10,-1.00
4,203,50,0,0.18,-1.00
4,204,50,0,0.12,-1.00
4,205,50,0,0.08,-1.00
4,206,50,0,0.08,-1.00
4,207,50,0,0.04,-1.00
4,208,50,0,0.04,-1.00
4,209,50,0,0.04,-1.00
4,210,50,0,0.04,-1.00
4,211,50,0,0.04,-1.00
4,212,50,0,0.02,-1.00
4,213,50,0,0.00,-1.00
4,214,50,0,0.00,-1.00
4,215,50,0,0.00,-1.00
4,216,50,0,0.04,-1.00
4,217,50,0,0.04,-1.00
4,218,50,0,0.04,-1.00
4,219,50,0,0.00,-1.00
4,220,50,0,0.00,-1.00
4,221,50,0,0.00,-1.00
4,222,50,0,0.00,-1.00
4,223,50,0,0.00,-1.00
4,224,50,0,0.00,-1.00
4,225,50,0,0.00,-1.00
4,226,50,0,0.06,-1.00
4,227,50,0,0.02,-1.00
4,228,50,0,0.00,-1.00
4,229,50,0,0.00,-1.00
4,230,50,0,0.00,-1.00
4,231,50,0,0.00,-1.00
4,232,50,0,0.02,-1.00
4,233,50,0,0.04,-1.00
4,234,50,0,0.04,-1.00
4,235,50,0,0.02,-1.00
4,236,50,0,0.00,-1.00
4,237,50,0,0.00,-1.00
4,238,50,0,0.02,-1.00
4,239,50,0,0.04,-1.00
4,240,50,0,0.02,-1.00
4,241,50,0,0.02,-1.00
4,242,50,0,0.06,-1.00
4,243,50,0,0.08,-1.00
4,244,50,0,0.08,-1.00
4,245,50,0,0.18,-1.00
4,246,50,0,0.20,-1.00
4,247,50,0,0.14,-1.00
4,248,50,0,0.22,-1.00
4,249,50,0,0.14,-1.00
4,250,50,0,0.08,-1.00
4,251,50,0,0.12,-1.00
4,252,50,0,0.08,-1.00
4,253,50,0,0.06,-1.00
4,254,50,0,0.00,-1.00
4,255,50,0,0.00,-1.00
4,256,50,0,0.00,-1.00
4,257,50,0,0.00,-1.00
4,258,50,0,0.02,-1.00
4,259,50,0,0.12,-1.00
4,260,50,0,0.16,-1.00
4,261,50,0,0.08,-1.00
4,262,50,0,0.08,-1.00
4,263,50,0,0.16,-1.00
4,264,50,0,0.10,-1.00
4,265,50,0,0.24,-1.00
4,266,50,0,0.24,-1.00
4,267,50,0,0.24,-1.00
4,268,50,0,0.08,-1.00
4,269,50,0,0.04,-1.00
4,270,50,0,0.04,-1.00
4,271,50,0,0.02,-1.00
4,272,50,0,0.00,-1.00
4,273,50,0,0.00,-1.00
4,274,50,0,0.00,-1.00
4,275,50,0,0.02,-1.00
4,276,50,0,0.02,-1.00
4,277,50,0,0.00,-1.00
4,278,50,0,0.00,-1.00
4,279,50,0,0.00,-1.00
4,280,50,0,0.00,-1.00
4,281,50,0,0.10,-1.00
4,282,50,0,0.10,-1.00
4,283,50,0,0.08,-1.00
4,284,50,0,0.06,-1.00
4,285,50,0,0.06,-1.00
4,286,50,0,0.06,-1.00
4,287,50,0,0.12,-1.00
4,288,50,0,0.26,-1.00
4,289,50,0,0.20,-1.00
4,290,50,0,0.22,-1.00
4,291,50,0,0.16,-1.00
4,292,50,0,0.10,-1.00
4,293,50,0,0.12,-1.00
4,294,50,0,0.24,-1.00
4,295,50,0,0.14,-1.00
4,296,50,0,0.02,-1.00
4,297,50,0,0.02,-1.00
4,298,50,0,0.06,-1.00
4,299,50,0,0.08,-1.00
4,300,50,0,0.06,-1.00
4,301,50,0,0.04,-1.00
4,302,50,0,0.00,-1.00
4,303,50,0,0.00,-1.00
4,304,50,0,0.10,-1.00
4,305,50,0,0.12,-1.00
4,306,50,0,0.08,-1.00
4,307,50,0,0.12,-1.00
4,308,50,0,0.16,-1.00
4,309,50,0,0.24,-1.00
4,310,50,0,0.38,-1.00
4,311,50,0,0.26,-1.00
4,312,50,0,0.26,-1.00
4,313,50,0,0.20,-1.00
4,314,50,0,0.12,-1.00
4,315,50,0,0.14,-1.00
4,316,50,0,0.18,-1.00
4,317,50,0,0.20,-1.00
4,318,50,0,0.22,-1.00
4,319,50,0,0.22,-1.00
4,320,50,0,0.22,-1.00
4,321,50,0,0.26,-1.00
4,322,50,0,0.36,-1.00
4,323,50,0,0.28,-1.00
4,324,50,0,0.38,-1.00
4,325,50,0,0.32,-1.00
4,326,50,0,0.32,-1.00
4,327,50,0,0.36,-1.00
4,328,50,0,0.36,-1.00
4,329,50,0,0.28,-1.00
4,330,50,0,0.20,-1.00
4,331,50,0,0.14,-1.00
4,332,50,0,0.14,-1.00
4,333,50,0,0.14,-1.00
4,334,50,0,0.04,-1.00
4,335,50,0,0.04,-1.00
4,336,50,0,0.00,-1.00
4,337,50,0,0.00,-1.00
4,338,50,0,0.06,-1.00
4,339,50,0,0.02,-1.00
4,340,50,0,0.00,-1.00
4,341,50,0,0.00,-1.00
4,342,50,0,0.02,-1.00
4,343,50,0,0.04,-1.00
4,344,50,0,0.06,-1.00
4,345,50,0,0.04,-1.00
4,346,50,0,0.02,-1.00
4,347,50,0,0.08,-1.00
4,348,50,0,0.10,-1.00
4,349,50,0,0.08,-1.00
4,350,50,0,0.02,-1.00
4,351,50,0,0.06,-1.00
4,352,50,0,0.12,-1.00
4,353,50,0,0.10,-1.00
4,354,50,0,0.18,-1.00
4,355,50,0,0.18,-1.00
4,356,50,0,0.16,-1.00
4,357,50,0,0.06,-1.00
4,358,50,0,0.08,-1.00
4,359,50,0,0.06,-1.00
4,360,50,0,0.10,-1.00
4,361,50,0,0.10,-1.00
4,362,50,0,0.12,-1.00
4,363,50,0,0.12,-1.00
4,364,50,0,0.14,-1.00
4,365,50,0,0.10,-1.00
4,366,50,0,0.14,-1.00
4,367,50,0,0.16,-1.00
4,368,50,0,0.06,-1.00
4,369,50,0,0.08,-1.00
4,370,50,0,0.10,-1.00
4,371,50,0,0.18,-1.00
4,372,50,0,0.18,-1.00
4,373,50,0,0.16,-1.00
4,374,50,0,0.16,-1.00
4,375,50,0,0.16,-1.00
4,376,50,0,0.16,-1.00
4,377,50,0,0.16,-1.00
4,378,50,0,0.18,-1.00
4,379,50,0,0.20,-1.00
4,380,50,0,0.12,-1.00
4,381,50,0,0.12,-1.00
4,382,50,0,0.08,-1.00
4,383,50,0,0.04,-1.00
4,384,50,0,0.00,-1.00
4,385,50,0,0.00,-1.00
4,386,50,0,0.00,-1.00
4,387,50,0,0.00,-1.00
4,388,50,0,0.00,-1.00
4,389,50,0,0.00,-1.00
4,390,50,0,0.00,-1.00
4,391,50,0,0.00,-1.00
4,392,50,0,0.04,-1.00
4,393,50,0,0.08,-1.00
4,394,50,0,0.20,-1.00
4,395,50,0,0.20,-1.00
4,396,50,0,0.24,-1.00
4,397,50,0,0.18,-1.00
4,398,50,0,0.18,-1.00
4,399,50,0,0.18,-1.00
4,400,50,0,0.14,-1.00
4,401,50,0,0.16,-1.00
4,402,50,0,0.26,-1.00
4,403,50,0,0.26,-1.00
4,404,50,0,0.36,-1.00
4,405,50,0,0.36,-1.00
4,406,50,0,0.24,-1.00
4,407,50,0,0.12,-1.00
4,408,50,0,0.10,-1.00
4,409,50,0,0.14,-1.00
4,410,50,0,0.12,-1.00
4,411,50,0,0.06,-1.00
4,412,50,0,0.04,-1.00
4,413,50,0,0.00,-1.00
4,414,50,0,0.00,-1.00
4,415,50,0,0.00,-1.00
4,416,50,0,0.04,-1.00
4,417,50,0,0.02,-1.00
4,418,50,0,0.00,-1.00
4,419,50,0,0.00,-1.00
4,420,50,0,0.00,-1.00
4,421,50,0,0.00,-1.00
4,422,50,0,0.02,-1.00
4,423,50,0,0.02,-1.00
4,424,50,0,0.02,-1.00
4,425,50,0,0.00,-1.00
4,426,50,0,0.00,-1.00
4,427,50,0,0.00,-1.00
4,428,50,0,0.00,-1.00
4,429,50,0,0.00,-1.00
4,430,50,0,0.06,-1.00
4,431,50,0,0.02,-1.00
4,432,50,0,0.06,-1.00
4,433,50,0,0.06,-1.00
4,434,50,0,0.04,-1.00
4,435,50,0,0.10,-1.00
4,436,50,0,0.06,-1.00
4,437,50,0,0.10,-1.00
4,438,50,0,0.04,-1.00
4,439,50,0,0.00,-1.00
4,440,50,0,0.00,-1.00
4,441,50,0,0.00,-1.00
4,442,50,0,0.00,-1.00
4,443,50,0,0.00,-1.00
4,444,50,0,0.00,-1.00
4,445,50,0,0.00,-1.00
4,446,50,0,0.02,-1.00
4,447,50,0,0.04,-1.00
4,448,50,0,0.04,-1.00
4,449,50,0,0.06,-1.00
4,450,50,0,0.06,-1.00
4,451,50,0,0.10,-1.00
4,452,50,0,0.10,-1.00
4,453,50,0,0.04,-1.00
4,454,50,0,0.10,-1.00
4,455,50,0,0.16,-1.00
4,456,50,0,0.06,-1.00
4,457,50,0,0.08,-1.00
4,458,50,0,0.04,-1.00
4,459,50,0,0.00,-1.00
4,460,50,0,0.04,-1.00
4,461,50,0,0.04,-1.00
4,462,50,0,0.04,-1.00
4,463,50,0,0.02,-1.00
4,464,50,0,0.04,-1.00
4,465,50,0,0.04,-1.00
4,466,50,0,0.04,-1.00
4,467,50,0,0.04,-1.00
4,468,50,0,0.04,-1.00
4,469,50,0,0.06,-1.00
4,470,50,0,0.02,-1.00
4,471,50,0,0.08,-1.00
4,472,50,0,0.16,-1.00
4,473,50,0,0.14,-1.00
4,474,50,0,0.16,-1.00
4,475,50,0,0.06,-1.00
4,476,50,0,0.10,-1.00
4,477,50,0,0.14,-1.00
4,478,50,0,0.12,-1.00
4,479,50,0,0.20,-1.00
4,480,50,0,0.18,-1.00
4,481,50,0,0.14,-1.00
4,482,50,0,0.18,-1.00
4,483,50,0,0.14,-1.00
4,484,50,0,0.10,-1.00
4,485,50,0,0.14,-1.00
4,486,50,0,0.10,-1.00
4,487,50,0,0.12,-1.00
4,488,50,0,0.12,-1.00
4,489,50,0,0.10,-1.00
4,490,50,0,0.14,-1.00
4,491,50,0,0.12,-1.00
4,492,50,0,0.08,-1.00
4,493,50,0,0.04,-1.00
4,494,50,0,0.08,-1.00
4,495,50,0,0.06,-1.00
4,496,50,0,0.06,-1.00
4,497,50,0,0.04,-1.00
4,498,50,0,0.04,-1.00
4,499,50,0,0.02,-1.00
4,500,50,0,0.06,-1.00
5,1,50,0,0.00,-1.00
5,2,50,0,0.02,-1.00
5,3,50,0,0.04,-1.00
5,4,50,0,0.04,-1.00
5,5,50,0,0.02,-1.00
5,6,50,0,0.08,-1.00
5,7,50,0,0.10,-1.00
5,8,50,0,0.12,-1.00
5,9,50,0,0.06,-1.00
5,10,50,0,0.08,-1.00
5,11,50,0,0.10,-1.00
5,12,50,0,0.12,-1.00
5,13,50,0,0.08,-1.00
5,14,50,0,0.06,-1.00
5,15,50,0,0.14,-1.00
5,16,50,0,0.08,-1.00
5,17,50,0,0.10,-1.00
5,18,50,0,0.16,-1.00
5,19,50,0,0.18,-1.00
5,20,50,0,0.16,-1.00
5,21,50,0,0.14,-1.00
5,22,50,0,0.04,-1.00
5,23,50,0,0.00,-1.00
5,24,50,0,0.02,-1.00
5,25,50,0,0.08,-1.00
5,26,50,0,0.08,-1.00
5,27,50,0,0.00,-1.00
5,28,50,0,0.04,-1.00
5,29,50,0,0.00,-1.00
5,30,50,0,0.00,-1.00
5,31,50,0,0.00,-1.00
5,32,50,0,0.04,-1.00
5,33,50,0,0.04,-1.00
5,34,50,0,0.02,-1.00
5,35,50,0,0.00,-1.00
5,36,50,0,0.00,-1.00
5,37,50,0,0.00,-1.00
5,38,50,0,0.00,-1.00
5,39,50,0,0.00,-1.00
5,40,50,0,0.00,-1.00
5,41,50,0,0.00,-1.00
5,42,50,0,0.00,-1.00
5,43,50,0,0.00,-1.00
5,44,50,0,0.00,-1.00
5,45,50,0,0.02,-1.00
5,46,50,0,0.00,-1.00
5,47,50,0,0.00,-1.00
5,48,50,0,0.00,-1.00
5,49,50,0,0.00,-1.00
5,50,50,0,0.00,-1.00
5,51,50,0,0.00,-1.00
5,52,50,0,0.00,-1.00
5,53,50,0,0.00,-1.00
5,54,50,0,0.00,-1.00
5,55,50,0,0.00,-1.00
5,56,50,0,0.02,-1.00
5,57,50,0,0.00,-1.00
5,58,50,0,0.00,-1.00
5,59,50,0,0.00,-1.00
5,60,50,0,0.04,-1.00
5,61,50,0,0.02,-1.00
5,62,50,0,0.00,-1.00
5,63,50,0,0.00,-1.00
5,64,50,0,0.00,-1.00
5,65,50,0,0.00,-1.00
5,66,50,0,0.00,-1.00
5,67,50,0,0.00,-1.00
5,68,50,0,0.00,-1.00
5,69,50,0,0.00,-1.00
5,70,50,0,0.00,-1.00
5,71,50,0,0.02,-1.00
5,72,50,0,0.02,-1.00
5,73,50,0,0.02,-1.00
5,74,50,0,0.04,-1.00
5,75,50,0,0.00,-1.00
5,76,50,0,0.00,-1.00
5,77,50,0,0.00,-1.00
5,78,50,0,0.00,-1.00
5,79,50,0,0.02,-1.00
5,80,50,0,0.02,-1.00
5,81,50,0,0.02,-1.00
5,82,50,0,0.04,-1.00
5,83,50,0,0.00,-1.00
5,84,50,0,0.04,-1.00
5,85,50,0,0.00,-1.00
5,86,50,0,0.00,-1.00
5,87,50,0,0.00,-1.00
5,88,50,0,0.00,-1.00
5,89,50,0,0.00,-1.00
5,90,50,0,0.04,-1.00
5,91,50,0,0.08,-1.00
5,92,50,0,0.00,-1.00
5,93,50,0,0.00,-1.00
5,94,50,0,0.00,-1.00
5,95,50,0,0.00,-1.00
5,96,50,0,0.00,-1.00
5,97,50,0,0.00,-1.00
5,98,50,0,0.00,-1.00
5,99,50,0,0.00,-1.00
5,100,50,0,0.02,-1.00
5,101,50,0,0.00,-1.00
5,102,50,0,0.00,-1.00
5,103,50,0,0.00,-1.00
5,104,50,0,0.00,-1.00
5,105,50,0,0.00,-1.00
5,106,50,0,0.00,-1.00
5,107,50,0,0.00,-1.00
5,108,50,0,0.00,-1.00
5,109,50,0,0.00,-1.00
5,110,50,0,0.06,-1.00
5,111,50,0,0.04,-1.00
5,112,50,0,0.06,-1.00
5,113,50,0,0.08,-1.00
5,114,50,0,0.14,-1.00
5,115,50,0,0.08,-1.00
5,116,50,0,0.10,-1.00
5,117,50,0,0.12,-1.00
5,118,50,0,0.16,-1.00
5,119,50,0,0.10,-1.00
5,120,50,0,0.06,-1.00
5,121,50,0,0.06,-1.00
5,122,50,0,0.06,-1.00
5,123,50,0,0.08,-1.00
5,124,50,0,0.12,-1.00
5,125,50,0,0.10,-1.00
5,126,50,0,0.06,-1.00
5,127,50,0,0.04,-1.00
5,128,50,0,0.06,-1.00
5,129,50,0,0.06,-1.00
5,130,50,0,0.06,-1.00
5,131,50,0,0.02,-1.00
5,132,50,0,0.00,-1.00
5,133,50,0,0.06,-1.00
5,134,50,0,0.06,-1.00
5,135,50,0,0.06,-1.00
5,136,50,0,0.02,-1.00
5,137,50,0,0.06,-1.00
5,138,50,0,0.04,-1.00
5,139,50,0,0.00,-1.00
5,140,50,0,0.00,-1.00
5,141,50,0,0.00,-1.00
5,142,50,0,0.00,-1.00
5,143,50,0,0.00,-1.00
5,144,50,0,0.06,-1.00
5,145,50,0,0.06,-1.00
5,146,50,0,0.04,-1.00
5,147,50,0,0.04,-1.00
5,148,50,0,0.04,-1.00
5,149,50,0,0.00,-1.00
5,150,50,0,0.00,-1.00
5,151,50,0,0.00,-1.00
5,152,50,0,0.00,-1.00
5,153,50,0,0.00,-1.00
5,154,50,0,0.00,-1.00
5,155,50,0,0.00,-1.00
5,156,50,0,0.00,-1.00
5,157,50,0,0.00,-1.00
5,158,50,0,0.00,-1.00
5,159,50,0,0.00,-1.00
5,160,50,0,0.00,-1.00
5,161,50,0,0.00,-1.00
5,162,50,0,0.00,-1.00
5,163,50,0,0.00,-1.00
5,164,50,0,0.00,-1.00
5,165,50,0,0.00,-1.00
5,166,50,0,0.00,-1.00
5,167,50,0,0.00,-1.00
5,168,50,0,0.00,-1.00
5,169,50,0,0.00,-1.00
5,170,50,0,0.00,-1.00
5,171,50,0,0.02,-1.00
5,172,50,0,0.08,-1.00
5,173,50,0,0.10,-1.00
5,174,50,0,0.20,-1.00
5,175,50,0,0.22,-1.00
5,176,50,0,0.16,-1.00
5,177,50,0,0.12,-1.00
5,178,50,0,0.14,-1.00
5,179,50,0,0.16,-1.00
5,180,50,0,0.26,-1.00
5,181,50,0,0.32,-1.00
5,182,50,0,0.28,-1.00
5,183,50,0,0.18,-1.00
5,184,50,0,0.10,-1.00
5,185,50,0,0.08,-1.00
5,186,50,0,0.10,-1.00
5,187,50,0,0.12,-1.00
5,188,50,0,0.08,-1.00
5,189,50,0,0.08,-1.00
5,190,50,0,0.06,-1.00
5,191,50,0,0.06,-1.00
5,192,50,0,0.04,-1.00
5,193,50,0,0.04,-1.00
5,194,50,0,0.06,-1.00
5,195,50,0,0.04,-1.00
5,196,50,0,0.06,-1.00
5,197,50,0,0.04,-1.00
5,198,50,0,0.04,-1.00
5,199,50,0,0.06,-1.00
5,200,50,0,0.04,-1.00
5,201,50,0,0.00,-1.00
5,202,50,0,0.02,-1.00
5,203,50,0,0.00,-1.00
5,204,50,0,0.00,-1.00
5,205,50,0,0.00,-1.00
5,206,50,0,0.00,-1.00
5,207,50,0,0.00,-1.00
5,208,50,0,0.00,-1.00
5,209,50,0,0.00,-1.00
5,210,50,0,0.00,-1.00
5,211,50,0,0.04,-1.00
5,212,50,0,0.00,-1.00
5,213,50,0,0.00,-1.00
5,214,50,0,0.06,-1.00
5,215,50,0,0.10,-1.00
5,216,50,0,0.08,-1.00
5,217,50,0,0.10,-1.00
5,218,50,0,0.08,-1.00
5,219,50,0,0.08,-1.00
5,220,50,0,0.08,-1.00
5,221,50,0,0.12,-1.00
5,222,50,0,0.12,-1.00
5,223,50,0,0.12,-1.00
5,224,50,0,0.12,-1.00
5,225,50,0,0.10,-1.00
5,226,50,0,0.16,-1.00
5,227,50,0,0.16,-1.00
5,228,50,0,0.14,-1.00
5,229,50,0,0.14,-1.00
5,230,50,0,0.10,-1.00
5,231,50,0,0.04,-1.00
5,232,50,0,0.04,-1.00
5,233,50,0,0.06,-1.00
5,234,50,0,0.06,-1.00
5,235,50,0,0.06,-1.00
5,236,50,0,0.06,-1.00
5,237,50,0,0.04,-1.00
5,238,50,0,0.04,-1.00
5,239,50,0,0.02,-1.00
5,240,50,0,0.06,-1.00
5,241,50,0,0.04,-1.00
5,242,50,0,0.04,-1.00
5,243,50,0,0.08,-1.00
5,244,50,0,0.14,-1.00
5,245,50,0,0.16,-1.00
5,246,50,0,0.14,-1.00
5,247,50,0,0.18,-1.00
5,248,50,0,0.20,-1.00
5,249,50,0,0.22,-1.00
5,250,50,0,0.16,-1.00
5,251,50,0,0.12,-1.00
5,252,50,0,0.14,-1.00
5,253,50,0,0.14,-1.00
5,254,50,0,0.22,-1.00
5,255,50,0,0.24,-1.00
5,256,50,0,0.40,-1.00
5,257,50,0,0.34,-1.00
5,258,50,0,0.36,-1.00
5,259,50,0,0.24,-1.00
5,260,50,0,0.26,-1.00
5,261,50,0,0.22,-1.00
5,262,50,0,0.18,-1.00
5,263,50,0,0.20,-1.00
5,264,50,0,0.30,-1.00
5,265,50,0,0.26,-1.00
5,266,50,0,0.32,-1.00
5,267,50,0,0.38,-1.00
5,268,50,0,0.36,-1.00
5,269,50,0,0.34,-1.00
5,270,50,0,0.38,-1.00
5,271,50,0,0.36,-1.00
5,272,50,0,0.28,-1.00
5,273,50,0,0.22,-1.00
5,274,50,0,0.20,-1.00
5,275,50,0,0.18,-1.00
5,276,50,0,0.24,-1.00
5,277,50,0,0.18,-1.00
5,278,50,0,0.20,-1.00
5,279,50,0,0.28,-1.00
5,280,50,0,0.22,-1.00
5,281,50,0,0.34,-1.00
5,282,50,0,0.34,-1.00
5,283,50,0,0.40,-1.00
5,284,50,0,0.30,-1.00
5,285,50,0,0.34,-1.00
5,286,50,0,0.30,-1.00
5,287,50,0,0.32,-1.00
5,288,50,0,0.20,-1.00
5,289,50,0,0.24,-1.00
5,290,50,0,0.16,-1.00
5,291,50,0,0.08,-1.00
5,292,50,0,0.18,-1.00
5,293,50,0,0.26,-1.00
5,294,50,0,0.16,-1.00
5,295,50,0,0.12,-1.00
5,296,50,0,0.12,-1.00
5,297,50,0,0.16,-1.00
5,298,50,0,0.12,-1.00
5,299,50,0,0.12,-1.00
5,300,50,0,0.06,-1.00
5,301,50,0,0.06,-1.00
5,302,50,0,0.14,-1.00
5,303,50,0,0.16,-1.00
5,304,50,0,0.16,-1.00
5,305,50,0,0.18,-1.00
5,306,50,0,0.14,-1.00
5,307,50,0,0.12,-1.00
5,308,50,0,0.14,-1.00
5,309,50,0,0.18,-1.00
5,310,50,0,0.24,-1.00
5,311,50,0,0.24,-1.00
5,312,50,0,0.18,-1.00
5,313,50,0,0.24,-1.00
5,314,50,0,0.26,-1.00
5,315,50,0,0.32,-1.00
5,316,50,0,0.28,-1.00
5,317,50,0,0.20,-1.00
5,318,50,0,0.20,-1.00
5,319,50,0,0.20,-1.00
5,320,50,0,0.16,-1.00
5,321,50,0,0.12,-1.00
5,322,50,0,0.06,-1.00
5,323,50,0,0.02,-1.00
5,324,50,0,0.00,-1.00
5,325,50,0,0.00,-1.00
5,326,50,0,0.00,-1.00
5,327,50,0,0.00,-1.00
5,328,50,0,0.00,-1.00
5,329,50,0,0.02,-1.00
5,330,50,0,0.00,-1.00
5,331,50,0,0.00,-1.00
5,332,50,0,0.00,-1.00
5,333,50,0,0.00,-1.00
5,334,50,0,0.00,-1.00
5,335,50,0,0.00,-1.00
5,336,50,0,0.00,-1.00
5,337,50,0,0.00,-1.00
5,338,50,0,0.04,-1.00
5,339,50,0,0.00,-1.00
5,340,50,0,0.04,-1.00
5,341,50,0,0.06,-1.00
5,342,50,0,0.08,-1.00
5,343,50,0,0.08,-1.00
5,344,50,0,0.10,-1.00
5,345,50,0,0.10,-1.00
5,346,50,0,0.04,-1.00
5,347,50,0,0.04,-1.00
5,348,50,0,0.14,-1.00
5,349,50,0,0.06,-1.00
5,350,50,0,0.02,-1.00
5,351,50,0,0.02,-1.00
5,352,50,0,0.04,-1.00
5,353,50,0,0.00,-1.00
5,354,50,0,0.00,-1.00
5,355,50,0,0.00,-1.00
5,356,50,0,0.02,-1.00
5,357,50,0,0.00,-1.00
5,358,50,0,0.02,-1.00
5,359,50,0,0.02,-1.00
5,360,50,0,0.06,-1.00
5,361,50,0,0.04,-1.00
5,362,50,0,0.10,-1.00
5,363,50,0,0.14,-1.00
5,364,50,0,0.06,-1.00
5,365,50,0,0.10,-1.00
5,366,50,0,0.06,-1.00
5,367,50,0,0.06,-1.00
5,368,50,0,0.02,-1.00
5,369,50,0,0.00,-1.00
5,370,50,0,0.02,-1.00
5,371,50,0,0.02,-1.00
5,372,50,0,0.08,-1.00
5,373,50,0,0.08,-1.00
5,374,50,0,0.08,-1.00
5,375,50,0,0.12,-1.00
5,376,50,0,0.18,-1.00
5,377,50,0,0.16,-1.00
5,378,50,0,0.16,-1.00
5,379,50,0,0.16,-1.00
5,380,50,0,0.18,-1.00
5,381,50,0,0.12,-1.00
5,382,50,0,0.06,-1.00
5,383,50,0,0.06,-1.00
5,384,50,0,0.06,-1.00
5,385,50,0,0.12,-1.00
5,386,50,0,0.16,-1.00
5,387,50,0,0.24,-1.00
5,388,50,0,0.28,-1.00
5,389,50,0,0.36,-1.00
5,390,50,0,0.26,-1.00
5,391,50,0,0.26,-1.00
5,392,50,0,0.18,-1.00
5,393,50,0,0.10,-1.00
5,394,50,0,0.10,-1.00
5,395,50,0,0.10,-1.00
5,396,50,0,0.10,-1.00
5,397,50,0,0.10,-1.00
5,398,50,0,0.06,-1.00
5,399,50,0,0.08,-1.00
5,400,50,0,0.06,-1.00
5,401,50,0,0.02,-1.00
5,402,50,0,0.04,-1.00
5,403,50,0,0.06,-1.00
5,404,50,0,0.10,-1.00
5,405,50,0,0.12,-1.00
5,406,50,0,0.14,-1.00
5,407,50,0,0.10,-1.00
5,408,50,0,0.16,-1.00
5,409,50,0,0.16,-1.00
5,410,50,0,0.06,-1.00
5,411,50,0,0.04,-1.00
5,412,50,0,0.08,-1.00
5,413,50,0,0.08,-1.00
5,414,50,0,0.10,-1.00
5,415,50,0,0.02,-1.00
5,416,50,0,0.00,-1.00
5,417,50,0,0.00,-1.00
5,418,50,0,0.00,-1.00
5,419,50,0,0.00,-1.00
5,420,50,0,0.06,-1.00
5,421,50,0,0.06,-1.00
5,422,50,0,0.04,-1.00
5,423,50,0,0.12,-1.00
5,424,50,0,0.16,-1.00
5,425,50,0,0.16,-1.00
5,426,50,0,0.20,-1.00
5,427,50,0,0.24,-1.00
5,428,50,0,0.26,-1.00
5,429,50,0,0.22,-1.00
5,430,50,0,0.16,-1.00
5,431,50,0,0.18,-1.00
5,432,50,0,0.22,-1.00
5,433,50,0,0.16,-1.00
5,434,50,0,0.10,-1.00
5,435,50,0,0.14,-1.00
5,436,50,0,0.06,-1.00
5,437,50,0,0.14,-1.00
5,438,50,0,0.20,-1.00
5,439,50,0,0.16,-1.00
5,440,50,0,0.12,-1.00
5,441,50,0,0.18,-1.00
5,442,50,0,0.22,-1.00
5,443,50,0,0.20,-1.00
5,444,50,0,0.28,-1.00
5,445,50,0,0.20,-1.00
5,446,50,0,0.16,-1.00
5,447,50,0,0.22,-1.00
5,448,50,0,0.16,-1.00
5,449,50,0,0.12,-1.00
5,450,50,0,0.14,-1.00
5,451,50,0,0.20,-1.00
5,452,50,0,0.18,-1.00
5,453,50,0,0.16,-1.00
5,454,50,0,0.12,-1.00
5,455,50,0,0.18,-1.00
5,456,50,0,0.08,-1.00
5,457,50,0,0.20,-1.00
5,458,50,0,0.16,-1.00
5,459,50,0,0.14,-1.00
5,460,50,0,0.10,-1.00
5,461,50,0,0.08,-1.00
5,462,50,0,0.06,-1.00
5,463,50,0,0.04,-1.00
5,464,50,0,0.04,-1.00
5,465,50,0,0.02,-1.00
5,466,50,0,0.00,-1.00
5,467,50,0,0.00,-1.00
5,468,50,0,0.00,-1.00
5,469,50,0,0.00,-1.00
5,470,50,0,0.00,-1.00
5,471,50,0,0.00,-1.00
5,472,50,0,0.00,-1.00
5,473,50,0,0.06,-1.00
5,474,50,0,0.02,-1.00
5,475,50,0,0.02,-1.00
5,476,50,0,0.06,-1.00
5,477,50,0,0.12,-1.00
5,478,50,0,0.08,-1.00
5,479,50,0,0.10,-1.00
5,480,50,0,0.08,-1.00
5,481,50,0,0.08,-1.00
5,482,50,0,0.06,-1.00
5,483,50,0,0.06,-1.00
5,484,50,0,0.02,-1.00
5,485,50,0,0.06,-1.00
5,486,50,0,0.04,-1.00
5,487,50,0,0.04,-1.00
5,488,50,0,0.04,-1.00
5,489,50,0,0.06,-1.00
5,490,50,0,0.04,-1.00
5,491,50,0,0.00,-1.00
5,492,50,0,0.04,-1.00
5,493,50,0,0.02,-1.00
5,494,50,0,0.02,-1.00
5,495,50,0,0.04,-1.00
5,496,50,0,0.08,-1.00
5,497,50,0,0.08,-1.00
5,498,50,0,0.04,-1.00
5,499,50,0,0.06,-1.00
5,500,50,0,0.06,-1.00
6,1,50,0,0.00,-1.00
6,2,50,0,0.00,-1.00
6,3,50,0,0.00,-1.00
6,4,50,0,0.00,-1.00
6,5,50,0,0.02,-1.00
6,6,50,0,0.02,-1.00
6,7,50,0,0.00,-1.00
6,8,50,0,0.02,-1.00
6,9,50,0,0.00,-1.00
6,10,50,0,0.00,-1.00
6,11,50,0,0.00,-1.00
6,12,50,0,0.00,-1.00
6,13,50,0,0.00,-1.00
6,14,50,0,0.00,-1.00
6,15,50,0,0.00,-1.00
6,16,50,0,0.00,-1.00
6,17,50,0,0.00,-1.00
6,18,50,0,0.02,-1.00
6,19,50,0,0.00,-1.00
6,20,50,0,0.00,-1.00
6,21,50,0,0.00,-1.00
6,22,50,0,0.00,-1.00
6,23,50,0,0.00,-1.00
6,24,50,0,0.02,-1.00
6,25,50,0,0.02,-1.00
6,26,50,0,0.00,-1.00
6,27,50,0,0.04,-1.00
6,28,50,0,0.04,-1.00
6,29,50,0,0.10,-1.00
6,30,50,0,0.08,-1.00
6,31,50,0,0.12,-1.00
6,32,50,0,0.04,-1.00
6,33,50,0,0.08,-1.00
6,34,50,0,0.10,-1.00
6,35,50,0,0.16,-1.00
6,36,50,0,0.10,-1.00
6,37,50,0,0.12,-1.00
6,38,50,0,0.10,-1.00
6,39,50,0,0.10,-1.00
6,40,50,0,0.06,-1.00
6,41,50,0,0.08,-1.00
6,42,50,0,0.04,-1.00
6,43,50,0,0.02,-1.00
6,44,50,0,0.08,-1.00
6,45,50,0,0.04,-1.00
6,46,50,0,0.04,-1.00
6,47,50,0,0.04,-1.00
6,48,50,0,0.08,-1.00
6,49,50,0,0.04,-1.00
6,50,50,0,0.00,-1.00
6,51,50,0,0.00,-1.00
6,52,50,0,0.00,-1.00
6,53,50,0,0.00,-1.00
6,54,50,0,0.02,-1.00
6,55,50,0,0.00,-1.00
6,56,50,0,0.00,-1.00
6,57,50,0,0.00,-1.00
6,58,50,0,0.00,-1.00
6,59,50,0,0.00,-1.00
6,60,50,0,0.00,-1.00
6,61,50,0,0.00,-1.00
6,62,50,0,0.00,-1.00
6,63,50,0,0.00,-1.00
6,64,50,0,0.00,-1.00
6,65,50,0,0.00,-1.00
6,66,50,0,0.00,-1.00
6,67,50,0,0.00,-1.00
6,68,50,0,0.00,-1.00
6,69,50,0,0.02,-1.00
6,70,50,0,0.02,-1.00
6,71,50,0,0.00,-1.00
6,72,50,0,0.04,-1.00
6,73,50,0,0.08,-1.00
6,74,50,0,0.06,-1.00
6,75,50,0,0.02,-1.00
6,76,50,0,0.02,-1.00
6,77,50,0,0.02,-1.00
6,78,50,0,0.00,-1.00
6,79,50,0,0.00,-1.00
6,80,50,0,0.00,-1.00
6,81,50,0,0.00,-1.00
6,82,50,0,0.00,-1.00
6,83,50,0,0.02,-1.00
6,84,50,0,0.02,-1.00
6,85,50,0,0.04,-1.00
6,86,50,0,0.06,-1.00
6,87,50,0,0.08,-1.00
6,88,50,0,0.06,-1.00
6,89,50,0,0.08,-1.00
6,90,50,0,0.04,-1.00
6,91,50,0,0.04,-1.00
6,92,50,0,0.02,-1.00
6,93,50,0,0.08,-1.00
6,94,50,0,0.08,-1.00
6,95,50,0,0.08,-1.00
6,96,50,0,0.06,-1.00
6,97,50,0,0.04,-1.00
6,98,50,0,0.04,-1.00
6,99,50,0,0.04,-1.00
6,100,50,0,0.04,-1.00
6,101,50,0,0.04,-1.00
6,102,50,0,0.08,-1.00
6,103,50,0,0.12,-1.00
6,104,50,0,0.14,-1.00
6,105,50,0,0.16,-1.00
6,106,50,0,0.10,-1.00
6,107,50,0,0.08,-1.00
6,108,50,0,0.10,-1.00
6,109,50,0,0.12,-1.00
6,110,50,0,0.06,-1.00
6,111,50,0,0.06,-1.00
6,112,50,0,0.04,-1.00
6,113,50,0,0.04,-1.00
6,114,50,0,0.08,-1.00
6,115,50,0,0.04,-1.00
6,116,50,0,0.04,-1.00
6,117,50,0,0.04,-1.00
6,118,50,0,0.08,-1.00
6,119,50,0,0.12,-1.00
6,120,50,0,0.18,-1.00
6,121,50,0,0.30,-1.00
6,122,50,0,0.24,-1.00
6,123,50,0,0.38,-1.00
6,124,50,0,0.42,-1.00
6,125,50,0,0.34,-1.00
6,126,50,0,0.38,-1.00
6,127,50,0,0.52,-1.00
6,128,50,0,0.54,-1.00
6,129,50,0,0.58,-1.00
6,130,50,0,0.36,-1.00
6,131,50,0,0.32,-1.00
6,132,50,0,0.30,-1.00
6,133,50,0,0.26,-1.00
6,134,50,0,0.22,-1.00
6,135,50,0,0.16,-1.00
6,136,50,0,0.18,-1.00
6,137,50,0,0.06,-1.00
6,138,50,0,0.14,-1.00
6,139,50,0,0.16,-1.00
6,140,50,0,0.12,-1.00
6,141,50,0,0.12,-1.00
6,142,50,0,0.10,-1.00
6,143,50,0,0.02,-1.00
6,144,50,0,0.02,-1.00
6,145,50,0,0.00,-1.00
6,146,50,0,0.00,-1.00
6,147,50,0,0.04,-1.00
6,148,50,0,0.02,-1.00
6,149,50,0,0.10,-1.00
6,150,50,0,0.08,-1.00
6,151,50,0,0.04,-1.00
6,152,50,0,0.00,-1.00
6,153,50,0,0.00,-1.00
6,154,50,0,0.00,-1.00
6,155,50,0,0.00,-1.00
6,156,50,0,0.02,-1.00
6,157,50,0,0.00,-1.00
6,158,50,0,0.00,-1.00
6,159,50,0,0.00,-1.00
6,160,50,0,0.00,-1.00
6,161,50,0,0.02,-1.00
6,162,50,0,0.04,-1.00
6,163,50,0,0.02,-1.00
6,164,50,0,0.08,-1.00
6,165,50,0,0.12,-1.00
6,166,50,0,0.18,-1.00
6,167,50,0,0.16,-1.00
6,168,50,0,0.14,-1.00
6,169,50,0,0.26,-1.00
6,170,50,0,0.26,-1.00
6,171,50,0,0.24,-1.00
6,172,50,0,0.14,-1.00
6,173,50,0,0.08,-1.00
6,174,50,0,0.16,-1.00
6,175,50,0,0.12,-1.00
6,176,50,0,0.14,-1.00
6,177,50,0,0.16,-1.00
6,178,50,0,0.12,-1.00
6,179,50,0,0.10,-1.00
6,180,50,0,0.16,-1.00
6,181,50,0,0.20,-1.00
6,182,50,0,0.12,-1.00
6,183,50,0,0.16,-1.00
6,184,50,0,0.14,-1.00
6,185,50,0,0.22,-1.00
6,186,50,0,0.22,-1.00
6,187,50,0,0.20,-1.00
6,188,50,0,0.14,-1.00
6,189,50,0,0.12,-1.00
6,190,50,0,0.06,-1.00
6,191,50,0,0.08,-1.00
6,192,50,0,0.04,-1.00
6,193,50,0,0.02,-1.00
6,194,50,0,0.00,-1.00
6,195,50,0,0.02,-1.00
6,196,50,0,0.04,-1.00
6,197,50,0,0.08,-1.00
6,198,50,0,0.08,-1.00
6,199,50,0,0.12,-1.00
6,200,50,0,0.08,-1.00
6,201,50,0,0.04,-1.00
6,202,50,0,0.04,-1.00
6,203,50,0,0.08,-1.00
6,204,50,0,0.16,-1.00
6,205,50,0,0.18,-1.00
6,206,50,0,0.10,-1.00
6,207,50,0,0.14,-1.00
6,208,50,0,0.04,-1.00
6,209,50,0,0.00,-1.00
6,210,50,0,0.00,-1.00
6,211,50,0,0.00,-1.00
6,212,50,0,0.00,-1.00
6,213,50,0,0.00,-1.00
6,214,50,0,0.02,-1.00
6,215,50,0,0.04,-1.00
6,216,50,0,0.04,-1.00
6,217,50,0,0.04,-1.00
6,218,50,0,0.04,-1.00
6,219,50,0,0.04,-1.00
6,220,50,0,0.12,-1.00
6,221,50,0,0.06,-1.00
6,222,50,0,0.12,-1.00
6,223,50,0,0.18,-1.00
6,224,50,0,0.18,-1.00
6,225,50,0,0.16,-1.00
6,226,50,0,0.20,-1.00
6,227,50,0,0.22,-1.00
6,228,50,0,0.26,-1.00
6,229,50,0,0.22,-1.00
6,230,50,0,0.30,-1.00
6,231,50,0,0.26,-1.00
6,232,50,0,0.26,-1.00
6,233,50,0,0.30,-1.00
6,234,50,0,0.36,-1.00
6,235,50,0,0.34,-1.00
6,236,50,0,0.24,-1.00
6,237,50,0,0.22,-1.00
6,238,50,0,0.18,-1.00
6,239,50,0,0.14,-1.00
6,240,50,0,0.12,-1.00
6,241,50,0,0.08,-1.00
6,242,50,0,0.08,-1.00
6,243,50,0,0.04,-1.00
6,244,50,0,0.08,-1.00
6,245,50,0,0.02,-1.00
6,246,50,0,0.00,-1.00
6,247,50,0,0.00,-1.00
6,248,50,0,0.00,-1.00
6,249,50,0,0.04,-1.00
6,250,50,0,0.06,-1.00
6,251,50,0,0.14,-1.00
6,252,50,0,0.16,-1.00
6,253,50,0,0.06,-1.00
6,254,50,0,0.10,-1.00
6,255,50,0,0.14,-1.00
6,256,50,0,0.18,-1.00
6,257,50,0,0.16,-1.00
6,258,50,0,0.04,-1.00
6,259,50,0,0.06,-1.00
6,260,50,0,0.06,-1.00
6,261,50,0,0.00,-1.00
6,262,50,0,0.00,-1.00
6,263,50,0,0.00,-1.00
6,264,50,0,0.00,-1.00
6,265,50,0,0.00,-1.00
6,266,50,0,0.08,-1.00
6,267,50,0,0.08,-1.00
6,268,50,0,0.12,-1.00
6,269,50,0,0.14,-1.00
6,270,50,0,0.06,-1.00
6,271,50,0,0.02,-1.00
6,272,50,0,0.04,-1.00
6,273,50,0,0.06,-1.00
6,274,50,0,0.08,-1.00
6,275,50,0,0.06,-1.00
6,276,50,0,0.02,-1.00
6,277,50,0,0.00,-1.00
6,278,50,0,0.00,-1.00
6,279,50,0,0.02,-1.00
6,280,50,0,0.10,-1.00
6,281,50,0,0.12,-1.00
6,282,50,0,0.04,-1.00
6,283,50,0,0.04,-1.00
6,284,50,0,0.04,-1.00
6,285,50,0,0.10,-1.00
6,286,50,0,0.14,-1.00
6,287,50,0,0.08,-1.00
6,288,50,0,0.12,-1.00
6,289,50,0,0.14,-1.00
6,290,50,0,0.06,-1.00
6,291,50,0,0.04,-1.00
6,292,50,0,0.10,-1.00
6,293,50,0,0.18,-1.00
6,294,50,0,0.16,-1.00
6,295,50,0,0.24,-1.00
6,296,50,0,0.16,-1.00
6,297,50,0,0.04,-1.00
6,298,50,0,0.08,-1.00
6,299,50,0,0.04,-1.00
6,300,50,0,0.00,-1.00
6,301,50,0,0.06,-1.00
6,302,50,0,0.06,-1.00
6,303,50,0,0.08,-1.00
6,304,50,0,0.06,-1.00
6,305,50,0,0.04,-1.00
6,306,50,0,0.10,-1.00
6,307,50,0,0.10,-1.00
6,308,50,0,0.08,-1.00
6,309,50,0,0.12,-1.00
6,310,50,0,0.14,-1.00
6,311,50,0,0.08,-1.00
6,312,50,0,0.04,-1.00
6,313,50,0,0.08,-1.00
6,314,50,0,0.06,-1.00
6,315,50,0,0.06,-1.00
6,316,50,0,0.10,-1.00
6,317,50,0,0.04,-1.00
6,318,50,0,0.08,-1.00
6,319,50,0,0.14,-1.00
6,320,50,0,0.10,-1.00
6,321,50,0,0.12,-1.00
6,322,50,0,0.20,-1.00
6,323,50,0,0.18,-1.00
6,324,50,0,0.20,-1.00
6,325,50,0,0.16,-1.00
6,326,50,0,0.16,-1.00
6,327,50,0,0.18,-1.00
6,328,50,0,0.22,-1.00
6,329,50,0,0.20,-1.00
6,330,50,0,0.28,-1.00
6,331,50,0,0.22,-1.00
6,332,50,0,0.18,-1.00
6,333,50,0,0.08,-1.00
6,334,50,0,0.04,-1.00
6,335,50,0,0.06,-1.00
6,336,50,0,0.08,-1.00
6,337,50,0,0.08,-1.00
6,338,50,0,0.14,-1.00
6,339,50,0,0.10,-1.00
6,340,50,0,0.08,-1.00
6,341,50,0,0.10,-1.00
6,342,50,0,0.16,-1.00
6,343,50,0,0.08,-1.00
6,344,50,0,0.06,-1.00
6,345,50,0,0.06,-1.00
6,346,50,0,0.02,-1.00
6,347,50,0,0.00,-1.00
6,348,50,0,0.00,-1.00
6,349,50,0,0.02,-1.00
6,350,50,0,0.02,-1.00
6,351,50,0,0.06,-1.00
6,352,50,0,0.14,-1.00
6,353,50,0,0.18,-1.00
6,354,50,0,0.12,-1.00
6,355,50,0,0.08,-1.00
6,356,50,0,0.02,-1.00
6,357,50,0,0.00,-1.00
6,358,50,0,0.00,-1.00
6,359,50,0,0.00,-1.00
6,360,50,0,0.04,-1.00
6,361,50,0,0.00,-1.00
6,362,50,0,0.06,-1.00
6,363,50,0,0.02,-1.00
6,364,50,0,0.00,-1.00
6,365,50,0,0.00,-1.00
6,366,50,0,0.00,-1.00
6,367,50,0,0.00,-1.00
6,368,50,0,0.00,-1.00
6,369,50,0,0.00,-1.00
6,370,50,0,0.00,-1.00
6,371,50,0,0.00,-1.00
6,372,50,0,0.00,-1.00
6,373,50,0,0.00,-1.00
6,374,50,0,0.00,-1.00
6,375,50,0,0.00,-1.00
6,376,50,0,0.00,-1.00
6,377,50,0,0.00,-1.00
6,378,50,0,0.00,-1.00
6,379,50,0,0.00,-1.00
6,380,50,0,0.04,-1.00
6,381,50,0,0.06,-1.00
6,382,50,0,0.08,-1.00
6,383,50,0,0.06,-1.00
6,384,50,0,0.04,-1.00
6,385,50,0,0.04,-1.00
6,386,50,0,0.02,-1.00
6,387,50,0,0.02,-1.00
6,388,50,0,0.02,-1.00
6,389,50,0,0.10,-1.00
6,390,50,0,0.08,-1.00
6,391,50,0,0.10,-1.00
6,392,50,0,0.06,-1.00
6,393,50,0,0.12,-1.00
6,394,50,0,0.08,-1.00
6,395,50,0,0.00,-1.00
6,396,50,0,0.00,-1.00
6,397,50,0,0.00,-1.00
6,398,50,0,0.00,-1.00
6,399,50,0,0.00,-1.00
6,400,50,0,0.00,-1.00
6,401,50,0,0.00,-1.00
6,402,50,0,0.02,-1.00
6,403,50,0,0.04,-1.00
6,404,50,0,0.02,-1.00
6,405,50,0,0.06,-1.00
6,406,50,0,0.02,-1.00
6,407,50,0,0.00,-1.00
6,408,50,0,0.02,-1.00
6,409,50,0,0.14,-1.00
6,410,50,0,0.12,-1.00
6,411,50,0,0.12,-1.00
6,412,50,0,0.02,-1.00
6,413,50,0,0.04,-1.00
6,414,50,0,0.04,-1.00
6,415,50,0,0.14,-1.00
6,416,50,0,0.10,-1.00
6,417,50,0,0.08,-1.00
6,418,50,0,0.08,-1.00
6,419,50,0,0.12,-1.00
6,420,50,0,0.10,-1.00
6,421,50,0,0.06,-1.00
6,422,50,0,0.04,-1.00
6,423,50,0,0.00,-1.00
6,424,50,0,0.00,-1.00
6,425,50,0,0.00,-1.00
6,426,50,0,0.00,-1.00
6,427,50,0,0.00,-1.00
6,428,50,0,0.00,-1.00
6,429,50,0,0.04,-1.00
6,430,50,0,0.02,-1.00
6,431,50,0,0.00,-1.00
6,432,50,0,0.00,-1.00
6,433,50,0,0.00,-1.00
6,434,50,0,0.06,-1.00
6,435,50,0,0.04,-1.00
6,436,50,0,0.00,-1.00
6,437,50,0,0.00,-1.00
6,438,50,0,0.00,-1.00
6,439,50,0,0.06,-1.00
6,440,50,0,0.10,-1.00
6,441,50,0,0.14,-1.00
6,442,50,0,0.20,-1.00
6,443,50,0,0.18,-1.00
6,444,50,0,0.18,-1.00
6,445,50,0,0.20,-1.00
6,446,50,0,0.18,-1.00
6,447,50,0,0.14,-1.00
6,448,50,0,0.14,-1.00
6,449,50,0,0.10,-1.00
6,450,50,0,0.10,-1.00
6,451,50,0,0.06,-1.00
6,452,50,0,0.04,-1.00
6,453,50,0,0.04,-1.00
6,454,50,0,0.04,-1.00
6,455,50,0,0.02,-1.00
6,456,50,0,0.00,-1.00
6,457,50,0,0.00,-1.00
6,458,50,0,0.02,-1.00
6,459,50,0,0.06,-1.00
6,460,50,0,0.08,-1.00
6,461,50,0,0.06,-1.00
6,462,50,0,0.10,-1.00
6,463,50,0,0.10,-1.00
6,464,50,0,0.10,-1.00
6,465,50,0,0.12,-1.00
6,466,50,0,0.18,-1.00
6,467,50,0,0.24,-1.00
6,468,50,0,0.22,-1.00
6,469,50,0,0.42,-1.00
6,470,50,0,0.50,-1.00
6,471,50,0,0.36,-1.00
6,472,50,0,0.32,-1.00
6,473,50,0,0.36,-1.00
6,474,50,0,0.36,-1.00
6,475,50,0,0.46,-1.00
6,476,50,0,0.54,-1.00
6,477,50,0,0.34,-1.00
6,478,50,0,0.30,-1.00
6,479,50,0,0.20,-1.00
6,480,50,0,0.16,-1.00
6,481,50,0,0.16,-1.00
6,482,50,0,0.10,-1.00
6,483,50,0,0.22,-1.00
6,484,50,0,0.30,-1.00
6,485,50,0,0.40,-1.00
6,486,50,0,0.44,-1.00
6,487,50,0,0.44,-1.00
6,488,50,0,0.38,-1.00
6,489,50,0,0.46,-1.00
6,490,50,0,0.36,-1.00
6,491,50,0,0.36,-1.00
6,492,50,0,0.54,-1.00
6,493,50,0,0.52,-1.00
6,494,50,0,0.64,-1.00
6,495,50,0,0.62,-1.00
6,496,50,0,0.54,-1.00
6,497,50,0,0.50,-1.00
6,498,50,0,0.32,-1.00
6,499,50,0,0.24,-1.00
6,500,50,0,0.20,-1.00
7,1,50,0,0.00,-1.00
7,2,50,0,0.00,-1.00
7,3,50,0,0.00,-1.00
7,4,50,0,0.02,-1.00
7,5,50,0,0.02,-1.00
7,6,50,0,0.00,-1.00
7,7,50,0,0.00,-1.00
7,8,50,0,0.02,-1.00
7,9,50,0,0.04,-1.00
7,10,50,0,0.00,-1.00
7,11,50,0,0.00,-1.00
7,12,50,0,0.00,-1.00
7,13,50,0,0.00,-1.00
7,14,50,0,0.02,-1.00
7,15,50,0,0.02,-1.00
7,16,50,0,0.06,-1.00
7,17,50,0,0.10,-1.00
7,18,50,0,0.10,-1.00
7,19,50,0,0.14,-1.00
7,20,50,0,0.10,-1.00
7,21,50,0,0.14,-1.00
7,22,50,0,0.08,-1.00
7,23,50,0,0.06,-1.00
7,24,50,0,0.02,-1.00
7,25,50,0,0.00,-1.00
7,26,50,0,0.02,-1.00
7,27,50,0,0.02,-1.00
7,28,50,0,0.00,-1.00
7,29,50,0,0.00,-1.00
7,30,50,0,0.00,-1.00
7,31,50,0,0.00,-1.00
7,32,50,0,0.00,-1.00
7,33,50,0,0.02,-1.00
7,34,50,0,0.06,-1.00
7,35,50,0,0.02,-1.00
7,36,50,0,0.00,-1.00
7,37,50,0,0.00,-1.00
7,38,50,0,0.00,-1.00
7,39,50,0,0.00,-1.00
7,40,50,0,0.02,-1.00
7,41,50,0,0.00,-1.00
7,42,50,0,0.00,-1.00
7,43,50,0,0.00,-1.00
7,44,50,0,0.00,-1.00
7,45,50,0,0.00,-1.00
7,46,50,0,0.00,-1.00
7,47,50,0,0.00,-1.00
7,48,50,0,0.00,-1.00
7,49,50,0,0.00,-1.00
7,50,50,0,0.00,-1.00
7,51,50,0,0.00,-1.00
7,52,50,0,0.00,-1.00
7,53,50,0,0.00,-1.00
7,54,50,0,0.06,-1.00
7,55,50,0,0.06,-1.00
7,56,50,0,0.06,-1.00
7,57,50,0,0.02,-1.00
7,58,50,0,0.02,-1.00
7,59,50,0,0.08,-1.00
7,60,50,0,0.08,-1.00
7,61,50,0,0.02,-1.00
7,62,50,0,0.04,-1.00
7,63,50,0,0.08,-1.00
7,64,50,0,0.04,-1.00
7,65,50,0,0.10,-1.00
7,66,50,0,0.14,-1.00
7,67,50,0,0.20,-1.00
7,68,50,0,0.14,-1.00
7,69,50,0,0.10,-1.00
7,70,50,0,0.10,-1.00
7,71,50,0,0.08,-1.00
7,72,50,0,0.04,-1.00
7,73,50,0,0.04,-1.00
7,74,50,0,0.04,-1.00
7,75,50,0,0.06,-1.00
7,76,50,0,0.02,-1.00
7,77,50,0,0.00,-1.00
7,78,50,0,0.02,-1.00
7,79,50,0,0.02,-1.00
7,80,50,0,0.04,-1.00
7,81,50,0,0.08,-1.00
7,82,50,0,0.16,-1.00
7,83,50,0,0.18,-1.00
7,84,50,0,0.22,-1.00
7,85,50,0,0.22,-1.00
7,86,50,0,0.16,-1.00
7,87,50,0,0.06,-1.00
7,88,50,0,0.04,-1.00
7,89,50,0,0.02,-1.00
7,90,50,0,0.00,-1.00
7,91,50,0,0.00,-1.00
7,92,50,0,0.00,-1.00
7,93,50,0,0.06,-1.00
7,94,50,0,0.00,-1.00
7,95,50,0,0.00,-1.00
7,96,50,0,0.00,-1.00
7,97,50,0,0.00,-1.00
7,98,50,0,0.04,-1.00
7,99,50,0,0.06,-1.00
7,100,50,0,0.04,-1.00
7,101,50,0,0.02,-1.00
7,102,50,0,0.06,-1.00
7,103,50,0,0.06,-1.00
7,104,50,0,0.16,-1.00
7,105,50,0,0.10,-1.00
7,106,50,0,0.14,-1.00
7,107,50,0,0.04,-1.00
7,108,50,0,0.04,-1.00
7,109,50,0,0.02,-1.00
7,110,50,0,0.02,-1.00
7,111,50,0,0.02,-1.00
7,112,50,0,0.02,-1.00
7,113,50,0,0.00,-1.00
7,114,50,0,0.08,-1.00
7,115,50,0,0.04,-1.00
7,116,50,0,0.06,-1.00
7,117,50,0,0.06,-1.00
7,118,50,0,0.06,-1.00
7,119,50,0,0.04,-1.00
7,120,50,0,0.04,-1.00
7,121,50,0,0.04,-1.00
7,122,50,0,0.06,-1.00
7,123,50,0,0.10,-1.00
7,124,50,0,0.14,-1.00
7,125,50,0,0.28,-1.00
7,126,50,0,0.34,-1.00
7,127,50,0,0.20,-1.00
7,128,50,0,0.12,-1.00
7,129,50,0,0.14,-1.00
7,130,50,0,0.12,-1.00
7,131,50,0,0.12,-1.00
7,132,50,0,0.08,-1.00
7,133,50,0,0.00,-1.00
7,134,50,0,0.02,-1.00
7,135,50,0,0.02,-1.00
7,136,50,0,0.00,-1.00
7,137,50,0,0.00,-1.00
7,138,50,0,0.02,-1.00
7,139,50,0,0.00,-1.00
7,140,50,0,0.00,-1.00
7,141,50,0,0.00,-1.00
7,142,50,0,0.00,-1.00
7,143,50,0,0.00,-1.00
7,144,50,0,0.00,-1.00
7,145,50,0,0.00,-1.00
7,146,50,0,0.00,-1.00
7,147,50,0,0.02,-1.00
7,148,50,0,0.14,-1.00
7,149,50,0,0.16,-1.00
7,150,50,0,0.26,-1.00
7,151,50,0,0.16,-1.00
7,152,50,0,0.16,-1.00
7,153,50,0,0.20,-1.00
7,154,50,0,0.16,-1.00
7,155,50,0,0.12,-1.00
7,156,50,0,0.08,-1.00
7,157,50,0,0.06,-1.00
7,158,50,0,0.02,-1.00
7,159,50,0,0.04,-1.00
7,160,50,0,0.04,-1.00
7,161,50,0,0.04,-1.00
7,162,50,0,0.04,-1.00
7,163,50,0,0.02,-1.00
7,164,50,0,0.02,-1.00
7,165,50,0,0.02,-1.00
7,166,50,0,0.06,-1.00
7,167,50,0,0.04,-1.00
7,168,50,0,0.06,-1.00
7,169,50,0,0.08,-1.00
7,170,50,0,0.06,-1.00
7,171,50,0,0.08,-1.00
7,172,50,0,0.02,-1.00
7,173,50,0,0.02,-1.00
7,174,50,0,0.02,-1.00
7,175,50,0,0.00,-1.00
7,176,50,0,0.00,-1.00
7,177,50,0,0.00,-1.00
7,178,50,0,0.00,-1.00
7,179,50,0,0.00,-1.00
7,180,50,0,0.00,-1.00
7,181,50,0,0.00,-1.00
7,182,50,0,0.00,-1.00
7,183,50,0,0.04,-1.00
7,184,50,0,0.02,-1.00
7,185,50,0,0.02,-1.00
7,186,50,0,0.08,-1.00
7,187,50,0,0.02,-1.00
7,188,50,0,0.04,-1.00
7,189,50,0,0.02,-1.00
7,190,50,0,0.04,-1.00
7,191,50,0,0.02,-1.00
7,192,50,0,0.02,-1.00
7,193,50,0,0.00,-1.00
7,194,50,0,0.00,-1.00
7,195,50,0,0.00,-1.00
7,196,50,0,0.00,-1.00
7,197,50,0,0.00,-1.00
7,198,50,0,0.04,-1.00
7,199,50,0,0.06,-1.00
7,200,50,0,0.06,-1.00
7,201,50,0,0.10,-1.00
7,202,50,0,0.14,-1.00
7,203,50,0,0.08,-1.00
7,204,50,0,0.12,-1.00
7,205,50,0,0.18,-1.00
7,206,50,0,0.28,-1.00
7,207,50,0,0.24,-1.00
7,208,50,0,0.30,-1.00
7,209,50,0,0.36,-1.00
7,210,50,0,0.34,-1.00
7,211,50,0,0.30,-1.00
7,212,50,0,0.28,-1.00
7,213,50,0,0.30,-1.00
7,214,50,0,0.26,-1.00
7,215,50,0,0.22,-1.00
7,216,50,0,0.28,-1.00
7,217,50,0,0.34,-1.00
7,218,50,0,0.24,-1.00
7,219,50,0,0.28,-1.00
7,220,50,0,0.30,-1.00
7,221,50,0,0.24,-1.00
7,222,50,0,0.26,-1.00
7,223,50,0,0.20,-1.00
7,224,50,0,0.22,-1.00
7,225,50,0,0.08,-1.00
7,226,50,0,0.04,-1.00
7,227,50,0,0.02,-1.00
7,228,50,0,0.04,-1.00
7,229,50,0,0.04,-1.00
7,230,50,0,0.06,-1.00
7,231,50,0,0.04,-1.00
7,232,50,0,0.04,-1.00
7,233,50,0,0.08,-1.00
7,234,50,0,0.12,-1.00
7,235,50,0,0.16,-1.00
7,236,50,0,0.06,-1.00
7,237,50,0,0.06,-1.00
7,238,50,0,0.02,-1.00
7,239,50,0,0.08,-1.00
7,240,50,0,0.08,-1.00
7,241,50,0,0.14,-1.00
7,242,50,0,0.08,-1.00
7,243,50,0,0.06,-1.00
7,244,50,0,0.10,-1.00
7,245,50,0,0.16,-1.00
7,246,50,0,0.16,-1.00
7,247,50,0,0.06,-1.00
7,248,50,0,0.04,-1.00
7,249,50,0,0.04,-1.00
7,250,50,0,0.06,-1.00
7,251,50,0,0.04,-1.00
7,252,50,0,0.04,-1.00
7,253,50,0,0.02,-1.00
7,254,50,0,0.06,-1.00
7,255,50,0,0.06,-1.00
7,256,50,0,0.06,-1.00
7,257,50,0,0.00,-1.00
7,258,50,0,0.00,-1.00
7,259,50,0,0.00,-1.00
7,260,50,0,0.04,-1.00
7,261,50,0,0.08,-1.00
7,262,50,0,0.14,-1.00
7,263,50,0,0.16,-1.00
7,264,50,0,0.16,-1.00
7,265,50,0,0.14,-1.00
7,266,50,0,0.12,-1.00
7,267,50,0,0.08,-1.00
7,268,50,0,0.04,-1.00
7,269,50,0,0.06,-1.00
7,270,50,0,0.02,-1.00
7,271,50,0,0.00,-1.00
7,272,50,0,0.00,-1.00
7,273,50,0,0.00,-1.00
7,274,50,0,0.00,-1.00
7,275,50,0,0.02,-1.00
7,276,50,0,0.02,-1.00
7,277,50,0,0.08,-1.00
7,278,50,0,0.06,-1.00
7,279,50,0,0.04,-1.00
7,280,50,0,0.04,-1.00
7,281,50,0,0.02,-1.00
7,282,50,0,0.06,-1.00
7,283,50,0,0.14,-1.00
7,284,50,0,0.16,-1.00
7,285,50,0,0.16,-1.00
7,286,50,0,0.10,-1.00
7,287,50,0,0.04,-1.00
7,288,50,0,0.04,-1.00
7,289,50,0,0.06,-1.00
7,290,50,0,0.08,-1.00
7,291,50,0,0.12,-1.00
7,292,50,0,0.10,-1.00
7,293,50,0,0.04,-1.00
7,294,50,0,0.08,-1.00
7,295,50,0,0.08,-1.00
7,296,50,0,0.08,-1.00
7,297,50,0,0.10,-1.00
7,298,50,0,0.12,-1.00
7,299,50,0,0.12,-1.00
7,300,50,0,0.18,-1.00
7,301,50,0,0.18,-1.00
7,302,50,0,0.06,-1.00
7,303,50,0,0.10,-1.00
7,304,50,0,0.06,-1.00
7,305,50,0,0.08,-1.00
7,306,50,0,0.10,-1.00
7,307,50,0,0.12,-1.00
7,308,50,0,0.12,-1.00
7,309,50,0,0.12,-1.00
7,310,50,0,0.08,-1.00
7,311,50,0,0.04,-1.00
7,312,50,0,0.06,-1.00
7,313,50,0,0.06,-1.00
7,314,50,0,0.02,-1.00
7,315,50,0,0.02,-1.00
7,316,50,0,0.04,-1.00
7,317,50,0,0.02,-1.00
7,318,50,0,0.00,-1.00
7,319,50,0,0.00,-1.00
7,320,50,0,0.00,-1.00
7,321,50,0,0.00,-1.00
7,322,50,0,0.00,-1.00
7,323,50,0,0.00,-1.00
7,324,50,0,0.02,-1.00
7,325,50,0,0.04,-1.00
7,326,50,0,0.06,-1.00
7,327,50,0,0.02,-1.00
7,328,50,0,0.04,-1.00
7,329,50,0,0.10,-1.00
7,330,50,0,0.10,-1.00
7,331,50,0,0.06,-1.00
7,332,50,0,0.06,-1.00
7,333,50,0,0.04,-1.00
7,334,50,0,0.06,-1.00
7,335,50,0,0.02,-1.00
7,336,50,0,0.00,-1.00
7,337,50,0,0.00,-1.00
7,338,50,0,0.00,-1.00
7,339,50,0,0.00,-1.00
7,340,50,0,0.00,-1.00
7,341,50,0,0.00,-1.00
7,342,50,0,0.00,-1.00
7,343,50,0,0.00,-1.00
7,344,50,0,0.04,-1.00
7,345,50,0,0.04,-1.00
7,346,50,0,0.10,-1.00
7,347,50,0,0.12,-1.00
7,348,50,0,0.06,-1.00
7,349,50,0,0.02,-1.00
7,350,50,0,0.06,-1.00
7,351,50,0,0.06,-1.00
7,352,50,0,0.06,-1.00
7,353,50,0,0.10,-1.00
7,354,50,0,0.04,-1.00
7,355,50,0,0.02,-1.00
7,356,50,0,0.00,-1.00
7,357,50,0,0.00,-1.00
7,358,50,0,0.00,-1.00
7,359,50,0,0.04,-1.00
7,360,50,0,0.10,-1.00
7,361,50,0,0.06,-1.00
7,362,50,0,0.04,-1.00
7,363,50,0,0.02,-1.00
7,364,50,0,0.04,-1.00
7,365,50,0,0.10,-1.00
7,366,50,0,0.06,-1.00
7,367,50,0,0.02,-1.00
7,368,50,0,0.00,-1.00
7,369,50,0,0.00,-1.00
7,370,50,0,0.00,-1.00
7,371,50,0,0.00,-1.00
7,372,50,0,0.00,-1.00
7,373,50,0,0.00,-1.00
7,374,50,0,0.04,-1.00
7,375,50,0,0.00,-1.00
7,376,50,0,0.00,-1.00
7,377,50,0,0.00,-1.00
7,378,50,0,0.00,-1.00
7,379,50,0,0.00,-1.00
7,380,50,0,0.00,-1.00
7,381,50,0,0.00,-1.00
7,382,50,0,0.00,-1.00
7,383,50,0,0.00,-1.00
7,384,50,0,0.02,-1.00
7,385,50,0,0.06,-1.00
7,386,50,0,0.02,-1.00
7,387,50,0,0.02,-1.00
7,388,50,0,0.04,-1.00
7,389,50,0,0.02,-1.00
7,390,50,0,0.00,-1.00
7,391,50,0,0.04,-1.00
7,392,50,0,0.04,-1.00
7,393,50,0,0.04,-1.00
7,394,50,0,0.02,-1.00
7,395,50,0,0.08,-1.00
7,396,50,0,0.06,-1.00
7,397,50,0,0.06,-1.00
7,398,50,0,0.08,-1.00
7,399,50,0,0.06,-1.00
7,400,50,0,0.06,-1.00
7,401,50,0,0.18,-1.00
7,402,50,0,0.18,-1.00
7,403,50,0,0.14,-1.00
7,404,50,0,0.26,-1.00
7,405,50,0,0.18,-1.00
7,406,50,0,0.22,-1.00
7,407,50,0,0.22,-1.00
7,408,50,0,0.16,-1.00
7,409,50,0,0.16,-1.00
7,410,50,0,0.12,-1.00
7,411,50,0,0.10,-1.00
7,412,50,0,0.10,-1.00
7,413,50,0,0.24,-1.00
7,414,50,0,0.16,-1.00
7,415,50,0,0.08,-1.00
7,416,50,0,0.14,-1.00
7,417,50,0,0.12,-1.00
7,418,50,0,0.14,-1.00
7,419,50,0,0.04,-1.00
7,420,50,0,0.02,-1.00
7,421,50,0,0.02,-1.00
7,422,50,0,0.06,-1.00
7,423,50,0,0.00,-1.00
7,424,50,0,0.00,-1.00
7,425,50,0,0.00,-1.00
7,426,50,0,0.00,-1.00
7,427,50,0,0.00,-1.00
7,428,50,0,0.04,-1.00
7,429,50,0,0.00,-1.00
7,430,50,0,0.00,-1.00
7,431,50,0,0.00,-1.00
7,432,50,0,0.04,-1.00
7,433,50,0,0.10,-1.00
7,434,50,0,0.08,-1.00
7,435,50,0,0.06,-1.00
7,436,50,0,0.04,-1.00
7,437,50,0,0.00,-1.00
7,438,50,0,0.00,-1.00
7,439,50,0,0.00,-1.00
7,440,50,0,0.00,-1.00
7,441,50,0,0.00,-1.00
7,442,50,0,0.00,-1.00
7,443,50,0,0.00,-1.00
7,444,50,0,0.04,-1.00
7,445,50,0,0.04,-1.00
7,446,50,0,0.02,-1.00
7,447,50,0,0.02,-1.00
7,448,50,0,0.06,-1.00
7,449,50,0,0.08,-1.00
7,450,50,0,0.02,-1.00
7,451,50,0,0.02,-1.00
7,452,50,0,0.04,-1.00
7,453,50,0,0.02,-1.00
7,454,50,0,0.02,-1.00
7,455,50,0,0.00,-1.00
7,456,50,0,0.04,-1.00
7,457,50,0,0.08,-1.00
7,458,50,0,0.06,-1.00
7,459,50,0,0.06,-1.00
7,460,50,0,0.02,-1.00
7,461,50,0,0.04,-1.00
7,462,50,0,0.06,-1.00
7,463,50,0,0.06,-1.00
7,464,50,0,0.04,-1.00
7,465,50,0,0.14,-1.00
7,466,50,0,0.06,-1.00
7,467,50,0,0.04,-1.00
7,468,50,0,0.00,-1.00
7,469,50,0,0.04,-1.00
7,470,50,0,0.04,-1.00
7,471,50,0,0.08,-1.00
7,472,50,0,0.12,-1.00
7,473,50,0,0.08,-1.00
7,474,50,0,0.06,-1.00
7,475,50,0,0.12,-1.00
7,476,50,0,0.08,-1.00
7,477,50,0,0.04,-1.00
7,478,50,0,0.10,-1.00
7,479,50,0,0.12,-1.00
7,480,50,0,0.16,-1.00
7,481,50,0,0.18,-1.00
7,482,50,0,0.32,-1.00
7,483,50,0,0.26,-1.00
7,484,50,0,0.34,-1.00
7,485,50,0,0.32,-1.00
7,486,50,0,0.32,-1.00
7,487,50,0,0.36,-1.00
7,488,50,0,0.38,-1.00
7,489,50,0,0.42,-1.00
7,490,50,0,0.34,-1.00
7,491,50,0,0.24,-1.00
7,492,50,0,0.24,-1.00
7,493,50,0,0.32,-1.00
7,494,50,0,0.34,-1.00
7,495,50,0,0.38,-1.00
7,496,50,0,0.42,-1.00
7,497,50,0,0.32,-1.00
7,498,50,0,0.28,-1.00
7,499,50,0,0.26,-1.00
7,500,50,0,0.24,-1.00
8,1,50,0,0.00,-1.00
8,2,50,0,0.00,-1.00
8,3,50,0,0.00,-1.00
8,4,50,0,0.04,-1.00
8,5,50,0,0.04,-1.00
8,6,50,0,0.04,-1.00
8,7,50,0,0.08,-1.00
8,8,50,0,0.10,-1.00
8,9,50,0,0.06,-1.00
8,10,50,0,0.06,-1.00
8,11,50,0,0.12,-1.00
8,12,50,0,0.16,-1.00
8,13,50,0,0.18,-1.00
8,14,50,0,0.16,-1.00
8,15,50,0,0.16,-1.00
8,16,50,0,0.10,-1.00
8,17,50,0,0.10,-1.00
8,18,50,0,0.08,-1.00
8,19,50,0,0.02,-1.00
8,20,50,0,0.00,-1.00
8,21,50,0,0.00,-1.00
8,22,50,0,0.00,-1.00
8,23,50,0,0.00,-1.00
8,24,50,0,0.00,-1.00
8,25,50,0,0.00,-1.00
8,26,50,0,0.00,-1.00
8,27,50,0,0.00,-1.00
8,28,50,0,0.00,-1.00
8,29,50,0,0.00,-1.00
8,30,50,0,0.00,-1.00
8,31,50,0,0.00,-1.00
8,32,50,0,0.00,-1.00
8,33,50,0,0.00,-1.00
8,34,50,0,0.00,-1.00
8,35,50,0,0.00,-1.00
8,36,50,0,0.02,-1.00
8,37,50,0,0.10,-1.00
8,38,50,0,0.08,-1.00
8,39,50,0,0.08,-1.00
8,40,50,0,0.10,-1.00
8,41,50,0,0.10,-1.00
8,42,50,0,0.04,-1.00
8,43,50,0,0.02,-1.00
8,44,50,0,0.06,-1.00
8,45,50,0,0.04,-1.00
8,46,50,0,0.06,-1.00
8,47,50,0,0.00,-1.00
8,48,50,0,0.00,-1.00
8,49,50,0,0.04,-1.00
8,50,50,0,0.02,-1.00
8,51,50,0,0.06,-1.00
8,52,50,0,0.14,-1.00
8,53,50,0,0.10,-1.00
8,54,50,0,0.10,-1.00
8,55,50,0,0.04,-1.00
8,56,50,0,0.04,-1.00
8,57,50,0,0.12,-1.00
8,58,50,0,0.16,-1.00
8,59,50,0,0.10,-1.00
8,60,50,0,0.06,-1.00
8,61,50,0,0.00,-1.00
8,62,50,0,0.00,-1.00
8,63,50,0,0.02,-1.00
8,64,50,0,0.02,-1.00
8,65,50,0,0.02,-1.00
8,66,50,0,0.00,-1.00
8,67,50,0,0.00,-1.00
8,68,50,0,0.00,-1.00
8,69,50,0,0.02,-1.00
8,70,50,0,0.02,-1.00
8,71,50,0,0.02,-1.00
8,72,50,0,0.08,-1.00
8,73,50,0,0.04,-1.00
8,74,50,0,0.00,-1.00
8,75,50,0,0.02,-1.00
8,76,50,0,0.02,-1.00
8,77,50,0,0.04,-1.00
8,78,50,0,0.06,-1.00
8,79,50,0,0.02,-1.00
8,80,50,0,0.08,-1.00
8,81,50,0,0.14,-1.00
8,82,50,0,0.08,-1.00
8,83,50,0,0.12,-1.00
8,84,50,0,0.16,-1.00
8,85,50,0,0.18,-1.00
8,86,50,0,0.24,-1.00
8,87,50,0,0.30,-1.00
8,88,50,0,0.36,-1.00
8,89,50,0,0.32,-1.00
8,90,50,0,0.38,-1.00
8,91,50,0,0.38,-1.00
8,92,50,0,0.32,-1.00
8,93,50,0,0.30,-1.00
8,94,50,0,0.30,-1.00
8,95,50,0,0.34,-1.00
8,96,50,0,0.26,-1.00
8,97,50,0,0.26,-1.00
8,98,50,0,0.28,-1.00
8,99,50,0,0.36,-1.00
8,100,50,0,0.46,-1.00
8,101,50,0,0.38,-1.00
8,102,50,0,0.48,-1.00
8,103,50,0,0.46,-1.00
8,104,50,0,0.40,-1.00
8,105,50,0,0.26,-1.00
8,106,50,0,0.36,-1.00
8,107,50,0,0.40,-1.00
8,108,50,0,0.40,-1.00
8,109,50,0,0.42,-1.00
8,110,50,0,0.44,-1.00
8,111,50,0,0.40,-1.00
8,112,50,0,0.36,-1.00
8,113,50,0,0.22,-1.00
8,114,50,0,0.26,-1.00
8,115,50,0,0.30,-1.00
8,116,50,0,0.30,-1.00
8,117,50,0,0.28,-1.00
8,118,50,0,0.30,-1.00
8,119,50,0,0.26,-1.00
8,120,50,0,0.46,-1.00
8,121,50,0,0.38,-1.00
8,122,50,0,0.32,-1.00
8,123,50,0,0.44,-1.00
8,124,50,0,0.36,-1.00
8,125,50,0,0.26,-1.00
8,126,50,0,0.22,-1.00
8,127,50,0,0.26,-1.00
8,128,50,0,0.28,-1.00
8,129,50,0,0.36,-1.00
8,130,50,0,0.38,-1.00
8,131,50,0,0.38,-1.00
8,132,50,0,0.34,-1.00
8,133,50,0,0.30,-1.00
8,134,50,0,0.30,-1.00
8,135,50,0,0.36,-1.00
8,136,50,0,0.34,-1.00
8,137,50,0,0.32,-1.00
8,138,50,0,0.26,-1.00
8,139,50,0,0.14,-1.00
8,140,50,0,0.14,-1.00
8,141,50,0,0.20,-1.00
8,142,50,0,0.18,-1.00
8,143,50,0,0.06,-1.00
8,144,50,0,0.08,-1.00
8,145,50,0,0.10,-1.00
8,146,50,0,0.06,-1.00
8,147,50,0,0.08,-1.00
8,148,50,0,0.02,-1.00
8,149,50,0,0.04,-1.00
8,150,50,0,0.06,-1.00
8,151,50,0,0.04,-1.00
8,152,50,0,0.08,-1.00
8,153,50,0,0.04,-1.00
8,154,50,0,0.10,-1.00
8,155,50,0,0.12,-1.00
8,156,50,0,0.30,-1.00
8,157,50,0,0.22,-1.00
8,158,50,0,0.20,-1.00
8,159,50,0,0.10,-1.00
8,160,50,0,0.20,-1.00
8,161,50,0,0.24,-1.00
8,162,50,0,0.26,-1.00
8,163,50,0,0.40,-1.00
8,164,50,0,0.46,-1.00
8,165,50,0,0.40,-1.00
8,166,50,0,0.24,-1.00
8,167,50,0,0.26,-1.00
8,168,50,0,0.20,-1.00
8,169,50,0,0.32,-1.00
8,170,50,0,0.42,-1.00
8,171,50,0,0.40,-1.00
8,172,50,0,0.44,-1.00
8,173,50,0,0.48,-1.00
8,174,50,0,0.34,-1.00
8,175,50,0,0.38,-1.00
8,176,50,0,0.36,-1.00
8,177,50,0,0.40,-1.00
8,178,50,0,0.32,-1.00
8,179,50,0,0.28,-1.00
8,180,50,0,0.14,-1.00
8,181,50,0,0.12,-1.00
8,182,50,0,0.14,-1.00
8,183,50,0,0.16,-1.00
8,184,50,0,0.08,-1.00
8,185,50,0,0.12,-1.00
8,186,50,0,0.10,-1.00
8,187,50,0,0.06,-1.00
8,188,50,0,0.06,-1.00
8,189,50,0,0.06,-1.00
8,190,50,0,0.06,-1.00
8,191,50,0,0.08,-1.00
8,192,50,0,0.08,-1.00
8,193,50,0,0.08,-1.00
8,194,50,0,0.06,-1.00
8,195,50,0,0.02,-1.00
8,196,50,0,0.02,-1.00
8,197,50,0,0.06,-1.00
8,198,50,0,0.06,-1.00
8,199,50,0,0.06,-1.00
8,200,50,0,0.10,-1.00
8,201,50,0,0.08,-1.00
8,202,50,0,0.14,-1.00
8,203,50,0,0.22,-1.00
8,204,50,0,0.14,-1.00
8,205,50,0,0.20,-1.00
8,206,50,0,0.18,-1.00
8,207,50,0,0.18,-1.00
8,208,50,0,0.12,-1.00
8,209,50,0,0.08,-1.00
8,210,50,0,0.18,-1.00
8,211,50,0,0.14,-1.00
8,212,50,0,0.24,-1.00
8,213,50,0,0.28,-1.00
8,214,50,0,0.26,-1.00
8,215,50,0,0.26,-1.00
8,216,50,0,0.30,-1.00
8,217,50,0,0.32,-1.00
8,218,50,0,0.32,-1.00
8,219,50,0,0.34,-1.00
8,220,50,0,0.28,-1.00
8,221,50,0,0.22,-1.00
8,222,50,0,0.08,-1.00
8,223,50,0,0.06,-1.00
8,224,50,0,0.04,-1.00
8,225,50,0,0.06,-1.00
8,226,50,0,0.10,-1.00
8,227,50,0,0.12,-1.00
8,228,50,0,0.16,-1.00
8,229,50,0,0.08,-1.00
8,230,50,0,0.16,-1.00
8,231,50,0,0.08,-1.00
8,232,50,0,0.06,-1.00
8,233,50,0,0.10,-1.00
8,234,50,0,0.08,-1.00
8,235,50,0,0.10,-1.00
8,236,50,0,0.16,-1.00
8,237,50,0,0.18,-1.00
8,238,50,0,0.14,-1.00
8,239,50,0,0.12,-1.00
8,240,50,0,0.14,-1.00
8,241,50,0,0.20,-1.00
8,242,50,0,0.20,-1.00
8,243,50,0,0.20,-1.00
8,244,50,0,0.16,-1.00
8,245,50,0,0.16,-1.00
8,246,50,0,0.16,-1.00
8,247,50,0,0.22,-1.00
8,248,50,0,0.20,-1.00
8,249,50,0,0.18,-1.00
8,250,50,0,0.10,-1.00
8,251,50,0,0.10,-1.00
8,252,50,0,0.12,-1.00
8,253,50,0,0.16,-1.00
8,254,50,0,0.10,-1.00
8,255,50,0,0.16,-1.00
8,256,50,0,0.12,-1.00
8,257,50,0,0.10,-1.00
8,258,50,0,0.10,-1.00
8,259,50,0,0.12,-1.00
8,260,50,0,0.14,-1.00
8,261,50,0,0.14,-1.00
8,262,50,0,0.08,-1.00
8,263,50,0,0.06,-1.00
8,264,50,0,0.14,-1.00
8,265,50,0,0.16,-1.00
8,266,50,0,0.10,-1.00
8,267,50,0,0.10,-1.00
8,268,50,0,0.06,-1.00
8,269,50,0,0.06,-1.00
8,270,50,0,0.12,-1.00
8,271,50,0,0.12,-1.00
8,272,50,0,0.14,-1.00
8,273,50,0,0.08,-1.00
8,274,50,0,0.06,-1.00
8,275,50,0,0.02,-1.00
8,276,50,0,0.04,-1.00
8,277,50,0,0.04,-1.00
8,278,50,0,0.02,-1.00
8,279,50,0,0.06,-1.00
8,280,50,0,0.04,-1.00
8,281,50,0,0.12,-1.00
8,282,50,0,0.04,-1.00
8,283,50,0,0.08,-1.00
8,284,50,0,0.02,-1.00
8,285,50,0,0.06,-1.00
8,286,50,0,0.04,-1.00
8,287,50,0,0.06,-1.00
8,288,50,0,0.00,-1.00
8,289,50,0,0.00,-1.00
8,290,50,0,0.02,-1.00
8,291,50,0,0.02,-1.00
8,292,50,0,0.10,-1.00
8,293,50,0,0.12,-1.00
8,294,50,0,0.14,-1.00
8,295,50,0,0.12,-1.00
8,296,50,0,0.12,-1.00
8,297,50,0,0.12,-1.00
8,298,50,0,0.12,-1.00
8,299,50,0,0.18,-1.00
8,300,50,0,0.22,-1.00
8,301,50,0,0.22,-1.00
8,302,50,0,0.20,-1.00
8,303,50,0,0.08,-1.00
8,304,50,0,0.10,-1.00
8,305,50,0,0.06,-1.00
8,306,50,0,0.04,-1.00
8,307,50,0,0.00,-1.00
8,308,50,0,0.00,-1.00
8,309,50,0,0.00,-1.00
8,310,50,0,0.00,-1.00
8,311,50,0,0.04,-1.00
8,312,50,0,0.14,-1.00
8,313,50,0,0.06,-1.00
8,314,50,0,0.06,-1.00
8,315,50,0,0.12,-1.00
8,316,50,0,0.22,-1.00
8,317,50,0,0.16,-1.00
8,318,50,0,0.14,-1.00
8,319,50,0,0.16,-1.00
8,320,50,0,0.16,-1.00
8,321,50,0,0.12,-1.00
8,322,50,0,0.08,-1.00
8,323,50,0,0.12,-1.00
8,324,50,0,0.12,-1.00
8,325,50,0,0.10,-1.00
8,326,50,0,0.08,-1.00
8,327,50,0,0.08,-1.00
8,328,50,0,0.10,-1.00
8,329,50,0,0.04,-1.00
8,330,50,0,0.04,-1.00
8,331,50,0,0.06,-1.00
8,332,50,0,0.10,-1.00
8,333,50,0,0.16,-1.00
8,334,50,0,0.14,-1.00
8,335,50,0,0.08,-1.00
8,336,50,0,0.14,-1.00
8,337,50,0,0.06,-1.00
8,338,50,0,0.10,-1.00
8,339,50,0,0.12,-1.00
8,340,50,0,0.10,-1.00
8,341,50,0,0.12,-1.00
8,342,50,0,0.14,-1.00
8,343,50,0,0.24,-1.00
8,344,50,0,0.34,-1.00
8,345,50,0,0.34,-1.00
8,346,50,0,0.26,-1.00
8,347,50,0,0.08,-1.00
8,348,50,0,0.08,-1.00
8,349,50,0,0.04,-1.00
8,350,50,0,0.12,-1.00
8,351,50,0,0.16,-1.00
8,352,50,0,0.14,-1.00
8,353,50,0,0.06,-1.00
8,354,50,0,0.04,-1.00
8,355,50,0,0.00,-1.00
8,356,50,0,0.00,-1.00
8,357,50,0,0.06,-1.00
8,358,50,0,0.10,-1.00
8,359,50,0,0.12,-1.00
8,360,50,0,0.06,-1.00
8,361,50,0,0.06,-1.00
8,362,50,0,0.04,-1.00
8,363,50,0,0.00,-1.00
8,364,50,0,0.00,-1.00
8,365,50,0,0.00,-1.00
8,366,50,0,0.00,-1.00
8,367,50,0,0.00,-1.00
8,368,50,0,0.00,-1.00
8,369,50,0,0.00,-1.00
8,370,50,0,0.00,-1.00
8,371,50,0,0.02,-1.00
8,372,50,0,0.04,-1.00
8,373,50,0,0.02,-1.00
8,374,50,0,0.02,-1.00
8,375,50,0,0.02,-1.00
8,376,50,0,0.08,-1.00
8,377,50,0,0.06,-1.00
8,378,50,0,0.06,-1.00
8,379,50,0,0.08,-1.00
8,380,50,0,0.04,-1.00
8,381,50,0,0.04,-1.00
8,382,50,0,0.08,-1.00
8,383,50,0,0.06,-1.00
8,384,50,0,0.04,-1.00
8,385,50,0,0.08,-1.00
8,386,50,0,0.08,-1.00
8,387,50,0,0.12,-1.00
8,388,50,0,0.06,-1.00
8,389,50,0,0.12,-1.00
8,390,50,0,0.08,-1.00
8,391,50,0,0.08,-1.00
8,392,50,0,0.08,-1.00
8,393,50,0,0.06,-1.00
8,394,50,0,0.04,-1.00
8,395,50,0,0.02,-1.00
8,396,50,0,0.02,-1.00
8,397,50,0,0.06,-1.00
8,398,50,0,0.06,-1.00
8,399,50,0,0.12,-1.00
8,400,50,0,0.28,-1.00
8,401,50,0,0.16,-1.00
8,402,50,0,0.14,-1.00
8,403,50,0,0.08,-1.00
8,404,50,0,0.12,-1.00
8,405,50,0,0.20,-1.00
8,406,50,0,0.30,-1.00
8,407,50,0,0.20,-1.00
8,408,50,0,0.16,-1.00
8,409,50,0,0.22,-1.00
8,410,50,0,0.14,-1.00
8,411,50,0,0.06,-1.00
8,412,50,0,0.00,-1.00
8,413,50,0,0.00,-1.00
8,414,50,0,0.00,-1.00
8,415,50,0,0.02,-1.00
8,416,50,0,0.02,-1.00
8,417,50,0,0.08,-1.00
8,418,50,0,0.08,-1.00
8,419,50,0,0.10,-1.00
8,420,50,0,0.16,-1.00
8,421,50,0,0.22,-1.00
8,422,50,0,0.06,-1.00
8,423,50,0,0.10,-1.00
8,424,50,0,0.12,-1.00
8,425,50,0,0.14,-1.00
8,426,50,0,0.10,-1.00
8,427,50,0,0.08,-1.00
8,428,50,0,0.14,-1.00
8,429,50,0,0.30,-1.00
8,430,50,0,0.28,-1.00
8,431,50,0,0.28,-1.00
8,432,50,0,0.38,-1.00
8,433,50,0,0.40,-1.00
8,434,50,0,0.26,-1.00
8,435,50,0,0.34,-1.00
8,436,50,0,0.38,-1.00
8,437,50,0,0.38,-1.00
8,438,50,0,0.38,-1.00
8,439,50,0,0.46,-1.00
8,440,50,0,0.42,-1.00
8,441,50,0,0.48,-1.00
8,442,50,0,0.44,-1.00
8,443,50,0,0.48,-1.00
8,444,50,0,0.56,-1.00
8,445,50,0,0.60,-1.00
8,446,50,0,0.44,-1.00
8,447,50,0,0.44,-1.00
8,448,50,0,0.38,-1.00
8,449,50,0,0.32,-1.00
8,450,50,0,0.38,-1.00
8,451,50,0,0.46,-1.00
8,452,50,0,0.40,-1.00
8,453,50,0,0.32,-1.00
8,454,50,0,0.32,-1.00
8,455,50,0,0.40,-1.00
8,456,50,0,0.42,-1.00
8,457,50,0,0.42,-1.00
8,458,50,0,0.32,-1.00
8,459,50,0,0.34,-1.00
8,460,50,0,0.38,-1.00
8,461,50,0,0.28,-1.00
8,462,50,0,0.32,-1.00
8,463,50,0,0.34,-1.00
8,464,50,0,0.24,-1.00
8,465,50,0,0.16,-1.00
8,466,50,0,0.06,-1.00
8,467,50,0,0.10,-1.00
8,468,50,0,0.12,-1.00
8,469,50,0,0.08,-1.00
8,470,50,0,0.20,-1.00
8,471,50,0,0.20,-1.00
8,472,50,0,0.14,-1.00
8,473,50,0,0.08,-1.00
8,474,50,0,0.00,-1.00
8,475,50,0,0.00,-1.00
8,476,50,0,0.00,-1.00
8,477,50,0,0.00,-1.00
8,478,50,0,0.00,-1.00
8,479,50,0,0.00,-1.00
8,480,50,0,0.00,-1.00
8,481,50,0,0.00,-1.00
8,482,50,0,0.06,-1.00
8,483,50,0,0.04,-1.00
8,484,50,0,0.04,-1.00
8,485,50,0,0.04,-1.00
8,486,50,0,0.08,-1.00
8,487,50,0,0.08,-1.00
8,488,50,0,0.04,-1.00
8,489,50,0,0.12,-1.00
8,490,50,0,0.08,-1.00
8,491,50,0,0.06,-1.00
8,492,50,0,0.04,-1.00
8,493,50,0,0.02,-1.00
8,494,50,0,0.02,-1.00
8,495,50,0,0.04,-1.00
8,496,50,0,0.08,-1.00
8,497,50,0,0.02,-1.00
8,498,50,0,0.00,-1.00
8,499,50,0,0.06,-1.00
8,500,50,0,0.08,-1.00
9,1,50,0,0.00,-1.00
9,2,50,0,0.00,-1.00
9,3,50,0,0.00,-1.00
9,4,50,0,0.00,-1.00
9,5,50,0,0.00,-1.00
9,6,50,0,0.00,-1.00
9,7,50,0,0.00,-1.00
9,8,50,0,0.00,-1.00
9,9,50,0,0.00,-1.00
9,10,50,0,0.00,-1.00
9,11,50,0,0.00,-1.00
9,12,50,0,0.00,-1.00
9,13,50,0,0.02,-1.00
9,14,50,0,0.00,-1.00
9,15,50,0,0.00,-1.00
9,16,50,0,0.00,-1.00
9,17,50,0,0.00,-1.00
9,18,50,0,0.00,-1.00
9,19,50,0,0.02,-1.00
9,20,50,0,0.02,-1.00
9,21,50,0,0.04,-1.00
9,22,50,0,0.08,-1.00
9,23,50,0,0.08,-1.00
9,24,50,0,0.02,-1.00
9,25,50,0,0.02,-1.00
9,26,50,0,0.00,-1.00
9,27,50,0,0.00,-1.00
9,28,50,0,0.00,-1.00
9,29,50,0,0.00,-1.00
9,30,50,0,0.00,-1.00
9,31,50,0,0.00,-1.00
9,32,50,0,0.02,-1.00
9,33,50,0,0.02,-1.00
9,34,50,0,0.02,-1.00
9,35,50,0,0.00,-1.00
9,36,50,0,0.00,-1.00
9,37,50,0,0.00,-1.00
9,38,50,0,0.00,-1.00
9,39,50,0,0.00,-1.00
9,40,50,0,0.00,-1.00
9,41,50,0,0.00,-1.00
9,42,50,0,0.00,-1.00
9,43,50,0,0.00,-1.00
9,44,50,0,0.00,-1.00
9,45,50,0,0.00,-1.00
9,46,50,0,0.00,-1.00
9,47,50,0,0.02,-1.00
9,48,50,0,0.04,-1.00
9,49,50,0,0.02,-1.00
9,50,50,0,0.04,-1.00
9,51,50,0,0.00,-1.00
9,52,50,0,0.00,-1.00
9,53,50,0,0.02,-1.00
9,54,50,0,0.00,-1.00
9,55,50,0,0.00,-1.00
9,56,50,0,0.04,-1.00
9,57,50,0,0.08,-1.00
9,58,50,0,0.10,-1.00
9,59,50,0,0.08,-1.00
9,60,50,0,0.06,-1.00
9,61,50,0,0.06,-1.00
9,62,50,0,0.08,-1.00
9,63,50,0,0.08,-1.00
9,64,50,0,0.06,-1.00
9,65,50,0,0.08,-1.00
9,66,50,0,0.10,-1.00
9,67,50,0,0.08,-1.00
9,68,50,0,0.04,-1.00
9,69,50,0,0.02,-1.00
9,70,50,0,0.02,-1.00
9,71,50,0,0.04,-1.00
9,72,50,0,0.14,-1.00
9,73,50,0,0.22,-1.00
9,74,50,0,0.18,-1.00
9,75,50,0,0.22,-1.00
9,76,50,0,0.12,-1.00
9,77,50,0,0.16,-1.00
9,78,50,0,0.12,-1.00
9,79,50,0,0.12,-1.00
9,80,50,0,0.08,-1.00
9,81,50,0,0.12,-1.00
9,82,50,0,0.16,-1.00
9,83,50,0,0.26,-1.00
9,84,50,0,0.30,-1.00
9,85,50,0,0.18,-1.00
9,86,50,0,0.12,-1.00
9,87,50,0,0.20,-1.00
9,88,50,0,0.24,-1.00
9,89,50,0,0.16,-1.00
9,90,50,0,0.16,-1.00
9,91,50,0,0.08,-1.00
9,92,50,0,0.06,-1.00
9,93,50,0,0.14,-1.00
9,94,50,0,0.16,-1.00
9,95,50,0,0.12,-1.00
9,96,50,0,0.16,-1.00
9,97,50,0,0.12,-1.00
9,98,50,0,0.14,-1.00
9,99,50,0,0.16,-1.00
9,100,50,0,0.08,-1.00
9,101,50,0,0.08,-1.00
9,102,50,0,0.08,-1.00
9,103,50,0,0.08,-1.00
9,104,50,0,0.08,-1.00
9,105,50,0,0.16,-1.00
9,106,50,0,0.18,-1.00
9,107,50,0,0.08,-1.00
9,108,50,0,0.04,-1.00
9,109,50,0,0.02,-1.00
9,110,50,0,0.04,-1.00
9,111,50,0,0.02,-1.00
9,112,50,0,0.00,-1.00
9,113,50,0,0.06,-1.00
9,114,50,0,0.16,-1.00
9,115,50,0,0.12,-1.00
9,116,50,0,0.12,-1.00
9,117,50,0,0.06,-1.00
9,118,50,0,0.10,-1.00
9,119,50,0,0.08,-1.00
9,120,50,0,0.04,-1.00
9,121,50,0,0.04,-1.00
9,122,50,0,0.10,-1.00
9,123,50,0,0.10,-1.00
9,124,50,0,0.16,-1.00
9,125,50,0,0.10,-1.00
9,126,50,0,0.04,-1.00
9,127,50,0,0.02,-1.00
9,128,50,0,0.00,-1.00
9,129,50,0,0.00,-1.00
9,130,50,0,0.00,-1.00
9,131,50,0,0.00,-1.00
9,132,50,0,0.00,-1.00
9,133,50,0,0.00,-1.00
9,134,50,0,0.00,-1.00
9,135,50,0,0.00,-1.00
9,136,50,0,0.06,-1.00
9,137,50,0,0.04,-1.00
9,138,50,0,0.04,-1.00
9,139,50,0,0.02,-1.00
9,140,50,0,0.00,-1.00
9,141,50,0,0.00,-1.00
9,142,50,0,0.02,-1.00
9,143,50,0,0.06,-1.00
9,144,50,0,0.10,-1.00
9,145,50,0,0.12,-1.00
9,146,50,0,0.06,-1.00
9,147,50,0,0.06,-1.00
9,148,50,0,0.02,-1.00
9,149,50,0,0.02,-1.00
9,150,50,0,0.06,-1.00
9,151,50,0,0.04,-1.00
9,152,50,0,0.02,-1.00
9,153,50,0,0.04,-1.00
9,154,50,0,0.06,-1.00
9,155,50,0,0.02,-1.00
9,156,50,0,0.00,-1.00
9,157,50,0,0.00,-1.00
9,158,50,0,0.00,-1.00
9,159,50,0,0.00,-1.00
9,160,50,0,0.02,-1.00
9,161,50,0,0.00,-1.00
9,162,50,0,0.04,-1.00
9,163,50,0,0.06,-1.00
9,164,50,0,0.08,-1.00
9,165,50,0,0.06,-1.00
9,166,50,0,0.12,-1.00
9,167,50,0,0.08,-1.00
9,168,50,0,0.10,-1.00
9,169,50,0,0.10,-1.00
9,170,50,0,0.12,-1.00
9,171,50,0,0.16,-1.00
9,172,50,0,0.16,-1.00
9,173,50,0,0.14,-1.00
9,174,50,0,0.04,-1.00
9,175,50,0,0.02,-1.00
9,176,50,0,0.00,-1.00
9,177,50,0,0.02,-1.00
9,178,50,0,0.02,-1.00
9,179,50,0,0.02,-1.00
9,180,50,0,0.02,-1.00
9,181,50,0,0.02,-1.00
9,182,50,0,0.04,-1.00
9,183,50,0,0.08,-1.00
9,184,50,0,0.08,-1.00
9,185,50,0,0.08,-1.00
9,186,50,0,0.04,-1.00
9,187,50,0,0.04,-1.00
9,188,50,0,0.02,-1.00
9,189,50,0,0.02,-1.00
9,190,50,0,0.08,-1.00
9,191,50,0,0.06,-1.00
9,192,50,0,0.00,-1.00
9,193,50,0,0.02,-1.00
9,194,50,0,0.02,-1.00
9,195,50,0,0.00,-1.00
9,196,50,0,0.00,-1.00
9,197,50,0,0.00,-1.00
9,198,50,0,0.00,-1.00
9,199,50,0,0.00,-1.00
9,200,50,0,0.00,-1.00
9,201,50,0,0.00,-1.00
9,202,50,0,0.00,-1.00
9,203,50,0,0.00,-1.00
9,204,50,0,0.00,-1.00
9,205,50,0,0.02,-1.00
9,206,50,0,0.08,-1.00
9,207,50,0,0.08,-1.00
9,208,50,0,0.02,-1.00
9,209,50,0,0.02,-1.00
9,210,50,0,0.02,-1.00
9,211,50,0,0.00,-1.00
9,212,50,0,0.04,-1.00
9,213,50,0,0.08,-1.00
9,214,50,0,0.08,-1.00
9,215,50,0,0.10,-1.00
9,216,50,0,0.08,-1.00
9,217,50,0,0.12,-1.00
9,218,50,0,0.18,-1.00
9,219,50,0,0.28,-1.00
9,220,50,0,0.38,-1.00
9,221,50,0,0.44,-1.00
9,222,50,0,0.34,-1.00
9,223,50,0,0.24,-1.00
9,224,50,0,0.26,-1.00
9,225,50,0,0.22,-1.00
9,226,50,0,0.18,-1.00
9,227,50,0,0.16,-1.00
9,228,50,0,0.24,-1.00
9,229,50,0,0.36,-1.00
9,230,50,0,0.28,-1.00
9,231,50,0,0.32,-1.00
9,232,50,0,0.40,-1.00
9,233,50,0,0.36,-1.00
9,234,50,0,0.42,-1.00
9,235,50,0,0.30,-1.00
9,236,50,0,0.20,-1.00
9,237,50,0,0.16,-1.00
9,238,50,0,0.14,-1.00
9,239,50,0,0.20,-1.00
9,240,50,0,0.26,-1.00
9,241,50,0,0.24,-1.00
9,242,50,0,0.28,-1.00
9,243,50,0,0.28,-1.00
9,244,50,0,0.40,-1.00
9,245,50,0,0.34,-1.00
9,246,50,0,0.24,-1.00
9,247,50,0,0.30,-1.00
9,248,50,0,0.20,-1.00
9,249,50,0,0.20,-1.00
9,250,50,0,0.22,-1.00
9,251,50,0,0.16,-1.00
9,252,50,0,0.08,-1.00
9,253,50,0,0.12,-1.00
9,254,50,0,0.04,-1.00
9,255,50,0,0.04,-1.00
9,256,50,0,0.02,-1.00
9,257,50,0,0.06,-1.00
9,258,50,0,0.10,-1.00
9,259,50,0,0.08,-1.00
9,260,50,0,0.14,-1.00
9,261,50,0,0.10,-1.00
9,262,50,0,0.10,-1.00
9,263,50,0,0.16,-1.00
9,264,50,0,0.16,-1.00
9,265,50,0,0.20,-1.00
9,266,50,0,0.14,-1.00
9,267,50,0,0.14,-1.00
9,268,50,0,0.20,-1.00
9,269,50,0,0.16,-1.00
9,270,50,0,0.20,-1.00
9,271,50,0,0.26,-1.00
9,272,50,0,0.30,-1.00
9,273,50,0,0.20,-1.00
9,274,50,0,0.14,-1.00
9,275,50,0,0.30,-1.00
9,276,50,0,0.34,-1.00
9,277,50,0,0.36,-1.00
9,278,50,0,0.32,-1.00
9,279,50,0,0.30,-1.00
9,280,50,0,0.26,-1.00
9,281,50,0,0.18,-1.00
9,282,50,0,0.20,-1.00
9,283,50,0,0.16,-1.00
9,284,50,0,0.20,-1.00
9,285,50,0,0.18,-1.00
9,286,50,0,0.18,-1.00
9,287,50,0,0.12,-1.00
9,288,50,0,0.16,-1.00
9,289,50,0,0.20,-1.00
9,290,50,0,0.08,-1.00
9,291,50,0,0.10,-1.00
9,292,50,0,0.14,-1.00
9,293,50,0,0.14,-1.00
9,294,50,0,0.24,-1.00
9,295,50,0,0.22,-1.00
9,296,50,0,0.20,-1.00
9,297,50,0,0.24,-1.00
9,298,50,0,0.20,-1.00
9,299,50,0,0.04,-1.00
9,300,50,0,0.00,-1.00
9,301,50,0,0.00,-1.00
9,302,50,0,0.00,-1.00
9,303,50,0,0.00,-1.00
9,304,50,0,0.00,-1.00
9,305,50,0,0.00,-1.00
9,306,50,0,0.00,-1.00
9,307,50,0,0.00,-1.00
9,308,50,0,0.00,-1.00
9,309,50,0,0.00,-1.00
9,310,50,0,0.00,-1.00
9,311,50,0,0.00,-1.00
9,312,50,0,0.00,-1.00
9,313,50,0,0.00,-1.00
9,314,50,0,0.00,-1.00
9,315,50,0,0.02,-1.00
9,316,50,0,0.06,-1.00
9,317,50,0,0.00,-1.00
9,318,50,0,0.00,-1.00
9,319,50,0,0.02,-1.00
9,320,50,0,0.08,-1.00
9,321,50,0,0.04,-1.00
9,322,50,0,0.12,-1.00
9,323,50,0,0.16,-1.00
9,324,50,0,0.14,-1.00
9,325,50,0,0.10,-1.00
9,326,50,0,0.10,-1.00
9,327,50,0,0.08,-1.00
9,328,50,0,0.10,-1.00
9,329,50,0,0.04,-1.00
9,330,50,0,0.04,-1.00
9,331,50,0,0.04,-1.00
9,332,50,0,0.08,-1.00
9,333,50,0,0.12,-1.00
9,334,50,0,0.16,-1.00
9,335,50,0,0.26,-1.00
9,336,50,0,0.20,-1.00
9,337,50,0,0.26,-1.00
9,338,50,0,0.36,-1.00
9,339,50,0,0.48,-1.00
9,340,50,0,0.42,-1.00
9,341,50,0,0.36,-1.00
9,342,50,0,0.52,-1.00
9,343,50,0,0.42,-1.00
9,344,50,0,0.30,-1.00
9,345,50,0,0.38,-1.00
9,346,50,0,0.38,-1.00
9,347,50,0,0.38,-1.00
9,348,50,0,0.40,-1.00
9,349,50,0,0.22,-1.00
9,350,50,0,0.34,-1.00
9,351,50,0,0.30,-1.00
9,352,50,0,0.32,-1.00
9,353,50,0,0.34,-1.00
9,354,50,0,0.30,-1.00
9,355,50,0,0.24,-1.00
9,356,50,0,0.06,-1.00
9,357,50,0,0.04,-1.00
9,358,50,0,0.08,-1.00
9,359,50,0,0.06,-1.00
9,360,50,0,0.08,-1.00
9,361,50,0,0.02,-1.00
9,362,50,0,0.00,-1.00
9,363,50,0,0.00,-1.00
9,364,50,0,0.04,-1.00
9,365,50,0,0.04,-1.00
9,366,50,0,0.04,-1.00
9,367,50,0,0.06,-1.00
9,368,50,0,0.10,-1.00
9,369,50,0,0.06,-1.00
9,370,50,0,0.02,-1.00
9,371,50,0,0.10,-1.00
9,372,50,0,0.12,-1.00
9,373,50,0,0.16,-1.00
9,374,50,0,0.18,-1.00
9,375,50,0,0.16,-1.00
9,376,50,0,0.12,-1.00
9,377,50,0,0.14,-1.00
9,378,50,0,0.18,-1.00
9,379,50,0,0.16,-1.00
9,380,50,0,0.16,-1.00
9,381,50,0,0.16,-1.00
9,382,50,0,0.18,-1.00
9,383,50,0,0.20,-1.00
9,384,50,0,0.14,-1.00
9,385,50,0,0.18,-1.00
9,386,50,0,0.24,-1.00
9,387,50,0,0.38,-1.00
9,388,50,0,0.34,-1.00
9,389,50,0,0.28,-1.00
9,390,50,0,0.18,-1.00
9,391,50,0,0.16,-1.00
9,392,50,0,0.16,-1.00
9,393,50,0,0.12,-1.00
9,394,50,0,0.06,-1.00
9,395,50,0,0.12,-1.00
9,396,50,0,0.22,-1.00
9,397,50,0,0.20,-1.00
9,398,50,0,0.18,-1.00
9,399,50,0,0.14,-1.00
9,400,50,0,0.16,-1.00
9,401,50,0,0.22,-1.00
9,402,50,0,0.16,-1.00
9,403,50,0,0.14,-1.00
9,404,50,0,0.10,-1.00
9,405,50,0,0.10,-1.00
9,406,50,0,0.14,-1.00
9,407,50,0,0.16,-1.00
9,408,50,0,0.14,-1.00
9,409,50,0,0.18,-1.00
9,410,50,0,0.20,-1.00
9,411,50,0,0.16,-1.00
9,412,50,0,0.14,-1.00
9,413,50,0,0.14,-1.00
9,414,50,0,0.20,-1.00
9,415,50,0,0.20,-1.00
9,416,50,0,0.30,-1.00
9,417,50,0,0.14,-1.00
9,418,50,0,0.16,-1.00
9,419,50,0,0.20,-1.00
9,420,50,0,0.22,-1.00
9,421,50,0,0.20,-1.00
9,422,50,0,0.20,-1.00
9,423,50,0,0.24,-1.00
9,424,50,0,0.28,-1.00
9,425,50,0,0.32,-1.00
9,426,50,0,0.34,-1.00
9,427,50,0,0.28,-1.00
9,428,50,0,0.22,-1.00
9,429,50,0,0.24,-1.00
9,430,50,0,0.18,-1.00
9,431,50,0,0.24,-1.00
9,432,50,0,0.24,-1.00
9,433,50,0,0.18,-1.00
9,434,50,0,0.20,-1.00
9,435,50,0,0.18,-1.00
9,436,50,0,0.18,-1.00
9,437,50,0,0.30,-1.00
9,438,50,0,0.26,-1.00
9,439,50,0,0.20,-1.00
9,440,50,0,0.18,-1.00
9,441,50,0,0.14,-1.00
9,442,50,0,0.06,-1.00
9,443,50,0,0.02,-1.00
9,444,50,0,0.00,-1.00
9,445,50,0,0.00,-1.00
9,446,50,0,0.00,-1.00
9,447,50,0,0.00,-1.00
9,448,50,0,0.00,-1.00
9,449,50,0,0.00,-1.00
9,450,50,0,0.00,-1.00
9,451,50,0,0.00,-1.00
9,452,50,0,0.00,-1.00
9,453,50,0,0.04,-1.00
9,454,50,0,0.06,-1.00
9,455,50,0,0.06,-1.00
9,456,50,0,0.00,-1.00
9,457,50,0,0.00,-1.00
9,458,50,0,0.00,-1.00
9,459,50,0,0.00,-1.00
9,460,50,0,0.00,-1.00
9,461,50,0,0.00,-1.00
9,462,50,0,0.00,-1.00
9,463,50,0,0.00,-1.00
9,464,50,0,0.02,-1.00
9,465,50,0,0.04,-1.00
9,466,50,0,0.04,-1.00
9,467,50,0,0.08,-1.00
9,468,50,0,0.12,-1.00
9,469,50,0,0.08,-1.00
9,470,50,0,0.02,-1.00
9,471,50,0,0.02,-1.00
9,472,50,0,0.02,-1.00
9,473,50,0,0.02,-1.00
9,474,50,0,0.04,-1.00
9,475,50,0,0.04,-1.00
9,476,50,0,0.06,-1.00
9,477,50,0,0.02,-1.00
9,478,50,0,0.02,-1.00
9,479,50,0,0.06,-1.00
9,480,50,0,0.04,-1.00
9,481,50,0,0.06,-1.00
9,482,50,0,0.08,-1.00
9,483,50,0,0.06,-1.00
9,484,50,0,0.06,-1.00
9,485,50,0,0.10,-1.00
9,486,50,0,0.12,-1.00
9,487,50,0,0.08,-1.00
9,488,50,0,0.06,-1.00
9,489,50,0,0.10,-1.00
9,490,50,0,0.10,-1.00
9,491,50,0,0.10,-1.00
9,492,50,0,0.04,-1.00
9,493,50,0,0.10,-1.00
9,494,50,0,0.14,-1.00
9,495,50,0,0.12,-1.00
9,496,50,0,0.18,-1.00
9,497,50,0,0.24,-1.00
9,498,50,0,0.30,-1.00
9,499,50,0,0.28,-1.00
9,500,50,0,0.20,-1.00
10,1,50,0,0.00,-1.00
10,2,50,0,0.02,-1.00
10,3,50,0,0.04,-1.00
10,4,50,0,0.02,-1.00
10,5,50,0,0.02,-1.00
10,6,50,0,0.02,-1.00
10,7,50,0,0.00,-1.00
10,8,50,0,0.00,-1.00
10,9,50,0,0.04,-1.00
10,10,50,0,0.02,-1.00
10,11,50,0,0.02,-1.00
10,12,50,0,0.00,-1.00
10,13,50,0,0.04,-1.00
10,14,50,0,0.08,-1.00
10,15,50,0,0.06,-1.00
10,16,50,0,0.04,-1.00
10,17,50,0,0.02,-1.00
10,18,50,0,0.04,-1.00
10,19,50,0,0.04,-1.00
10,20,50,0,0.04,-1.00
10,21,50,0,0.04,-1.00
10,22,50,0,0.00,-1.00
10,23,50,0,0.00,-1.00
10,24,50,0,0.04,-1.00
10,25,50,0,0.00,-1.00
10,26,50,0,0.00,-1.00
10,27,50,0,0.00,-1.00
10,28,50,0,0.00,-1.00
10,29,50,0,0.00,-1.00
10,30,50,0,0.00,-1.00
10,31,50,0,0.00,-1.00
10,32,50,0,0.00,-1.00
10,33,50,0,0.04,-1.00
10,34,50,0,0.08,-1.00
10,35,50,0,0.02,-1.00
10,36,50,0,0.00,-1.00
10,37,50,0,0.02,-1.00
10,38,50,0,0.02,-1.00
10,39,50,0,0.04,-1.00
10,40,50,0,0.02,-1.00
10,41,50,0,0.00,-1.00
10,42,50,0,0.00,-1.00
10,43,50,0,0.00,-1.00
10,44,50,0,0.00,-1.00
10,45,50,0,0.00,-1.00
10,46,50,0,0.00,-1.00
10,47,50,0,0.02,-1.00
10,48,50,0,0.02,-1.00
10,49,50,0,0.02,-1.00
10,50,50,0,0.00,-1.00
10,51,50,0,0.00,-1.00
10,52,50,0,0.00,-1.00
10,53,50,0,0.00,-1.00
10,54,50,0,0.00,-1.00
10,55,50,0,0.00,-1.00
10,56,50,0,0.06,-1.00
10,57,50,0,0.04,-1.00
10,58,50,0,0.04,-1.00
10,59,50,0,0.06,-1.00
10,60,50,0,0.08,-1.00
10,61,50,0,0.06,-1.00
10,62,50,0,0.12,-1.00
10,63,50,0,0.10,-1.00
10,64,50,0,0.10,-1.00
10,65,50,0,0.10,-1.00
10,66,50,0,0.12,-1.00
10,67,50,0,0.22,-1.00
10,68,50,0,0.18,-1.00
10,69,50,0,0.18,-1.00
10,70,50,0,0.08,-1.00
10,71,50,0,0.04,-1.00
10,72,50,0,0.02,-1.00
10,73,50,0,0.02,-1.00
10,74,50,0,0.02,-1.00
10,75,50,0,0.08,-1.00
10,76,50,0,0.04,-1.00
10,77,50,0,0.04,-1.00
10,78,50,0,0.00,-1.00
10,79,50,0,0.00,-1.00
10,80,50,0,0.00,-1.00
10,81,50,0,0.00,-1.00
10,82,50,0,0.10,-1.00
10,83,50,0,0.06,-1.00
10,84,50,0,0.04,-1.00
10,85,50,0,0.04,-1.00
10,86,50,0,0.02,-1.00
10,87,50,0,0.04,-1.00
10,88,50,0,0.02,-1.00
10,89,50,0,0.04,-1.00
10,90,50,0,0.04,-1.00
10,91,50,0,0.00,-1.00
10,92,50,0,0.00,-1.00
10,93,50,0,0.04,-1.00
10,94,50,0,0.02,-1.00
10,95,50,0,0.00,-1.00
10,96,50,0,0.00,-1.00
10,97,50,0,0.00,-1.00
10,98,50,0,0.02,-1.00
10,99,50,0,0.02,-1.00
10,100,50,0,0.00,-1.00
10,101,50,0,0.02,-1.00
10,102,50,0,0.02,-1.00
10,103,50,0,0.04,-1.00
10,104,50,0,0.06,-1.00
10,105,50,0,0.02,-1.00
10,106,50,0,0.04,-1.00
10,107,50,0,0.04,-1.00
10,108,50,0,0.00,-1.00
10,109,50,0,0.00,-1.00
10,110,50,0,0.00,-1.00
10,111,50,0,0.00,-1.00
10,112,50,0,0.00,-1.00
10,113,50,0,0.00,-1.00
10,114,50,0,0.02,-1.00
10,115,50,0,0.08,-1.00
10,116,50,0,0.04,-1.00
10,117,50,0,0.10,-1.00
10,118,50,0,0.04,-1.00
10,119,50,0,0.00,-1.00
10,120,50,0,0.00,-1.00
10,121,50,0,0.00,-1.00
10,122,50,0,0.00,-1.00
10,123,50,0,0.06,-1.00
10,124,50,0,0.14,-1.00
10,125,50,0,0.10,-1.00
10,126,50,0,0.14,-1.00
10,127,50,0,0.12,-1.00
10,128,50,0,0.10,-1.00
10,129,50,0,0.10,-1.00
10,130,50,0,0.14,-1.00
10,131,50,0,0.14,-1.00
10,132,50,0,0.10,-1.00
10,133,50,0,0.10,-1.00
10,134,50,0,0.12,-1.00
10,135,50,0,0.04,-1.00
10,136,50,0,0.00,-1.00
10,137,50,0,0.00,-1.00
10,138,50,0,0.00,-1.00
10,139,50,0,0.00,-1.00
10,140,50,0,0.00,-1.00
10,141,50,0,0.00,-1.00
10,142,50,0,0.00,-1.00
10,143,50,0,0.04,-1.00
10,144,50,0,0.08,-1.00
10,145,50,0,0.10,-1.00
10,146,50,0,0.08,-1.00
10,147,50,0,0.06,-1.00
10,148,50,0,0.08,-1.00
10,149,50,0,0.04,-1.00
10,150,50,0,0.00,-1.00
10,151,50,0,0.00,-1.00
10,152,50,0,0.00,-1.00
10,153,50,0,0.04,-1.00
10,154,50,0,0.04,-1.00
10,155,50,0,0.04,-1.00
10,156,50,0,0.00,-1.00
10,157,50,0,0.00,-1.00
10,158,50,0,0.00,-1.00
10,159,50,0,0.00,-1.00
10,160,50,0,0.00,-1.00
10,161,50,0,0.00,-1.00
10,162,50,0,0.06,-1.00
10,163,50,0,0.18,-1.00
10,164,50,0,0.20,-1.00
10,165,50,0,0.18,-1.00
10,166,50,0,0.22,-1.00
10,167,50,0,0.18,-1.00
10,168,50,0,0.10,-1.00
10,169,50,0,0.06,-1.00
10,170,50,0,0.04,-1.00
10,171,50,0,0.06,-1.00
10,172,50,0,0.02,-1.00
10,173,50,0,0.02,-1.00
10,174,50,0,0.04,-1.00
10,175,50,0,0.00,-1.00
10,176,50,0,0.00,-1.00
10,177,50,0,0.04,-1.00
10,178,50,0,0.12,-1.00
10,179,50,0,0.10,-1.00
10,180,50,0,0.16,-1.00
10,181,50,0,0.12,-1.00
10,182,50,0,0.22,-1.00
10,183,50,0,0.24,-1.00
10,184,50,0,0.22,-1.00
10,185,50,0,0.10,-1.00
10,186,50,0,0.06,-1.00
10,187,50,0,0.10,-1.00
10,188,50,0,0.10,-1.00
10,189,50,0,0.08,-1.00
10,190,50,0,0.02,-1.00
10,191,50,0,0.00,-1.00
10,192,50,0,0.00,-1.00
10,193,50,0,0.00,-1.00
10,194,50,0,0.00,-1.00
10,195,50,0,0.00,-1.00
10,196,50,0,0.00,-1.00
10,197,50,0,0.04,-1.00
10,198,50,0,0.10,-1.00
10,199,50,0,0.06,-1.00
10,200,50,0,0.06,-1.00
10,201,50,0,0.12,-1.00
10,202,50,0,0.16,-1.00
10,203,50,0,0.24,-1.00
10,204,50,0,0.26,-1.00
10,205,50,0,0.34,-1.00
10,206,50,0,0.32,-1.00
10,207,50,0,0.44,-1.00
10,208,50,0,0.44,-1.00
10,209,50,0,0.32,-1.00
10,210,50,0,0.38,-1.00
10,211,50,0,0.34,-1.00
10,212,50,0,0.34,-1.00
10,213,50,0,0.36,-1.00
10,214,50,0,0.30,-1.00
10,215,50,0,0.32,-1.00
10,216,50,0,0.36,-1.00
10,217,50,0,0.36,-1.00
10,218,50,0,0.44,-1.00
10,219,50,0,0.52,-1.00
10,220,50,0,0.48,-1.00
10,221,50,0,0.34,-1.00
10,222,50,0,0.28,-1.00
10,223,50,0,0.22,-1.00
10,224,50,0,0.32,-1.00
10,225,50,0,0.34,-1.00
10,226,50,0,0.32,-1.00
10,227,50,0,0.26,-1.00
10,228,50,0,0.16,-1.00
10,229,50,0,0.16,-1.00
10,230,50,0,0.14,-1.00
10,231,50,0,0.08,-1.00
10,232,50,0,0.06,-1.00
10,233,50,0,0.06,-1.00
10,234,50,0,0.06,-1.00
10,235,50,0,0.00,-1.00
10,236,50,0,0.00,-1.00
10,237,50,0,0.00,-1.00
10,238,50,0,0.00,-1.00
10,239,50,0,0.00,-1.00
10,240,50,0,0.02,-1.00
10,241,50,0,0.06,-1.00
10,242,50,0,0.02,-1.00
10,243,50,0,0.04,-1.00
10,244,50,0,0.04,-1.00
10,245,50,0,0.04,-1.00
10,246,50,0,0.02,-1.00
10,247,50,0,0.02,-1.00
10,248,50,0,0.04,-1.00
10,249,50,0,0.02,-1.00
10,250,50,0,0.04,-1.00
10,251,50,0,0.04,-1.00
10,252,50,0,0.04,-1.00
10,253,50,0,0.04,-1.00
10,254,50,0,0.00,-1.00
10,255,50,0,0.00,-1.00
10,256,50,0,0.00,-1.00
10,257,50,0,0.00,-1.00
10,258,50,0,0.00,-1.00
10,259,50,0,0.00,-1.00
10,260,50,0,0.00,-1.00
10,261,50,0,0.00,-1.00
10,262,50,0,0.02,-1.00
10,263,50,0,0.02,-1.00
10,264,50,0,0.00,-1.00
10,265,50,0,0.00,-1.00
10,266,50,0,0.00,-1.00
10,267,50,0,0.00,-1.00
10,268,50,0,0.00,-1.00
10,269,50,0,0.00,-1.00
10,270,50,0,0.00,-1.00
10,271,50,0,0.00,-1.00
10,272,50,0,0.04,-1.00
10,273,50,0,0.04,-1.00
10,274,50,0,0.00,-1.00
10,275,50,0,0.00,-1.00
10,276,50,0,0.00,-1.00
10,277,50,0,0.00,-1.00
10,278,50,0,0.02,-1.00
10,279,50,0,0.00,-1.00
10,280,50,0,0.00,-1.00
10,281,50,0,0.00,-1.00
10,282,50,0,0.00,-1.00
10,283,50,0,0.02,-1.00
10,284,50,0,0.00,-1.00
10,285,50,0,0.00,-1.00
10,286,50,0,0.00,-1.00
10,287,50,0,0.00,-1.00
10,288,50,0,0.00,-1.00
10,289,50,0,0.04,-1.00
10,290,50,0,0.04,-1.00
10,291,50,0,0.00,-1.00
10,292,50,0,0.00,-1.00
10,293,50,0,0.00,-1.00
10,294,50,0,0.00,-1.00
10,295,50,0,0.00,-1.00
10,296,50,0,0.00,-1.00
10,297,50,0,0.00,-1.00
10,298,50,0,0.04,-1.00
10,299,50,0,0.04,-1.00
10,300,50,0,0.04,-1.00
10,301,50,0,0.04,-1.00
10,302,50,0,0.04,-1.00
10,303,50,0,0.04,-1.00
10,304,50,0,0.06,-1.00
10,305,50,0,0.08,-1.00
10,306,50,0,0.02,-1.00
10,307,50,0,0.04,-1.00
10,308,50,0,0.00,-1.00
10,309,50,0,0.00,-1.00
10,310,50,0,0.00,-1.00
10,311,50,0,0.02,-1.00
10,312,50,0,0.00,-1.00
10,313,50,0,0.02,-1.00
10,314,50,0,0.08,-1.00
10,315,50,0,0.06,-1.00
10,316,50,0,0.04,-1.00
10,317,50,0,0.02,-1.00
10,318,50,0,0.00,-1.00
10,319,50,0,0.04,-1.00
10,320,50,0,0.04,-1.00
10,321,50,0,0.06,-1.00
10,322,50,0,0.12,-1.00
10,323,50,0,0.22,-1.00
10,324,50,0,0.14,-1.00
10,325,50,0,0.12,-1.00
10,326,50,0,0.16,-1.00
10,327,50,0,0.16,-1.00
10,328,50,0,0.08,-1.00
10,329,50,0,0.16,-1.00
10,330,50,0,0.08,-1.00
10,331,50,0,0.06,-1.00
10,332,50,0,0.02,-1.00
10,333,50,0,0.02,-1.00
10,334,50,0,0.02,-1.00
10,335,50,0,0.02,-1.00
10,336,50,0,0.00,-1.00
10,337,50,0,0.00,-1.00
10,338,50,0,0.00,-1.00
10,339,50,0,0.00,-1.00
10,340,50,0,0.04,-1.00
10,341,50,0,0.00,-1.00
10,342,50,0,0.00,-1.00
10,343,50,0,0.00,-1.00
10,344,50,0,0.06,-1.00
10,345,50,0,0.10,-1.00
10,346,50,0,0.10,-1.00
10,347,50,0,0.02,-1.00
10,348,50,0,0.02,-1.00
10,349,50,0,0.04,-1.00
10,350,50,0,0.10,-1.00
10,351,50,0,0.12,-1.00
10,352,50,0,0.12,-1.00
10,353,50,0,0.14,-1.00
10,354,50,0,0.14,-1.00
10,355,50,0,0.14,-1.00
10,356,50,0,0.10,-1.00
10,357,50,0,0.12,-1.00
10,358,50,0,0.12,-1.00
10,359,50,0,0.10,-1.00
10,360,50,0,0.08,-1.00
10,361,50,0,0.02,-1.00
10,362,50,0,0.02,-1.00
10,363,50,0,0.04,-1.00
10,364,50,0,0.10,-1.00
10,365,50,0,0.06,-1.00
10,366,50,0,0.00,-1.00
10,367,50,0,0.00,-1.00
10,368,50,0,0.00,-1.00
10,369,50,0,0.00,-1.00
10,370,50,0,0.00,-1.00
10,371,50,0,0.00,-1.00
10,372,50,0,0.00,-1.00
10,373,50,0,0.06,-1.00
10,374,50,0,0.12,-1.00
10,375,50,0,0.08,-1.00
10,376,50,0,0.06,-1.00
10,377,50,0,0.06,-1.00
10,378,50,0,0.06,-1.00
10,379,50,0,0.12,-1.00
10,380,50,0,0.12,-1.00
10,381,50,0,0.20,-1.00
10,382,50,0,0.26,-1.00
10,383,50,0,0.20,-1.00
10,384,50,0,0.22,-1.00
10,385,50,0,0.38,-1.00
10,386,50,0,0.28,-1.00
10,387,50,0,0.28,-1.00
10,388,50,0,0.28,-1.00
10,389,50,0,0.24,-1.00
10,390,50,0,0.12,-1.00
10,391,50,0,0.08,-1.00
10,392,50,0,0.06,-1.00
10,393,50,0,0.10,-1.00
10,394,50,0,0.08,-1.00
10,395,50,0,0.04,-1.00
10,396,50,0,0.02,-1.00
10,397,50,0,0.00,-1.00
10,398,50,0,0.00,-1.00
10,399,50,0,0.00,-1.00
10,400,50,0,0.00,-1.00
10,401,50,0,0.00,-1.00
10,402,50,0,0.04,-1.00
10,403,50,0,0.04,-1.00
10,404,50,0,0.02,-1.00
10,405,50,0,0.00,-1.00
10,406,50,0,0.00,-1.00
10,407,50,0,0.00,-1.00
10,408,50,0,0.00,-1.00
10,409,50,0,0.08,-1.00
10,410,50,0,0.10,-1.00
10,411,50,0,0.04,-1.00
10,412,50,0,0.10,-1.00
10,413,50,0,0.10,-1.00
10,414,50,0,0.12,-1.00
10,415,50,0,0.08,-1.00
10,416,50,0,0.10,-1.00
10,417,50,0,0.06,-1.00
10,418,50,0,0.12,-1.00
10,419,50,0,0.12,-1.00
10,420,50,0,0.10,-1.00
10,421,50,0,0.16,-1.00
10,422,50,0,0.20,-1.00
10,423,50,0,0.14,-1.00
10,424,50,0,0.10,-1.00
10,425,50,0,0.18,-1.00
10,426,50,0,0.14,-1.00
10,427,50,0,0.06,-1.00
10,428,50,0,0.00,-1.00
10,429,50,0,0.00,-1.00
10,430,50,0,0.00,-1.00
10,431,50,0,0.00,-1.00
10,432,50,0,0.00,-1.00
10,433,50,0,0.00,-1.00
10,434,50,0,0.00,-1.00
10,435,50,0,0.00,-1.00
10,436,50,0,0.00,-1.00
10,437,50,0,0.00,-1.00
10,438,50,0,0.02,-1.00
10,439,50,0,0.04,-1.00
10,440,50,0,0.02,-1.00
10,441,50,0,0.06,-1.00
10,442,50,0,0.04,-1.00
10,443,50,0,0.06,-1.00
10,444,50,0,0.06,-1.00
10,445,50,0,0.06,-1.00
10,446,50,0,0.04,-1.00
10,447,50,0,0.00,-1.00
10,448,50,0,0.00,-1.00
10,449,50,0,0.04,-1.00
10,450,50,0,0.16,-1.00
10,451,50,0,0.16,-1.00
10,452,50,0,0.18,-1.00
10,453,50,0,0.20,-1.00
10,454,50,0,0.26,-1.00
10,455,50,0,0.18,-1.00
10,456,50,0,0.20,-1.00
10,457,50,0,0.18,-1.00
10,458,50,0,0.12,-1.00
10,459,50,0,0.16,-1.00
10,460,50,0,0.18,-1.00
10,461,50,0,0.20,-1.00
10,462,50,0,0.14,-1.00
10,463,50,0,0.04,-1.00
10,464,50,0,0.10,-1.00
10,465,50,0,0.12,-1.00
10,466,50,0,0.20,-1.00
10,467,50,0,0.36,-1.00
10,468,50,0,0.28,-1.00
10,469,50,0,0.22,-1.00
10,470,50,0,0.10,-1.00
10,471,50,0,0.18,-1.00
10,472,50,0,0.12,-1.00
10,473,50,0,0.12,-1.00
10,474,50,0,0.12,-1.00
10,475,50,0,0.14,-1.00
10,476,50,0,0.08,-1.00
10,477,50,0,0.04,-1.00
10,478,50,0,0.06,-1.00
10,479,50,0,0.04,-1.00
10,480,50,0,0.10,-1.00
10,481,50,0,0.14,-1.00
10,482,50,0,0.12,-1.00
10,483,50,0,0.18,-1.00
10,484,50,0,0.14,-1.00
10,485,50,0,0.04,-1.00
10,486,50,0,0.04,-1.00
10,487,50,0,0.04,-1.00
10,488,50,0,0.04,-1.00
10,489,50,0,0.02,-1.00
10,490,50,0,0.02,-1.00
10,491,50,0,0.00,-1.00
10,492,50,0,0.00,-1.00
10,493,50,0,0.04,-1.00
10,494,50,0,0.02,-1.00
10,495,50,0,0.06,-1.00
10,496,50,0,0.08,-1.00
10,497,50,0,0.04,-1.00
10,498,50,0,0.04,-1.00
10,499,50,0,0.10,-1.00
10,500,50,0,0.06,-1.00
11,1,50,0,0.04,-1.00
11,2,50,0,0.06,-1.00
11,3,50,0,0.06,-1.00
11,4,50,0,0.06,-1.00
11,5,50,0,0.10,-1.00
11,6,50,0,0.20,-1.00
11,7,50,0,0.14,-1.00
11,8,50,0,0.20,-1.00
11,9,50,0,0.16,-1.00
11,10,50,0,0.22,-1.00
11,11,50,0,0.30,-1.00
11,12,50,0,0.30,-1.00
11,13,50,0,0.26,-1.00
11,14,50,0,0.20,-1.00
11,15,50,0,0.20,-1.00
11,16,50,0,0.20,-1.00
11,17,50,0,0.24,-1.00
11,18,50,0,0.20,-1.00
11,19,50,0,0.26,-1.00
11,20,50,0,0.20,-1.00
11,21,50,0,0.16,-1.00
11,22,50,0,0.14,-1.00
11,23,50,0,0.18,-1.00
11,24,50,0,0.10,-1.00
11,25,50,0,0.08,-1.00
11,26,50,0,0.16,-1.00
11,27,50,0,0.16,-1.00
11,28,50,0,0.12,-1.00
11,29,50,0,0.12,-1.00
11,30,50,0,0.12,-1.00
11,31,50,0,0.10,-1.00
11,32,50,0,0.00,-1.00
11,33,50,0,0.00,-1.00
11,34,50,0,0.00,-1.00
11,35,50,0,0.00,-1.00
11,36,50,0,0.00,-1.00
11,37,50,0,0.00,-1.00
11,38,50,0,0.00,-1.00
11,39,50,0,0.00,-1.00
11,40,50,0,0.00,-1.00
11,41,50,0,0.00,-1.00
11,42,50,0,0.04,-1.00
11,43,50,0,0.04,-1.00
11,44,50,0,0.06,-1.00
11,45,50,0,0.06,-1.00
11,46,50,0,0.02,-1.00
11,47,50,0,0.04,-1.00
11,48,50,0,0.04,-1.00
11,49,50,0,0.08,-1.00
11,50,50,0,0.06,-1.00
11,51,50,0,0.00,-1.00
11,52,50,0,0.06,-1.00
11,53,50,0,0.08,-1.00
11,54,50,0,0.04,-1.00
11,55,50,0,0.06,-1.00
11,56,50,0,0.04,-1.00
11,57,50,0,0.02,-1.00
11,58,50,0,0.02,-1.00
11,59,50,0,0.02,-1.00
11,60,50,0,0.00,-1.00
11,61,50,0,0.02,-1.00
11,62,50,0,0.02,-1.00
11,63,50,0,0.06,-1.00
11,64,50,0,0.04,-1.00
11,65,50,0,0.02,-1.00
11,66,50,0,0.02,-1.00
11,67,50,0,0.02,-1.00
11,68,50,0,0.02,-1.00
11,69,50,0,0.02,-1.00
11,70,50,0,0.02,-1.00
11,71,50,0,0.02,-1.00
11,72,50,0,0.00,-1.00
11,73,50,0,0.00,-1.00
11,74,50,0,0.02,-1.00
11,75,50,0,0.02,-1.00
11,76,50,0,0.02,-1.00
11,77,50,0,0.00,-1.00
11,78,50,0,0.00,-1.00
11,79,50,0,0.00,-1.00
11,80,50,0,0.00,-1.00
11,81,50,0,0.02,-1.00
11,82,50,0,0.00,-1.00
11,83,50,0,0.00,-1.00
11,84,50,0,0.00,-1.00
11,85,50,0,0.00,-1.00
11,86,50,0,0.00,-1.00
11,87,50,0,0.00,-1.00
11,88,50,0,0.00,-1.00
11,89,50,0,0.00,-1.00
11,90,50,0,0.00,-1.00
11,91,50,0,0.02,-1.00
11,92,50,0,0.06,-1.00
11,93,50,0,0.10,-1.00
11,94,50,0,0.14,-1.00
11,95,50,0,0.04,-1.00
11,96,50,0,0.02,-1.00
11,97,50,0,0.00,-1.00
11,98,50,0,0.00,-1.00
11,99,50,0,0.00,-1.00
11,100,50,0,0.00,-1.00
11,101,50,0,0.00,-1.00
11,102,50,0,0.02,-1.00
11,103,50,0,0.04,-1.00
11,104,50,0,0.02,-1.00
11,105,50,0,0.00,-1.00
11,106,50,0,0.00,-1.00
11,107,50,0,0.02,-1.00
11,108,50,0,0.04,-1.00
11,109,50,0,0.02,-1.00
11,110,50,0,0.00,-1.00
11,111,50,0,0.02,-1.00
11,112,50,0,0.00,-1.00
11,113,50,0,0.06,-1.00
11,114,50,0,0.08,-1.00
11,115,50,0,0.04,-1.00
11,116,50,0,0.10,-1.00
11,117,50,0,0.08,-1.00
11,118,50,0,0.12,-1.00
11,119,50,0,0.04,-1.00
11,120,50,0,0.06,-1.00
11,121,50,0,0.12,-1.00
11,122,50,0,0.18,-1.00
11,123,50,0,0.08,-1.00
11,124,50,0,0.02,-1.00
11,125,50,0,0.02,-1.00
11,126,50,0,0.04,-1.00
11,127,50,0,0.06,-1.00
11,128,50,0,0.02,-1.00
11,129,50,0,0.00,-1.00
11,130,50,0,0.04,-1.00
11,131,50,0,0.06,-1.00
11,132,50,0,0.02,-1.00
11,133,50,0,0.00,-1.00
11,134,50,0,0.02,-1.00
11,135,50,0,0.02,-1.00
11,136,50,0,0.00,-1.00
11,137,50,0,0.00,-1.00
11,138,50,0,0.00,-1.00
11,139,50,0,0.02,-1.00
11,140,50,0,0.02,-1.00
11,141,50,0,0.04,-1.00
11,142,50,0,0.04,-1.00
11,143,50,0,0.04,-1.00
11,144,50,0,0.06,-1.00
11,145,50,0,0.08,-1.00
11,146,50,0,0.04,-1.00
11,147,50,0,0.04,-1.00
11,148,50,0,0.06,-1.00
11,149,50,0,0.06,-1.00
11,150,50,0,0.10,-1.00
11,151,50,0,0.14,-1.00
11,152,50,0,0.18,-1.00
11,153,50,0,0.30,-1.00
11,154,50,0,0.32,-1.00
11,155,50,0,0.26,-1.00
11,156,50,0,0.16,-1.00
11,157,50,0,0.22,-1.00
11,158,50,0,0.18,-1.00
11,159,50,0,0.22,-1.00
11,160,50,0,0.16,-1.00
11,161,50,0,0.18,-1.00
11,162,50,0,0.22,-1.00
11,163,50,0,0.34,-1.00
11,164,50,0,0.30,-1.00
11,165,50,0,0.30,-1.00
11,166,50,0,0.38,-1.00
11,167,50,0,0.36,-1.00
11,168,50,0,0.40,-1.00
11,169,50,0,0.44,-1.00
11,170,50,0,0.42,-1.00
11,171,50,0,0.54,-1.00
11,172,50,0,0.64,-1.00
11,173,50,0,0.56,-1.00
11,174,50,0,0.52,-1.00
11,175,50,0,0.42,-1.00
11,176,50,0,0.28,-1.00
11,177,50,0,0.22,-1.00
11,178,50,0,0.20,-1.00
11,179,50,0,0.28,-1.00
11,180,50,0,0.28,-1.00
11,181,50,0,0.14,-1.00
11,182,50,0,0.04,-1.00
11,183,50,0,0.06,-1.00
11,184,50,0,0.14,-1.00
11,185,50,0,0.16,-1.00
11,186,50,0,0.18,-1.00
11,187,50,0,0.18,-1.00
11,188,50,0,0.24,-1.00
11,189,50,0,0.24,-1.00
11,190,50,0,0.14,-1.00
11,191,50,0,0.06,-1.00
11,192,50,0,0.06,-1.00
11,193,50,0,0.02,-1.00
11,194,50,0,0.00,-1.00
11,195,50,0,0.00,-1.00
11,196,50,0,0.02,-1.00
11,197,50,0,0.06,-1.00
11,198,50,0,0.10,-1.00
11,199,50,0,0.08,-1.00
11,200,50,0,0.10,-1.00
11,201,50,0,0.02,-1.00
11,202,50,0,0.02,-1.00
11,203,50,0,0.06,-1.00
11,204,50,0,0.02,-1.00
11,205,50,0,0.02,-1.00
11,206,50,0,0.00,-1.00
11,207,50,0,0.00,-1.00
11,208,50,0,0.00,-1.00
11,209,50,0,0.00,-1.00
11,210,50,0,0.00,-1.00
11,211,50,0,0.00,-1.00
11,212,50,0,0.00,-1.00
11,213,50,0,0.00,-1.00
11,214,50,0,0.00,-1.00
11,215,50,0,0.02,-1.00
11,216,50,0,0.02,-1.00
11,217,50,0,0.04,-1.00
11,218,50,0,0.04,-1.00
11,219,50,0,0.04,-1.00
11,220,50,0,0.02,-1.00
11,221,50,0,0.02,-1.00
11,222,50,0,0.04,-1.00
11,223,50,0,0.00,-1.00
11,224,50,0,0.00,-1.00
11,225,50,0,0.00,-1.00
11,226,50,0,0.00,-1.00
11,227,50,0,0.00,-1.00
11,228,50,0,0.00,-1.00
11,229,50,0,0.00,-1.00
11,230,50,0,0.00,-1.00
11,231,50,0,0.02,-1.00
11,232,50,0,0.02,-1.00
11,233,50,0,0.04,-1.00
11,234,50,0,0.00,-1.00
11,235,50,0,0.00,-1.00
11,236,50,0,0.00,-1.00
11,237,50,0,0.00,-1.00
11,238,50,0,0.00,-1.00
11,239,50,0,0.08,-1.00
11,240,50,0,0.14,-1.00
11,241,50,0,0.08,-1.00
11,242,50,0,0.08,-1.00
11,243,50,0,0.08,-1.00
11,244,50,0,0.08,-1.00
11,245,50,0,0.06,-1.00
11,246,50,0,0.08,-1.00
11,247,50,0,0.08,-1.00
11,248,50,0,0.08,-1.00
11,249,50,0,0.10,-1.00
11,250,50,0,0.08,-1.00
11,251,50,0,0.04,-1.00
11,252,50,0,0.02,-1.00
11,253,50,0,0.02,-1.00
11,254,50,0,0.00,-1.00
11,255,50,0,0.00,-1.00
11,256,50,0,0.00,-1.00
11,257,50,0,0.00,-1.00
11,258,50,0,0.00,-1.00
11,259,50,0,0.00,-1.00
11,260,50,0,0.00,-1.00
11,261,50,0,0.02,-1.00
11,262,50,0,0.00,-1.00
11,263,50,0,0.00,-1.00
11,264,50,0,0.00,-1.00
11,265,50,0,0.00,-1.00
11,266,50,0,0.00,-1.00
11,267,50,0,0.02,-1.00
11,268,50,0,0.04,-1.00
11,269,50,0,0.04,-1.00
11,270,50,0,0.08,-1.00
11,271,50,0,0.08,-1.00
11,272,50,0,0.02,-1.00
11,273,50,0,0.02,-1.00
11,274,50,0,0.04,-1.00
11,275,50,0,0.06,-1.00
11,276,50,0,0.00,-1.00
11,277,50,0,0.00,-1.00
11,278,50,0,0.00,-1.00
11,279,50,0,0.00,-1.00
11,280,50,0,0.00,-1.00
11,281,50,0,0.00,-1.00
11,282,50,0,0.06,-1.00
11,283,50,0,0.02,-1.00
11,284,50,0,0.00,-1.00
11,285,50,0,0.02,-1.00
11,286,50,0,0.02,-1.00
11,287,50,0,0.00,-1.00
11,288,50,0,0.00,-1.00
11,289,50,0,0.00,-1.00
11,290,50,0,0.00,-1.00
11,291,50,0,0.00,-1.00
11,292,50,0,0.02,-1.00
11,293,50,0,0.02,-1.00
11,294,50,0,0.04,-1.00
11,295,50,0,0.06,-1.00
11,296,50,0,0.06,-1.00
11,297,50,0,0.08,-1.00
11,298,50,0,0.02,-1.00
11,299,50,0,0.06,-1.00
11,300,50,0,0.04,-1.00
11,301,50,0,0.04,-1.00
11,302,50,0,0.10,-1.00
11,303,50,0,0.10,-1.00
11,304,50,0,0.18,-1.00
11,305,50,0,0.18,-1.00
11,306,50,0,0.14,-1.00
11,307,50,0,0.14,-1.00
11,308,50,0,0.20,-1.00
11,309,50,0,0.14,-1.00
11,310,50,0,0.10,-1.00
11,311,50,0,0.04,-1.00
11,312,50,0,0.02,-1.00
11,313,50,0,0.02,-1.00
11,314,50,0,0.04,-1.00
11,315,50,0,0.02,-1.00
11,316,50,0,0.08,-1.00
11,317,50,0,0.04,-1.00
11,318,50,0,0.02,-1.00
11,319,50,0,0.02,-1.00
11,320,50,0,0.00,-1.00
11,321,50,0,0.00,-1.00
11,322,50,0,0.00,-1.00
11,323,50,0,0.04,-1.00
11,324,50,0,0.14,-1.00
11,325,50,0,0.10,-1.00
11,326,50,0,0.06,-1.00
11,327,50,0,0.10,-1.00
11,328,50,0,0.08,-1.00
11,329,50,0,0.08,-1.00
11,330,50,0,0.08,-1.00
11,331,50,0,0.10,-1.00
11,332,50,0,0.08,-1.00
11,333,50,0,0.08,-1.00
11,334,50,0,0.10,-1.00
11,335,50,0,0.08,-1.00
11,336,50,0,0.08,-1.00
11,337,50,0,0.04,-1.00
11,338,50,0,0.00,-1.00
11,339,50,0,0.04,-1.00
11,340,50,0,0.02,-1.00
11,341,50,0,0.08,-1.00
11,342,50,0,0.16,-1.00
11,343,50,0,0.18,-1.00
11,344,50,0,0.12,-1.00
11,345,50,0,0.08,-1.00
11,346,50,0,0.10,-1.00
11,347,50,0,0.06,-1.00
11,348,50,0,0.04,-1.00
11,349,50,0,0.00,-1.00
11,350,50,0,0.00,-1.00
11,351,50,0,0.00,-1.00
11,352,50,0,0.02,-1.00
11,353,50,0,0.00,-1.00
11,354,50,0,0.04,-1.00
11,355,50,0,0.00,-1.00
11,356,50,0,0.00,-1.00
11,357,50,0,0.00,-1.00
11,358,50,0,0.00,-1.00
11,359,50,0,0.06,-1.00
11,360,50,0,0.02,-1.00
11,361,50,0,0.04,-1.00
11,362,50,0,0.08,-1.00
11,363,50,0,0.10,-1.00
11,364,50,0,0.06,-1.00
11,365,50,0,0.08,-1.00
11,366,50,0,0.02,-1.00
11,367,50,0,0.04,-1.00
11,368,50,0,0.08,-1.00
11,369,50,0,0.10,-1.00
11,370,50,0,0.10,-1.00
11,371,50,0,0.06,-1.00
11,372,50,0,0.12,-1.00
11,373,50,0,0.10,-1.00
11,374,50,0,0.02,-1.00
11,375,50,0,0.00,-1.00
11,376,50,0,0.00,-1.00
11,377,50,0,0.00,-1.00
11,378,50,0,0.00,-1.00
11,379,50,0,0.02,-1.00
11,380,50,0,0.00,-1.00
11,381,50,0,0.04,-1.00
11,382,50,0,0.08,-1.00
11,383,50,0,0.06,-1.00
11,384,50,0,0.04,-1.00
11,385,50,0,0.02,-1.00
11,386,50,0,0.02,-1.00
11,387,50,0,0.00,-1.00
11,388,50,0,0.00,-1.00
11,389,50,0,0.00,-1.00
11,390,50,0,0.00,-1.00
11,391,50,0,0.00,-1.00
11,392,50,0,0.00,-1.00
11,393,50,0,0.08,-1.00
11,394,50,0,0.08,-1.00
11,395,50,0,0.12,-1.00
11,396,50,0,0.08,-1.00
11,397,50,0,0.16,-1.00
11,398,50,0,0.20,-1.00
11,399,50,0,0.14,-1.00
11,400,50,0,0.10,-1.00
11,401,50,0,0.08,-1.00
11,402,50,0,0.08,-1.00
11,403,50,0,0.12,-1.00
11,404,50,0,0.16,-1.00
11,405,50,0,0.08,-1.00
11,406,50,0,0.20,-1.00
11,407,50,0,0.20,-1.00
11,408,50,0,0.12,-1.00
11,409,50,0,0.10,-1.00
11,410,50,0,0.12,-1.00
11,411,50,0,0.18,-1.00
11,412,50,0,0.16,-1.00
11,413,50,0,0.20,-1.00
11,414,50,0,0.10,-1.00
11,415,50,0,0.08,-1.00
11,416,50,0,0.08,-1.00
11,417,50,0,0.02,-1.00
11,418,50,0,0.00,-1.00
11,419,50,0,0.00,-1.00
11,420,50,0,0.00,-1.00
11,421,50,0,0.00,-1.00
11,422,50,0,0.00,-1.00
11,423,50,0,0.00,-1.00
11,424,50,0,0.00,-1.00
11,425,50,0,0.00,-1.00
11,426,50,0,0.00,-1.00
11,427,50,0,0.00,-1.00
11,428,50,0,0.04,-1.00
11,429,50,0,0.04,-1.00
11,430,50,0,0.04,-1.00
11,431,50,0,0.04,-1.00
11,432,50,0,0.06,-1.00
11,433,50,0,0.08,-1.00
11,434,50,0,0.06,-1.00
11,435,50,0,0.04,-1.00
11,436,50,0,0.04,-1.00
11,437,50,0,0.06,-1.00
11,438,50,0,0.04,-1.00
11,439,50,0,0.04,-1.00
11,440,50,0,0.04,-1.00
11,441,50,0,0.02,-1.00
11,442,50,0,0.02,-1.00
11,443,50,0,0.00,-1.00
11,444,50,0,0.00,-1.00
11,445,50,0,0.00,-1.00
11,446,50,0,0.00,-1.00
11,447,50,0,0.00,-1.00
11,448,50,0,0.00,-1.00
11,449,50,0,0.00,-1.00
11,450,50,0,0.00,-1.00
11,451,50,0,0.02,-1.00
11,452,50,0,0.02,-1.00
11,453,50,0,0.04,-1.00
11,454,50,0,0.02,-1.00
11,455,50,0,0.04,-1.00
11,456,50,0,0.04,-1.00
11,457,50,0,0.10,-1.00
11,458,50,0,0.20,-1.00
11,459,50,0,0.22,-1.00
11,460,50,0,0.12,-1.00
11,461,50,0,0.06,-1.00
11,462,50,0,0.00,-1.00
11,463,50,0,0.00,-1.00
11,464,50,0,0.00,-1.00
11,465,50,0,0.04,-1.00
11,466,50,0,0.04,-1.00
11,467,50,0,0.06,-1.00
11,468,50,0,0.02,-1.00
11,469,50,0,0.02,-1.00
11,470,50,0,0.02,-1.00
11,471,50,0,0.02,-1.00
11,472,50,0,0.02,-1.00
11,473,50,0,0.04,-1.00
11,474,50,0,0.04,-1.00
11,475,50,0,0.00,-1.00
11,476,50,0,0.00,-1.00
11,477,50,0,0.00,-1.00
11,478,50,0,0.00,-1.00
11,479,50,0,0.02,-1.00
11,480,50,0,0.02,-1.00
11,481,50,0,0.00,-1.00
11,482,50,0,0.00,-1.00
11,483,50,0,0.00,-1.00
11,484,50,0,0.02,-1.00
11,485,50,0,0.02,-1.00
11,486,50,0,0.02,-1.00
11,487,50,0,0.04,-1.00
11,488,50,0,0.08,-1.00
11,489,50,0,0.12,-1.00
11,490,50,0,0.10,-1.00
11,491,50,0,0.08,-1.00
11,492,50,0,0.06,-1.00
11,493,50,0,0.06,-1.00
11,494,50,0,0.08,-1.00
11,495,50,0,0.08,-1.00
11,496,50,0,0.06,-1.00
11,497,50,0,0.02,-1.00
11,498,50,0,0.00,-1.00
11,499,50,0,0.00,-1.00
11,500,50,0,0.00,-1.00
12,1,50,0,0.00,-1.00
12,2,50,0,0.00,-1.00
12,3,50,0,0.00,-1.00
12,4,50,0,0.00,-1.00
12,5,50,0,0.00,-1.00
12,6,50,0,0.00,-1.00
12,7,50,0,0.00,-1.00
12,8,50,0,0.02,-1.00
12,9,50,0,0.00,-1.00
12,10,50,0,0.00,-1.00
12,11,50,0,0.00,-1.00
12,12,50,0,0.04,-1.00
12,13,50,0,0.02,-1.00
12,14,50,0,0.04,-1.00
12,15,50,0,0.04,-1.00
12,16,50,0,0.02,-1.00
12,17,50,0,0.02,-1.00
12,18,50,0,0.00,-1.00
12,19,50,0,0.00,-1.00
12,20,50,0,0.02,-1.00
12,21,50,0,0.00,-1.00
12,22,50,0,0.00,-1.00
12,23,50,0,0.00,-1.00
12,24,50,0,0.02,-1.00
12,25,50,0,0.02,-1.00
12,26,50,0,0.02,-1.00
12,27,50,0,0.02,-1.00
12,28,50,0,0.04,-1.00
12,29,50,0,0.10,-1.00
12,30,50,0,0.10,-1.00
12,31,50,0,0.10,-1.00
12,32,50,0,0.12,-1.00
12,33,50,0,0.10,-1.00
12,34,50,0,0.12,-1.00
12,35,50,0,0.06,-1.00
12,36,50,0,0.04,-1.00
12,37,50,0,0.04,-1.00
12,38,50,0,0.04,-1.00
12,39,50,0,0.02,-1.00
12,40,50,0,0.12,-1.00
12,41,50,0,0.14,-1.00
12,42,50,0,0.10,-1.00
12,43,50,0,0.14,-1.00
12,44,50,0,0.16,-1.00
12,45,50,0,0.14,-1.00
12,46,50,0,0.08,-1.00
12,47,50,0,0.04,-1.00
12,48,50,0,0.02,-1.00
12,49,50,0,0.02,-1.00
12,50,50,0,0.04,-1.00
12,51,50,0,0.06,-1.00
12,52,50,0,0.08,-1.00
12,53,50,0,0.06,-1.00
12,54,50,0,0.04,-1.00
12,55,50,0,0.04,-1.00
12,56,50,0,0.06,-1.00
12,57,50,0,0.04,-1.00
12,58,50,0,0.02,-1.00
12,59,50,0,0.02,-1.00
12,60,50,0,0.02,-1.00
12,61,50,0,0.02,-1.00
12,62,50,0,0.04,-1.00
12,63,50,0,0.00,-1.00
12,64,50,0,0.00,-1.00
12,65,50,0,0.00,-1.00
12,66,50,0,0.00,-1.00
12,67,50,0,0.02,-1.00
12,68,50,0,0.00,-1.00
12,69,50,0,0.00,-1.00
12,70,50,0,0.04,-1.00
12,71,50,0,0.00,-1.00
12,72,50,0,0.00,-1.00
12,73,50,0,0.00,-1.00
12,74,50,0,0.00,-1.00
12,75,50,0,0.04,-1.00
12,76,50,0,0.02,-1.00
12,77,50,0,0.10,-1.00
12,78,50,0,0.10,-1.00
12,79,50,0,0.18,-1.00
12,80,50,0,0.18,-1.00
12,81,50,0,0.24,-1.00
12,82,50,0,0.10,-1.00
12,83,50,0,0.04,-1.00
12,84,50,0,0.06,-1.00
12,85,50,0,0.06,-1.00
12,86,50,0,0.08,-1.00
12,87,50,0,0.06,-1.00
12,88,50,0,0.06,-1.00
12,89,50,0,0.08,-1.00
12,90,50,0,0.08,-1.00
12,91,50,0,0.08,-1.00
12,92,50,0,0.06,-1.00
12,93,50,0,0.02,-1.00
12,94,50,0,0.10,-1.00
12,95,50,0,0.16,-1.00
12,96,50,0,0.16,-1.00
12,97,50,0,0.10,-1.00
12,98,50,0,0.12,-1.00
12,99,50,0,0.14,-1.00
12,100,50,0,0.16,-1.00
12,101,50,0,0.22,-1.00
12,102,50,0,0.26,-1.00
12,103,50,0,0.26,-1.00
12,104,50,0,0.18,-1.00
12,105,50,0,0.16,-1.00
12,106,50,0,0.14,-1.00
12,107,50,0,0.28,-1.00
12,108,50,0,0.30,-1.00
12,109,50,0,0.26,-1.00
12,110,50,0,0.36,-1.00
12,111,50,0,0.36,-1.00
12,112,50,0,0.28,-1.00
12,113,50,0,0.26,-1.00
12,114,50,0,0.24,-1.00
12,115,50,0,0.30,-1.00
12,116,50,0,0.26,-1.00
12,117,50,0,0.22,-1.00
12,118,50,0,0.18,-1.00
12,119,50,0,0.14,-1.00
12,120,50,0,0.14,-1.00
12,121,50,0,0.06,-1.00
12,122,50,0,0.10,-1.00
12,123,50,0,0.04,-1.00
12,124,50,0,0.06,-1.00
12,125,50,0,0.04,-1.00
12,126,50,0,0.08,-1.00
12,127,50,0,0.04,-1.00
12,128,50,0,0.02,-1.00
12,129,50,0,0.00,-1.00
12,130,50,0,0.00,-1.00
12,131,50,0,0.00,-1.00
12,132,50,0,0.00,-1.00
12,133,50,0,0.04,-1.00
12,134,50,0,0.06,-1.00
12,135,50,0,0.06,-1.00
12,136,50,0,0.10,-1.00
12,137,50,0,0.16,-1.00
12,138,50,0,0.16,-1.00
12,139,50,0,0.16,-1.00
12,140,50,0,0.08,-1.00
12,141,50,0,0.10,-1.00
12,142,50,0,0.08,-1.00
12,143,50,0,0.04,-1.00
12,144,50,0,0.02,-1.00
12,145,50,0,0.02,-1.00
12,146,50,0,0.10,-1.00
12,147,50,0,0.12,-1.00
12,148,50,0,0.04,-1.00
12,149,50,0,0.02,-1.00
12,150,50,0,0.00,-1.00
12,151,50,0,0.00,-1.00
12,152,50,0,0.08,-1.00
12,153,50,0,0.02,-1.00
12,154,50,0,0.02,-1.00
12,155,50,0,0.00,-1.00
12,156,50,0,0.02,-1.00
12,157,50,0,0.02,-1.00
12,158,50,0,0.02,-1.00
12,159,50,0,0.04,-1.00
12,160,50,0,0.10,-1.00
12,161,50,0,0.12,-1.00
12,162,50,0,0.04,-1.00
12,163,50,0,0.06,-1.00
12,164,50,0,0.06,-1.00
12,165,50,0,0.02,-1.00
12,166,50,0,0.02,-1.00
12,167,50,0,0.02,-1.00
12,168,50,0,0.06,-1.00
12,169,50,0,0.04,-1.00
12,170,50,0,0.06,-1.00
12,171,50,0,0.04,-1.00
12,172,50,0,0.12,-1.00
12,173,50,0,0.16,-1.00
12,174,50,0,0.16,-1.00
12,175,50,0,0.14,-1.00
12,176,50,0,0.32,-1.00
12,177,50,0,0.42,-1.00
12,178,50,0,0.30,-1.00
12,179,50,0,0.30,-1.00
12,180,50,0,0.26,-1.00
12,181,50,0,0.22,-1.00
12,182,50,0,0.22,-1.00
12,183,50,0,0.30,-1.00
12,184,50,0,0.14,-1.00
12,185,50,0,0.10,-1.00
12,186,50,0,0.04,-1.00
12,187,50,0,0.04,-1.00
12,188,50,0,0.10,-1.00
12,189,50,0,0.10,-1.00
12,190,50,0,0.08,-1.00
12,191,50,0,0.16,-1.00
12,192,50,0,0.20,-1.00
12,193,50,0,0.18,-1.00
12,194,50,0,0.20,-1.00
12,195,50,0,0.14,-1.00
12,196,50,0,0.18,-1.00
12,197,50,0,0.20,-1.00
12,198,50,0,0.10,-1.00
12,199,50,0,0.14,-1.00
12,200,50,0,0.12,-1.00
12,201,50,0,0.08,-1.00
12,202,50,0,0.06,-1.00
12,203,50,0,0.18,-1.00
12,204,50,0,0.18,-1.00
12,205,50,0,0.20,-1.00
12,206,50,0,0.16,-1.00
12,207,50,0,0.12,-1.00
12,208,50,0,0.22,-1.00
12,209,50,0,0.26,-1.00
12,210,50,0,0.20,-1.00
12,211,50,0,0.22,-1.00
12,212,50,0,0.32,-1.00
12,213,50,0,0.34,-1.00
12,214,50,0,0.26,-1.00
12,215,50,0,0.30,-1.00
12,216,50,0,0.24,-1.00
12,217,50,0,0.28,-1.00
12,218,50,0,0.30,-1.00
12,219,50,0,0.32,-1.00
12,220,50,0,0.34,-1.00
12,221,50,0,0.28,-1.00
12,222,50,0,0.24,-1.00
12,223,50,0,0.18,-1.00
12,224,50,0,0.20,-1.00
12,225,50,0,0.14,-1.00
12,226,50,0,0.12,-1.00
12,227,50,0,0.14,-1.00
12,228,50,0,0.08,-1.00
12,229,50,0,0.10,-1.00
12,230,50,0,0.06,-1.00
12,231,50,0,0.00,-1.00
12,232,50,0,0.00,-1.00
12,233,50,0,0.00,-1.00
12,234,50,0,0.02,-1.00
12,235,50,0,0.04,-1.00
12,236,50,0,0.06,-1.00
12,237,50,0,0.04,-1.00
12,238,50,0,0.00,-1.00
12,239,50,0,0.00,-1.00
12,240,50,0,0.00,-1.00
12,241,50,0,0.00,-1.00
12,242,50,0,0.00,-1.00
12,243,50,0,0.00,-1.00
12,244,50,0,0.00,-1.00
12,245,50,0,0.02,-1.00
12,246,50,0,0.02,-1.00
12,247,50,0,0.00,-1.00
12,248,50,0,0.00,-1.00
12,249,50,0,0.00,-1.00
12,250,50,0,0.00,-1.00
12,251,50,0,0.00,-1.00
12,252,50,0,0.00,-1.00
12,253,50,0,0.00,-1.00
12,254,50,0,0.04,-1.00
12,255,50,0,0.04,-1.00
12,256,50,0,0.04,-1.00
12,257,50,0,0.04,-1.00
12,258,50,0,0.04,-1.00
12,259,50,0,0.00,-1.00
12,260,50,0,0.00,-1.00
12,261,50,0,0.02,-1.00
12,262,50,0,0.02,-1.00
12,263,50,0,0.06,-1.00
12,264,50,0,0.02,-1.00
12,265,50,0,0.04,-1.00
12,266,50,0,0.02,-1.00
12,267,50,0,0.02,-1.00
12,268,50,0,0.02,-1.00
12,269,50,0,0.02,-1.00
12,270,50,0,0.02,-1.00
12,271,50,0,0.02,-1.00
12,272,50,0,0.00,-1.00
12,273,50,0,0.00,-1.00
12,274,50,0,0.00,-1.00
12,275,50,0,0.00,-1.00
12,276,50,0,0.00,-1.00
12,277,50,0,0.00,-1.00
12,278,50,0,0.04,-1.00
12,279,50,0,0.00,-1.00
12,280,50,0,0.00,-1.00
12,281,50,0,0.00,-1.00
12,282,50,0,0.00,-1.00
12,283,50,0,0.00,-1.00
12,284,50,0,0.00,-1.00
12,285,50,0,0.00,-1.00
12,286,50,0,0.02,-1.00
12,287,50,0,0.02,-1.00
12,288,50,0,0.04,-1.00
12,289,50,0,0.00,-1.00
12,290,50,0,0.00,-1.00
12,291,50,0,0.02,-1.00
12,292,50,0,0.02,-1.00
12,293,50,0,0.04,-1.00
12,294,50,0,0.00,-1.00
12,295,50,0,0.02,-1.00
12,296,50,0,0.06,-1.00
12,297,50,0,0.10,-1.00
12,298,50,0,0.14,-1.00
12,299,50,0,0.08,-1.00
12,300,50,0,0.06,-1.00
12,301,50,0,0.06,-1.00
12,302,50,0,0.06,-1.00
12,303,50,0,0.12,-1.00
12,304,50,0,0.04,-1.00
12,305,50,0,0.04,-1.00
12,306,50,0,0.00,-1.00
12,307,50,0,0.00,-1.00
12,308,50,0,0.04,-1.00
12,309,50,0,0.06,-1.00
12,310,50,0,0.06,-1.00
12,311,50,0,0.22,-1.00
12,312,50,0,0.28,-1.00
12,313,50,0,0.22,-1.00
12,314,50,0,0.22,-1.00
12,315,50,0,0.22,-1.00
12,316,50,0,0.36,-1.00
12,317,50,0,0.32,-1.00
12,318,50,0,0.24,-1.00
12,319,50,0,0.22,-1.00
12,320,50,0,0.18,-1.00
12,321,50,0,0.20,-1.00
12,322,50,0,0.06,-1.00
12,323,50,0,0.02,-1.00
12,324,50,0,0.00,-1.00
12,325,50,0,0.00,-1.00
12,326,50,0,0.00,-1.00
12,327,50,0,0.02,-1.00
12,328,50,0,0.06,-1.00
12,329,50,0,0.10,-1.00
12,330,50,0,0.12,-1.00
12,331,50,0,0.14,-1.00
12,332,50,0,0.10,-1.00
12,333,50,0,0.00,-1.00
12,334,50,0,0.00,-1.00
12,335,50,0,0.00,-1.00
12,336,50,0,0.00,-1.00
12,337,50,0,0.00,-1.00
12,338,50,0,0.00,-1.00
12,339,50,0,0.00,-1.00
12,340,50,0,0.00,-1.00
12,341,50,0,0.00,-1.00
12,342,50,0,0.00,-1.00
12,343,50,0,0.00,-1.00
12,344,50,0,0.00,-1.00
12,345,50,0,0.02,-1.00
12,346,50,0,0.02,-1.00
12,347,50,0,0.06,-1.00
12,348,50,0,0.04,-1.00
12,349,50,0,0.00,-1.00
12,350,50,0,0.00,-1.00
12,351,50,0,0.00,-1.00
12,352,50,0,0.00,-1.00
12,353,50,0,0.00,-1.00
12,354,50,0,0.00,-1.00
12,355,50,0,0.00,-1.00
12,356,50,0,0.00,-1.00
12,357,50,0,0.00,-1.00
12,358,50,0,0.00,-1.00
12,359,50,0,0.00,-1.00
12,360,50,0,0.00,-1.00
12,361,50,0,0.00,-1.00
12,362,50,0,0.00,-1.00
12,363,50,0,0.00,-1.00
12,364,50,0,0.00,-1.00
12,365,50,0,0.00,-1.00
12,366,50,0,0.00,-1.00
12,367,50,0,0.00,-1.00
12,368,50,0,0.00,-1.00
12,369,50,0,0.02,-1.00
12,370,50,0,0.02,-1.00
12,371,50,0,0.02,-1.00
12,372,50,0,0.04,-1.00
12,373,50,0,0.08,-1.00
12,374,50,0,0.06,-1.00
12,375,50,0,0.06,-1.00
12,376,50,0,0.08,-1.00
12,377,50,0,0.10,-1.00
12,378,50,0,0.04,-1.00
12,379,50,0,0.06,-1.00
12,380,50,0,0.02,-1.00
12,381,50,0,0.06,-1.00
12,382,50,0,0.04,-1.00
12,383,50,0,0.08,-1.00
12,384,50,0,0.02,-1.00
12,385,50,0,0.06,-1.00
12,386,50,0,0.00,-1.00
12,387,50,0,0.02,-1.00
12,388,50,0,0.00,-1.00
12,389,50,0,0.00,-1.00
12,390,50,0,0.02,-1.00
12,391,50,0,0.02,-1.00
12,392,50,0,0.02,-1.00
12,393,50,0,0.00,-1.00
12,394,50,0,0.00,-1.00
12,395,50,0,0.00,-1.00
12,396,50,0,0.00,-1.00
12,397,50,0,0.04,-1.00
12,398,50,0,0.04,-1.00
12,399,50,0,0.12,-1.00
12,400,50,0,0.10,-1.00
12,401,50,0,0.20,-1.00
12,402,50,0,0.12,-1.00
12,403,50,0,0.08,-1.00
12,404,50,0,0.12,-1.00
12,405,50,0,0.12,-1.00
12,406,50,0,0.08,-1.00
12,407,50,0,0.08,-1.00
12,408,50,0,0.06,-1.00
12,409,50,0,0.06,-1.00
12,410,50,0,0.04,-1.00
12,411,50,0,0.06,-1.00
12,412,50,0,0.08,-1.00
12,413,50,0,0.06,-1.00
12,414,50,0,0.04,-1.00
12,415,50,0,0.08,-1.00
12,416,50,0,0.08,-1.00
12,417,50,0,0.10,-1.00
12,418,50,0,0.14,-1.00
12,419,50,0,0.06,-1.00
12,420,50,0,0.02,-1.00
12,421,50,0,0.00,-1.00
12,422,50,0,0.00,-1.00
12,423,50,0,0.00,-1.00
12,424,50,0,0.00,-1.00
12,425,50,0,0.00,-1.00
12,426,50,0,0.00,-1.00
12,427,50,0,0.00,-1.00
12,428,50,0,0.00,-1.00
12,429,50,0,0.00,-1.00
12,430,50,0,0.00,-1.00
12,431,50,0,0.00,-1.00
12,432,50,0,0.00,-1.00
12,433,50,0,0.00,-1.00
12,434,50,0,0.00,-1.00
12,435,50,0,0.00,-1.00
12,436,50,0,0.00,-1.00
12,437,50,0,0.00,-1.00
12,438,50,0,0.02,-1.00
12,439,50,0,0.02,-1.00
12,440,50,0,0.00,-1.00
12,441,50,0,0.00,-1.00
12,442,50,0,0.00,-1.00
12,443,50,0,0.00,-1.00
12,444,50,0,0.04,-1.00
12,445,50,0,0.08,-1.00
12,446,50,0,0.08,-1.00
12,447,50,0,0.12,-1.00
12,448,50,0,0.12,-1.00
12,449,50,0,0.04,-1.00
12,450,50,0,0.08,-1.00
12,451,50,0,0.08,-1.00
12,452,50,0,0.08,-1.00
12,453,50,0,0.08,-1.00
12,454,50,0,0.04,-1.00
12,455,50,0,0.02,-1.00
12,456,50,0,0.00,-1.00
12,457,50,0,0.00,-1.00
12,458,50,0,0.00,-1.00
12,459,50,0,0.00,-1.00
12,460,50,0,0.00,-1.00
12,461,50,0,0.02,-1.00
12,462,50,0,0.00,-1.00
12,463,50,0,0.00,-1.00
12,464,50,0,0.00,-1.00
12,465,50,0,0.02,-1.00
12,466,50,0,0.02,-1.00
12,467,50,0,0.00,-1.00
12,468,50,0,0.00,-1.00
12,469,50,0,0.00,-1.00
12,470,50,0,0.00,-1.00
12,471,50,0,0.00,-1.00
12,472,50,0,0.00,-1.00
12,473,50,0,0.00,-1.00
12,474,50,0,0.04,-1.00
12,475,50,0,0.02,-1.00
12,476,50,0,0.00,-1.00
12,477,50,0,0.04,-1.00
12,478,50,0,0.00,-1.00
12,479,50,0,0.00,-1.00
12,480,50,0,0.00,-1.00
12,481,50,0,0.00,-1.00
12,482,50,0,0.00,-1.00
12,483,50,0,0.00,-1.00
12,484,50,0,0.02,-1.00
12,485,50,0,0.02,-1.00
12,486,50,0,0.08,-1.00
12,487,50,0,0.14,-1.00
12,488,50,0,0.22,-1.00
12,489,50,0,0.20,-1.00
12,490,50,0,0.26,-1.00
12,491,50,0,0.22,-1.00
12,492,50,0,0.22,-1.00
12,493,50,0,0.30,-1.00
12,494,50,0,0.22,-1.00
12,495,50,0,0.16,-1.00
12,496,50,0,0.18,-1.00
12,497,50,0,0.14,-1.00
12,498,50,0,0.06,-1.00
12,499,50,0,0.08,-1.00
12,500,50,0,0.08,-1.00
13,1,50,0,0.00,-1.00
13,2,50,0,0.02,-1.00
13,3,50,0,0.10,-1.00
13,4,50,0,0.16,-1.00
13,5,50,0,0.10,-1.00
13,6,50,0,0.08,-1.00
13,7,50,0,0.08,-1.00
13,8,50,0,0.10,-1.00
13,9,50,0,0.08,-1.00
13,10,50,0,0.02,-1.00
13,11,50,0,0.08,-1.00
13,12,50,0,0.08,-1.00
13,13,50,0,0.04,-1.00
13,14,50,0,0.02,-1.00
13,15,50,0,0.00,-1.00
13,16,50,0,0.00,-1.00
13,17,50,0,0.00,-1.00
13,18,50,0,0.00,-1.00
13,19,50,0,0.06,-1.00
13,20,50,0,0.04,-1.00
13,21,50,0,0.02,-1.00
13,22,50,0,0.04,-1.00
13,23,50,0,0.10,-1.00
13,24,50,0,0.08,-1.00
13,25,50,0,0.00,-1.00
13,26,50,0,0.00,-1.00
13,27,50,0,0.00,-1.00
13,28,50,0,0.06,-1.00
13,29,50,0,0.06,-1.00
13,30,50,0,0.04,-1.00
13,31,50,0,0.02,-1.00
13,32,50,0,0.04,-1.00
13,33,50,0,0.04,-1.00
13,34,50,0,0.00,-1.00
13,35,50,0,0.00,-1.00
13,36,50,0,0.02,-1.00
13,37,50,0,0.04,-1.00
13,38,50,0,0.04,-1.00
13,39,50,0,0.10,-1.00
13,40,50,0,0.08,-1.00
13,41,50,0,0.08,-1.00
13,42,50,0,0.00,-1.00
13,43,50,0,0.02,-1.00
13,44,50,0,0.04,-1.00
13,45,50,0,0.06,-1.00
13,46,50,0,0.04,-1.00
13,47,50,0,0.00,-1.00
13,48,50,0,0.08,-1.00
13,49,50,0,0.10,-1.00
13,50,50,0,0.10,-1.00
13,51,50,0,0.04,-1.00
13,52,50,0,0.04,-1.00
13,53,50,0,0.04,-1.00
13,54,50,0,0.06,-1.00
13,55,50,0,0.06,-1.00
13,56,50,0,0.08,-1.00
13,57,50,0,0.08,-1.00
13,58,50,0,0.04,-1.00
13,59,50,0,0.00,-1.00
13,60,50,0,0.00,-1.00
13,61,50,0,0.00,-1.00
13,62,50,0,0.00,-1.00
13,63,50,0,0.00,-1.00
13,64,50,0,0.00,-1.00
13,65,50,0,0.00,-1.00
13,66,50,0,0.00,-1.00
13,67,50,0,0.00,-1.00
13,68,50,0,0.00,-1.00
13,69,50,0,0.00,-1.00
13,70,50,0,0.00,-1.00
13,71,50,0,0.02,-1.00
13,72,50,0,0.10,-1.00
13,73,50,0,0.06,-1.00
13,74,50,0,0.08,-1.00
13,75,50,0,0.10,-1.00
13,76,50,0,0.16,-1.00
13,77,50,0,0.14,-1.00
13,78,50,0,0.12,-1.00
13,79,50,0,0.14,-1.00
13,80,50,0,0.24,-1.00
13,81,50,0,0.16,-1.00
13,82,50,0,0.16,-1.00
13,83,50,0,0.12,-1.00
13,84,50,0,0.10,-1.00
13,85,50,0,0.12,-1.00
13,86,50,0,0.06,-1.00
13,87,50,0,0.08,-1.00
13,88,50,0,0.02,-1.00
13,89,50,0,0.00,-1.00
13,90,50,0,0.02,-1.00
13,91,50,0,0.00,-1.00
13,92,50,0,0.00,-1.00
13,93,50,0,0.02,-1.00
13,94,50,0,0.06,-1.00
13,95,50,0,0.06,-1.00
13,96,50,0,0.02,-1.00
13,97,50,0,0.02,-1.00
13,98,50,0,0.02,-1.00
13,99,50,0,0.02,-1.00
13,100,50,0,0.02,-1.00
13,101,50,0,0.04,-1.00
13,102,50,0,0.10,-1.00
13,103,50,0,0.14,-1.00
13,104,50,0,0.24,-1.00
13,105,50,0,0.18,-1.00
13,106,50,0,0.18,-1.00
13,107,50,0,0.18,-1.00
13,108,50,0,0.12,-1.00
13,109,50,0,0.22,-1.00
13,110,50,0,0.18,-1.00
13,111,50,0,0.10,-1.00
13,112,50,0,0.14,-1.00
13,113,50,0,0.10,-1.00
13,114,50,0,0.12,-1.00
13,115,50,0,0.12,-1.00
13,116,50,0,0.22,-1.00
13,117,50,0,0.24,-1.00
13,118,50,0,0.18,-1.00
13,119,50,0,0.12,-1.00
13,120,50,0,0.24,-1.00
13,121,50,0,0.20,-1.00
13,122,50,0,0.04,-1.00
13,123,50,0,0.00,-1.00
13,124,50,0,0.00,-1.00
13,125,50,0,0.00,-1.00
13,126,50,0,0.02,-1.00
13,127,50,0,0.02,-1.00
13,128,50,0,0.00,-1.00
13,129,50,0,0.00,-1.00
13,130,50,0,0.00,-1.00
13,131,50,0,0.00,-1.00
13,132,50,0,0.00,-1.00
13,133,50,0,0.02,-1.00
13,134,50,0,0.02,-1.00
13,135,50,0,0.06,-1.00
13,136,50,0,0.08,-1.00
13,137,50,0,0.10,-1.00
13,138,50,0,0.08,-1.00
13,139,50,0,0.06,-1.00
13,140,50,0,0.04,-1.00
13,141,50,0,0.02,-1.00
13,142,50,0,0.06,-1.00
13,143,50,0,0.04,-1.00
13,144,50,0,0.04,-1.00
13,145,50,0,0.02,-1.00
13,146,50,0,0.04,-1.00
13,147,50,0,0.08,-1.00
13,148,50,0,0.16,-1.00
13,149,50,0,0.16,-1.00
13,150,50,0,0.12,-1.00
13,151,50,0,0.10,-1.00
13,152,50,0,0.04,-1.00
13,153,50,0,0.02,-1.00
13,154,50,0,0.04,-1.00
13,155,50,0,0.06,-1.00
13,156,50,0,0.02,-1.00
13,157,50,0,0.02,-1.00
13,158,50,0,0.02,-1.00
13,159,50,0,0.00,-1.00
13,160,50,0,0.00,-1.00
13,161,50,0,0.00,-1.00
13,162,50,0,0.00,-1.00
13,163,50,0,0.00,-1.00
13,164,50,0,0.00,-1.00
13,165,50,0,0.06,-1.00
13,166,50,0,0.08,-1.00
13,167,50,0,0.06,-1.00
13,168,50,0,0.10,-1.00
13,169,50,0,0.10,-1.00
13,170,50,0,0.08,-1.00
13,171,50,0,0.08,-1.00
13,172,50,0,0.08,-1.00
13,173,50,0,0.02,-1.00
13,174,50,0,0.00,-1.00
13,175,50,0,0.04,-1.00
13,176,50,0,0.04,-1.00
13,177,50,0,0.06,-1.00
13,178,50,0,0.08,-1.00
13,179,50,0,0.12,-1.00
13,180,50,0,0.08,-1.00
13,181,50,0,0.02,-1.00
13,182,50,0,0.06,-1.00
13,183,50,0,0.06,-1.00
13,184,50,0,0.06,-1.00
13,185,50,0,0.00,-1.00
13,186,50,0,0.00,-1.00
13,187,50,0,0.02,-1.00
13,188,50,0,0.04,-1.00
13,189,50,0,0.06,-1.00
13,190,50,0,0.18,-1.00
13,191,50,0,0.10,-1.00
13,192,50,0,0.06,-1.00
13,193,50,0,0.00,-1.00
13,194,50,0,0.00,-1.00
13,195,50,0,0.00,-1.00
13,196,50,0,0.00,-1.00
13,197,50,0,0.00,-1.00
13,198,50,0,0.00,-1.00
13,199,50,0,0.00,-1.00
13,200,50,0,0.06,-1.00
13,201,50,0,0.12,-1.00
13,202,50,0,0.14,-1.00
13,203,50,0,0.16,-1.00
13,204,50,0,0.16,-1.00
13,205,50,0,0.28,-1.00
13,206,50,0,0.26,-1.00
13,207,50,0,0.32,-1.00
13,208,50,0,0.14,-1.00
13,209,50,0,0.04,-1.00
13,210,50,0,0.06,-1.00
13,211,50,0,0.04,-1.00
13,212,50,0,0.00,-1.00
13,213,50,0,0.00,-1.00
13,214,50,0,0.02,-1.00
13,215,50,0,0.04,-1.00
13,216,50,0,0.06,-1.00
13,217,50,0,0.08,-1.00
13,218,50,0,0.00,-1.00
13,219,50,0,0.00,-1.00
13,220,50,0,0.02,-1.00
13,221,50,0,0.00,-1.00
13,222,50,0,0.00,-1.00
13,223,50,0,0.00,-1.00
13,224,50,0,0.00,-1.00
13,225,50,0,0.02,-1.00
13,226,50,0,0.00,-1.00
13,227,50,0,0.02,-1.00
13,228,50,0,0.08,-1.00
13,229,50,0,0.16,-1.00
13,230,50,0,0.12,-1.00
13,231,50,0,0.12,-1.00
13,232,50,0,0.14,-1.00
13,233,50,0,0.14,-1.00
13,234,50,0,0.10,-1.00
13,235,50,0,0.12,-1.00
13,236,50,0,0.14,-1.00
13,237,50,0,0.20,-1.00
13,238,50,0,0.20,-1.00
13,239,50,0,0.32,-1.00
13,240,50,0,0.20,-1.00
13,241,50,0,0.22,-1.00
13,242,50,0,0.14,-1.00
13,243,50,0,0.10,-1.00
13,244,50,0,0.02,-1.00
13,245,50,0,0.00,-1.00
13,246,50,0,0.00,-1.00
13,247,50,0,0.00,-1.00
13,248,50,0,0.00,-1.00
13,249,50,0,0.06,-1.00
13,250,50,0,0.06,-1.00
13,251,50,0,0.08,-1.00
13,252,50,0,0.06,-1.00
13,253,50,0,0.08,-1.00
13,254,50,0,0.12,-1.00
13,255,50,0,0.18,-1.00
13,256,50,0,0.16,-1.00
13,257,50,0,0.18,-1.00
13,258,50,0,0.16,-1.00
13,259,50,0,0.24,-1.00
13,260,50,0,0.24,-1.00
13,261,50,0,0.18,-1.00
13,262,50,0,0.12,-1.00
13,263,50,0,0.02,-1.00
13,264,50,0,0.06,-1.00
13,265,50,0,0.02,-1.00
13,266,50,0,0.02,-1.00
13,267,50,0,0.02,-1.00
13,268,50,0,0.00,-1.00
13,269,50,0,0.00,-1.00
13,270,50,0,0.02,-1.00
13,271,50,0,0.00,-1.00
13,272,50,0,0.00,-1.00
13,273,50,0,0.00,-1.00
13,274,50,0,0.04,-1.00
13,275,50,0,0.12,-1.00
13,276,50,0,0.18,-1.00
13,277,50,0,0.18,-1.00
13,278,50,0,0.30,-1.00
13,279,50,0,0.26,-1.00
13,280,50,0,0.26,-1.00
13,281,50,0,0.40,-1.00
13,282,50,0,0.42,-1.00
13,283,50,0,0.48,-1.00
13,284,50,0,0.34,-1.00
13,285,50,0,0.36,-1.00
13,286,50,0,0.54,-1.00
13,287,50,0,0.66,-1.00
13,288,50,0,0.68,-1.00
13,289,50,0,0.62,-1.00
13,290,50,0,0.66,-1.00
13,291,50,0,0.60,-1.00
13,292,50,0,0.52,-1.00
13,293,50,0,0.70,-1.00
13,294,50,0,0.76,-1.00
13,295,50,0,0.74,-1.00
13,296,50,0,0.76,-1.00
13,297,50,0,0.88,-1.00
13,298,50,0,0.70,-1.00
13,299,50,0,0.66,-1.00
13,300,50,0,0.44,-1.00
13,301,50,0,0.42,-1.00
13,302,50,0,0.34,-1.00
13,303,50,0,0.34,-1.00
13,304,50,0,0.28,-1.00
13,305,50,0,0.20,-1.00
13,306,50,0,0.20,-1.00
13,307,50,0,0.20,-1.00
13,308,50,0,0.20,-1.00
13,309,50,0,0.24,-1.00
13,310,50,0,0.30,-1.00
13,311,50,0,0.30,-1.00
13,312,50,0,0.24,-1.00
13,313,50,0,0.18,-1.00
13,314,50,0,0.20,-1.00
13,315,50,0,0.28,-1.00
13,316,50,0,0.20,-1.00
13,317,50,0,0.12,-1.00
13,318,50,0,0.20,-1.00
13,319,50,0,0.16,-1.00
13,320,50,0,0.08,-1.00
13,321,50,0,0.02,-1.00
13,322,50,0,0.00,-1.00
13,323,50,0,0.00,-1.00
13,324,50,0,0.00,-1.00
13,325,50,0,0.00,-1.00
13,326,50,0,0.00,-1.00
13,327,50,0,0.02,-1.00
13,328,50,0,0.02,-1.00
13,329,50,0,0.06,-1.00
13,330,50,0,0.08,-1.00
13,331,50,0,0.02,-1.00
13,332,50,0,0.02,-1.00
13,333,50,0,0.00,-1.00
13,334,50,0,0.00,-1.00
13,335,50,0,0.00,-1.00
13,336,50,0,0.00,-1.00
13,337,50,0,0.00,-1.00
13,338,50,0,0.00,-1.00
13,339,50,0,0.00,-1.00
13,340,50,0,0.00,-1.00
13,341,50,0,0.00,-1.00
13,342,50,0,0.00,-1.00
13,343,50,0,0.00,-1.00
13,344,50,0,0.00,-1.00
13,345,50,0,0.00,-1.00
13,346,50,0,0.00,-1.00
13,347,50,0,0.00,-1.00
13,348,50,0,0.00,-1.00
13,349,50,0,0.00,-1.00
13,350,50,0,0.00,-1.00
13,351,50,0,0.00,-1.00
13,352,50,0,0.00,-1.00
13,353,50,0,0.02,-1.00
13,354,50,0,0.04,-1.00
13,355,50,0,0.04,-1.00
13,356,50,0,0.02,-1.00
13,357,50,0,0.00,-1.00
13,358,50,0,0.00,-1.00
13,359,50,0,0.00,-1.00
13,360,50,0,0.06,-1.00
13,361,50,0,0.00,-1.00
13,362,50,0,0.00,-1.00
13,363,50,0,0.00,-1.00
13,364,50,0,0.00,-1.00
13,365,50,0,0.00,-1.00
13,366,50,0,0.00,-1.00
13,367,50,0,0.00,-1.00
13,368,50,0,0.00,-1.00
13,369,50,0,0.00,-1.00
13,370,50,0,0.00,-1.00
13,371,50,0,0.00,-1.00
13,372,50,0,0.00,-1.00
13,373,50,0,0.00,-1.00
13,374,50,0,0.00,-1.00
13,375,50,0,0.00,-1.00
13,376,50,0,0.00,-1.00
13,377,50,0,0.00,-1.00
13,378,50,0,0.00,-1.00
13,379,50,0,0.04,-1.00
13,380,50,0,0.08,-1.00
13,381,50,0,0.08,-1.00
13,382,50,0,0.12,-1.00
13,383,50,0,0.10,-1.00
13,384,50,0,0.08,-1.00
13,385,50,0,0.06,-1.00
13,386,50,0,0.08,-1.00
13,387,50,0,0.16,-1.00
13,388,50,0,0.16,-1.00
13,389,50,0,0.14,-1.00
13,390,50,0,0.26,-1.00
13,391,50,0,0.24,-1.00
13,392,50,0,0.14,-1.00
13,393,50,0,0.14,-1.00
13,394,50,0,0.10,-1.00
13,395,50,0,0.10,-1.00
13,396,50,0,0.08,-1.00
13,397,50,0,0.02,-1.00
13,398,50,0,0.00,-1.00
13,399,50,0,0.00,-1.00
13,400,50,0,0.00,-1.00
13,401,50,0,0.00,-1.00
13,402,50,0,0.04,-1.00
13,403,50,0,0.10,-1.00
13,404,50,0,0.06,-1.00
13,405,50,0,0.02,-1.00
13,406,50,0,0.10,-1.00
13,407,50,0,0.10,-1.00
13,408,50,0,0.08,-1.00
13,409,50,0,0.04,-1.00
13,410,50,0,0.02,-1.00
13,411,50,0,0.02,-1.00
13,412,50,0,0.00,-1.00
13,413,50,0,0.02,-1.00
13,414,50,0,0.02,-1.00
13,415,50,0,0.06,-1.00
13,416,50,0,0.12,-1.00
13,417,50,0,0.12,-1.00
13,418,50,0,0.04,-1.00
13,419,50,0,0.04,-1.00
13,420,50,0,0.04,-1.00
13,421,50,0,0.04,-1.00
13,422,50,0,0.02,-1.00
13,423,50,0,0.02,-1.00
13,424,50,0,0.02,-1.00
13,425,50,0,0.04,-1.00
13,426,50,0,0.00,-1.00
13,427,50,0,0.00,-1.00
13,428,50,0,0.00,-1.00
13,429,50,0,0.00,-1.00
13,430,50,0,0.00,-1.00
13,431,50,0,0.00,-1.00
13,432,50,0,0.00,-1.00
13,433,50,0,0.02,-1.00
13,434,50,0,0.02,-1.00
13,435,50,0,0.02,-1.00
13,436,50,0,0.00,-1.00
13,437,50,0,0.00,-1.00
13,438,50,0,0.00,-1.00
13,439,50,0,0.00,-1.00
13,440,50,0,0.00,-1.00
13,441,50,0,0.00,-1.00
13,442,50,0,0.00,-1.00
13,443,50,0,0.00,-1.00
13,444,50,0,0.00,-1.00
13,445,50,0,0.02,-1.00
13,446,50,0,0.02,-1.00
13,447,50,0,0.10,-1.00
13,448,50,0,0.06,-1.00
13,449,50,0,0.06,-1.00
13,450,50,0,0.06,-1.00
13,451,50,0,0.04,-1.00
13,452,50,0,0.06,-1.00
13,453,50,0,0.08,-1.00
13,454,50,0,0.08,-1.00
13,455,50,0,0.16,-1.00
13,456,50,0,0.14,-1.00
13,457,50,0,0.14,-1.00
13,458,50,0,0.22,-1.00
13,459,50,0,0.18,-1.00
13,460,50,0,0.34,-1.00
13,461,50,0,0.42,-1.00
13,462,50,0,0.46,-1.00
13,463,50,0,0.46,-1.00
13,464,50,0,0.50,-1.00
13,465,50,0,0.62,-1.00
13,466,50,0,0.72,-1.00
13,467,50,0,0.80,-1.00
13,468,50,0,0.82,-1.00
13,469,50,0,0.86,-1.00
13,470,50,0,0.94,-1.00
13,471,50,0,0.90,-1.00
13,472,50,0,0.96,-1.00
13,473,50,0,1.02,-1.00
13,474,50,0,1.02,-1.00
13,475,50,0,1.00,-1.00
13,476,50,0,1.04,-1.00
13,477,50,0,0.98,-1.00
13,478,50,0,0.84,-1.00
13,479,50,0,0.70,-1.00
13,480,50,0,0.56,-1.00
13,481,50,0,0.58,-1.00
13,482,50,0,0.68,-1.00
13,483,50,0,0.66,-1.00
13,484,50,0,0.62,-1.00
13,485,50,0,0.46,-1.00
13,486,50,0,0.48,-1.00
13,487,50,0,0.42,-1.00
13,488,50,0,0.50,-1.00
13,489,50,0,0.62,-1.00
13,490,50,0,0.60,-1.00
13,491,50,0,0.50,-1.00
13,492,50,0,0.62,-1.00
13,493,50,0,0.60,-1.00
13,494,50,0,0.50,-1.00
13,495,50,0,0.52,-1.00
13,496,50,0,0.62,-1.00
13,497,50,0,0.58,-1.00
13,498,50,0,0.52,-1.00
13,499,50,0,0.46,-1.00
13,500,50,0,0.52,-1.00
14,1,50,0,0.04,-1.00
14,2,50,0,0.02,-1.00
14,3,50,0,0.04,-1.00
14,4,50,0,0.04,-1.00
14,5,50,0,0.00,-1.00
14,6,50,0,0.00,-1.00
14,7,50,0,0.00,-1.00
14,8,50,0,0.00,-1.00
14,9,50,0,0.02,-1.00
14,10,50,0,0.10,-1.00
14,11,50,0,0.14,-1.00
14,12,50,0,0.06,-1.00
14,13,50,0,0.08,-1.00
14,14,50,0,0.06,-1.00
14,15,50,0,0.06,-1.00
14,16,50,0,0.06,-1.00
14,17,50,0,0.02,-1.00
14,18,50,0,0.02,-1.00
14,19,50,0,0.04,-1.00
14,20,50,0,0.04,-1.00
14,21,50,0,0.02,-1.00
14,22,50,0,0.06,-1.00
14,23,50,0,0.04,-1.00
14,24,50,0,0.10,-1.00
14,25,50,0,0.04,-1.00
14,26,50,0,0.06,-1.00
14,27,50,0,0.02,-1.00
14,28,50,0,0.00,-1.00
14,29,50,0,0.02,-1.00
14,30,50,0,0.02,-1.00
14,31,50,0,0.00,-1.00
14,32,50,0,0.04,-1.00
14,33,50,0,0.00,-1.00
14,34,50,0,0.00,-1.00
14,35,50,0,0.06,-1.00
14,36,50,0,0.00,-1.00
14,37,50,0,0.00,-1.00
14,38,50,0,0.00,-1.00
14,39,50,0,0.00,-1.00
14,40,50,0,0.00,-1.00
14,41,50,0,0.00,-1.00
14,42,50,0,0.00,-1.00
14,43,50,0,0.00,-1.00
14,44,50,0,0.04,-1.00
14,45,50,0,0.00,-1.00
14,46,50,0,0.00,-1.00
14,47,50,0,0.00,-1.00
14,48,50,0,0.00,-1.00
14,49,50,0,0.04,-1.00
14,50,50,0,0.02,-1.00
14,51,50,0,0.00,-1.00
14,52,50,0,0.00,-1.00
14,53,50,0,0.02,-1.00
14,54,50,0,0.02,-1.00
14,55,50,0,0.02,-1.00
14,56,50,0,0.02,-1.00
14,57,50,0,0.00,-1.00
14,58,50,0,0.00,-1.00
14,59,50,0,0.00,-1.00
14,60,50,0,0.00,-1.00
14,61,50,0,0.00,-1.00
14,62,50,0,0.00,-1.00
14,63,50,0,0.00,-1.00
14,64,50,0,0.00,-1.00
14,65,50,0,0.00,-1.00
14,66,50,0,0.00,-1.00
14,67,50,0,0.00,-1.00
14,68,50,0,0.00,-1.00
14,69,50,0,0.00,-1.00
14,70,50,0,0.02,-1.00
14,71,50,0,0.02,-1.00
14,72,50,0,0.04,-1.00
14,73,50,0,0.06,-1.00
14,74,50,0,0.06,-1.00
14,75,50,0,0.04,-1.00
14,76,50,0,0.08,-1.00
14,77,50,0,0.08,-1.00
14,78,50,0,0.04,-1.00
14,79,50,0,0.04,-1.00
14,80,50,0,0.08,-1.00
14,81,50,0,0.10,-1.00
14,82,50,0,0.08,-1.00
14,83,50,0,0.08,-1.00
14,84,50,0,0.12,-1.00
14,85,50,0,0.02,-1.00
14,86,50,0,0.00,-1.00
14,87,50,0,0.00,-1.00
14,88,50,0,0.00,-1.00
14,89,50,0,0.00,-1.00
14,90,50,0,0.00,-1.00
14,91,50,0,0.00,-1.00
14,92,50,0,0.00,-1.00
14,93,50,0,0.02,-1.00
14,94,50,0,0.02,-1.00
14,95,50,0,0.00,-1.00
14,96,50,0,0.00,-1.00
14,97,50,0,0.02,-1.00
14,98,50,0,0.02,-1.00
14,99,50,0,0.02,-1.00
14,100,50,0,0.00,-1.00
14,101,50,0,0.00,-1.00
14,102,50,0,0.00,-1.00
14,103,50,0,0.00,-1.00
14,104,50,0,0.00,-1.00
14,105,50,0,0.00,-1.00
14,106,50,0,0.04,-1.00
14,107,50,0,0.02,-1.00
14,108,50,0,0.06,-1.00
14,109,50,0,0.08,-1.00
14,110,50,0,0.06,-1.00
14,111,50,0,0.02,-1.00
14,112,50,0,0.08,-1.00
14,113,50,0,0.08,-1.00
14,114,50,0,0.08,-1.00
14,115,50,0,0.10,-1.00
14,116,50,0,0.00,-1.00
14,117,50,0,0.00,-1.00
14,118,50,0,0.00,-1.00
14,119,50,0,0.00,-1.00
14,120,50,0,0.00,-1.00
14,121,50,0,0.00,-1.00
14,122,50,0,0.00,-1.00
14,123,50,0,0.00,-1.00
14,124,50,0,0.00,-1.00
14,125,50,0,0.04,-1.00
14,126,50,0,0.04,-1.00
14,127,50,0,0.04,-1.00
14,128,50,0,0.04,-1.00
14,129,50,0,0.02,-1.00
14,130,50,0,0.00,-1.00
14,131,50,0,0.00,-1.00
14,132,50,0,0.00,-1.00
14,133,50,0,0.00,-1.00
14,134,50,0,0.00,-1.00
14,135,50,0,0.00,-1.00
14,136,50,0,0.00,-1.00
14,137,50,0,0.00,-1.00
14,138,50,0,0.00,-1.00
14,139,50,0,0.00,-1.00
14,140,50,0,0.00,-1.00
14,141,50,0,0.04,-1.00
14,142,50,0,0.04,-1.00
14,143,50,0,0.04,-1.00
14,144,50,0,0.10,-1.00
14,145,50,0,0.08,-1.00
14,146,50,0,0.14,-1.00
14,147,50,0,0.10,-1.00
14,148,50,0,0.12,-1.00
14,149,50,0,0.14,-1.00
14,150,50,0,0.22,-1.00
14,151,50,0,0.22,-1.00
14,152,50,0,0.22,-1.00
14,153,50,0,0.26,-1.00
14,154,50,0,0.18,-1.00
14,155,50,0,0.20,-1.00
14,156,50,0,0.18,-1.00
14,157,50,0,0.22,-1.00
14,158,50,0,0.20,-1.00
14,159,50,0,0.22,-1.00
14,160,50,0,0.18,-1.00
14,161,50,0,0.14,-1.00
14,162,50,0,0.14,-1.00
14,163,50,0,0.02,-1.00
14,164,50,0,0.00,-1.00
14,165,50,0,0.00,-1.00
14,166,50,0,0.00,-1.00
14,167,50,0,0.00,-1.00
14,168,50,0,0.02,-1.00
14,169,50,0,0.04,-1.00
14,170,50,0,0.04,-1.00
14,171,50,0,0.02,-1.00
14,172,50,0,0.04,-1.00
14,173,50,0,0.06,-1.00
14,174,50,0,0.02,-1.00
14,175,50,0,0.04,-1.00
14,176,50,0,0.12,-1.00
14,177,50,0,0.14,-1.00
14,178,50,0,0.02,-1.00
14,179,50,0,0.00,-1.00
14,180,50,0,0.00,-1.00
14,181,50,0,0.00,-1.00
14,182,50,0,0.00,-1.00
14,183,50,0,0.00,-1.00
14,184,50,0,0.04,-1.00
14,185,50,0,0.02,-1.00
14,186,50,0,0.06,-1.00
14,187,50,0,0.02,-1.00
14,188,50,0,0.04,-1.00
14,189,50,0,0.06,-1.00
14,190,50,0,0.12,-1.00
14,191,50,0,0.18,-1.00
14,192,50,0,0.14,-1.00
14,193,50,0,0.14,-1.00
14,194,50,0,0.22,-1.00
14,195,50,0,0.36,-1.00
14,196,50,0,0.34,-1.00
14,197,50,0,0.34,-1.00
14,198,50,0,0.20,-1.00
14,199,50,0,0.24,-1.00
14,200,50,0,0.18,-1.00
14,201,50,0,0.20,-1.00
14,202,50,0,0.20,-1.00
14,203,50,0,0.16,-1.00
14,204,50,0,0.14,-1.00
14,205,50,0,0.22,-1.00
14,206,50,0,0.32,-1.00
14,207,50,0,0.34,-1.00
14,208,50,0,0.32,-1.00
14,209,50,0,0.38,-1.00
14,210,50,0,0.42,-1.00
14,211,50,0,0.56,-1.00
14,212,50,0,0.62,-1.00
14,213,50,0,0.60,-1.00
14,214,50,0,0.48,-1.00
14,215,50,0,0.44,-1.00
14,216,50,0,0.40,-1.00
14,217,50,0,0.44,-1.00
14,218,50,0,0.52,-1.00
14,219,50,0,0.50,-1.00
14,220,50,0,0.44,-1.00
14,221,50,0,0.50,-1.00
14,222,50,0,0.30,-1.00
14,223,50,0,0.34,-1.00
14,224,50,0,0.36,-1.00
14,225,50,0,0.32,-1.00
14,226,50,0,0.26,-1.00
14,227,50,0,0.22,-1.00
14,228,50,0,0.22,-1.00
14,229,50,0,0.26,-1.00
14,230,50,0,0.32,-1.00
14,231,50,0,0.38,-1.00
14,232,50,0,0.34,-1.00
14,233,50,0,0.38,-1.00
14,234,50,0,0.30,-1.00
14,235,50,0,0.26,-1.00
14,236,50,0,0.32,-1.00
14,237,50,0,0.14,-1.00
14,238,50,0,0.04,-1.00
14,239,50,0,0.04,-1.00
14,240,50,0,0.04,-1.00
14,241,50,0,0.10,-1.00
14,242,50,0,0.18,-1.00
14,243,50,0,0.22,-1.00
14,244,50,0,0.26,-1.00
14,245,50,0,0.36,-1.00
14,246,50,0,0.42,-1.00
14,247,50,0,0.48,-1.00
14,248,50,0,0.52,-1.00
14,249,50,0,0.68,-1.00
14,250,50,0,0.62,-1.00
14,251,50,0,0.64,-1.00
14,252,50,0,0.48,-1.00
14,253,50,0,0.54,-1.00
14,254,50,0,0.44,-1.00
14,255,50,0,0.44,-1.00
14,256,50,0,0.52,-1.00
14,257,50,0,0.54,-1.00
14,258,50,0,0.60,-1.00
14,259,50,0,0.62,-1.00
14,260,50,0,0.62,-1.00
14,261,50,0,0.50,-1.00
14,262,50,0,0.54,-1.00
14,263,50,0,0.48,-1.00
14,264,50,0,0.56,-1.00
14,265,50,0,0.46,-1.00
14,266,50,0,0.38,-1.00
14,267,50,0,0.32,-1.00
14,268,50,0,0.22,-1.00
14,269,50,0,0.22,-1.00
14,270,50,0,0.24,-1.00
14,271,50,0,0.32,-1.00
14,272,50,0,0.38,-1.00
14,273,50,0,0.48,-1.00
14,274,50,0,0.54,-1.00
14,275,50,0,0.64,-1.00
14,276,50,0,0.60,-1.00
14,277,50,0,0.56,-1.00
14,278,50,0,0.50,-1.00
14,279,50,0,0.56,-1.00
14,280,50,0,0.42,-1.00
14,281,50,0,0.36,-1.00
14,282,50,0,0.28,-1.00
14,283,50,0,0.16,-1.00
14,284,50,0,0.18,-1.00
14,285,50,0,0.08,-1.00
14,286,50,0,0.06,-1.00
14,287,50,0,0.10,-1.00
14,288,50,0,0.08,-1.00
14,289,50,0,0.08,-1.00
14,290,50,0,0.16,-1.00
14,291,50,0,0.16,-1.00
14,292,50,0,0.04,-1.00
14,293,50,0,0.08,-1.00
14,294,50,0,0.04,-1.00
14,295,50,0,0.10,-1.00
14,296,50,0,0.08,-1.00
14,297,50,0,0.04,-1.00
14,298,50,0,0.00,-1.00
14,299,50,0,0.00,-1.00
14,300,50,0,0.00,-1.00
14,301,50,0,0.00,-1.00
14,302,50,0,0.00,-1.00
14,303,50,0,0.00,-1.00
14,304,50,0,0.00,-1.00
14,305,50,0,0.02,-1.00
14,306,50,0,0.04,-1.00
14,307,50,0,0.04,-1.00
14,308,50,0,0.06,-1.00
14,309,50,0,0.06,-1.00
14,310,50,0,0.04,-1.00
14,311,50,0,0.06,-1.00
14,312,50,0,0.06,-1.00
14,313,50,0,0.04,-1.00
14,314,50,0,0.10,-1.00
14,315,50,0,0.12,-1.00
14,316,50,0,0.14,-1.00
14,317,50,0,0.18,-1.00
14,318,50,0,0.26,-1.00
14,319,50,0,0.18,-1.00
14,320,50,0,0.18,-1.00
14,321,50,0,0.26,-1.00
14,322,50,0,0.20,-1.00
14,323,50,0,0.20,-1.00
14,324,50,0,0.24,-1.00
14,325,50,0,0.20,-1.00
14,326,50,0,0.10,-1.00
14,327,50,0,0.14,-1.00
14,328,50,0,0.12,-1.00
14,329,50,0,0.14,-1.00
14,330,50,0,0.22,-1.00
14,331,50,0,0.16,-1.00
14,332,50,0,0.22,-1.00
14,333,50,0,0.14,-1.00
14,334,50,0,0.16,-1.00
14,335,50,0,0.14,-1.00
14,336,50,0,0.26,-1.00
14,337,50,0,0.24,-1.00
14,338,50,0,0.16,-1.00
14,339,50,0,0.28,-1.00
14,340,50,0,0.34,-1.00
14,341,50,0,0.26,-1.00
14,342,50,0,0.28,-1.00
14,343,50,0,0.20,-1.00
14,344,50,0,0.34,-1.00
14,345,50,0,0.42,-1.00
14,346,50,0,0.38,-1.00
14,347,50,0,0.34,-1.00
14,348,50,0,0.20,-1.00
14,349,50,0,0.18,-1.00
14,350,50,0,0.14,-1.00
14,351,50,0,0.10,-1.00
14,352,50,0,0.10,-1.00
14,353,50,0,0.06,-1.00
14,354,50,0,0.10,-1.00
14,355,50,0,0.14,-1.00
14,356,50,0,0.14,-1.00
14,357,50,0,0.14,-1.00
14,358,50,0,0.14,-1.00
14,359,50,0,0.12,-1.00
14,360,50,0,0.14,-1.00
14,361,50,0,0.24,-1.00
14,362,50,0,0.28,-1.00
14,363,50,0,0.16,-1.00
14,364,50,0,0.14,-1.00
14,365,50,0,0.10,-1.00
14,366,50,0,0.06,-1.00
14,367,50,0,0.06,-1.00
14,368,50,0,0.04,-1.00
14,369,50,0,0.06,-1.00
14,370,50,0,0.02,-1.00
14,371,50,0,0.02,-1.00
14,372,50,0,0.04,-1.00
14,373,50,0,0.08,-1.00
14,374,50,0,0.08,-1.00
14,375,50,0,0.04,-1.00
14,376,50,0,0.02,-1.00
14,377,50,0,0.00,-1.00
14,378,50,0,0.00,-1.00
14,379,50,0,0.00,-1.00
14,380,50,0,0.02,-1.00
14,381,50,0,0.02,-1.00
14,382,50,0,0.04,-1.00
14,383,50,0,0.04,-1.00
14,384,50,0,0.06,-1.00
14,385,50,0,0.08,-1.00
14,386,50,0,0.12,-1.00
14,387,50,0,0.06,-1.00
14,388,50,0,0.06,-1.00
14,389,50,0,0.06,-1.00
14,390,50,0,0.06,-1.00
14,391,50,0,0.10,-1.00
14,392,50,0,0.12,-1.00
14,393,50,0,0.18,-1.00
14,394,50,0,0.28,-1.00
14,395,50,0,0.22,-1.00
14,396,50,0,0.32,-1.00
14,397,50,0,0.26,-1.00
14,398,50,0,0.18,-1.00
14,399,50,0,0.30,-1.00
14,400,50,0,0.24,-1.00
14,401,50,0,0.32,-1.00
14,402,50,0,0.38,-1.00
14,403,50,0,0.30,-1.00
14,404,50,0,0.30,-1.00
14,405,50,0,0.34,-1.00
14,406,50,0,0.38,-1.00
14,407,50,0,0.44,-1.00
14,408,50,0,0.42,-1.00
14,409,50,0,0.38,-1.00
14,410,50,0,0.32,-1.00
14,411,50,0,0.36,-1.00
14,412,50,0,0.22,-1.00
14,413,50,0,0.34,-1.00
14,414,50,0,0.40,-1.00
14,415,50,0,0.34,-1.00
14,416,50,0,0.36,-1.00
14,417,50,0,0.24,-1.00
14,418,50,0,0.16,-1.00
14,419,50,0,0.18,-1.00
14,420,50,0,0.08,-1.00
14,421,50,0,0.12,-1.00
14,422,50,0,0.16,-1.00
14,423,50,0,0.28,-1.00
14,424,50,0,0.28,-1.00
14,425,50,0,0.16,-1.00
14,426,50,0,0.22,-1.00
14,427,50,0,0.18,-1.00
14,428,50,0,0.40,-1.00
14,429,50,0,0.46,-1.00
14,430,50,0,0.30,-1.00
14,431,50,0,0.40,-1.00
14,432,50,0,0.46,-1.00
14,433,50,0,0.26,-1.00
14,434,50,0,0.20,-1.00
14,435,50,0,0.06,-1.00
14,436,50,0,0.04,-1.00
14,437,50,0,0.04,-1.00
14,438,50,0,0.02,-1.00
14,439,50,0,0.02,-1.00
14,440,50,0,0.00,-1.00
14,441,50,0,0.00,-1.00
14,442,50,0,0.00,-1.00
14,443,50,0,0.00,-1.00
14,444,50,0,0.04,-1.00
14,445,50,0,0.00,-1.00
14,446,50,0,0.00,-1.00
14,447,50,0,0.00,-1.00
14,448,50,0,0.02,-1.00
14,449,50,0,0.06,-1.00
14,450,50,0,0.02,-1.00
14,451,50,0,0.04,-1.00
14,452,50,0,0.02,-1.00
14,453,50,0,0.02,-1.00
14,454,50,0,0.00,-1.00
14,455,50,0,0.00,-1.00
14,456,50,0,0.00,-1.00
14,457,50,0,0.00,-1.00
14,458,50,0,0.00,-1.00
14,459,50,0,0.00,-1.00
14,460,50,0,0.02,-1.00
14,461,50,0,0.08,-1.00
14,462,50,0,0.12,-1.00
14,463,50,0,0.14,-1.00
14,464,50,0,0.08,-1.00
14,465,50,0,0.08,-1.00
14,466,50,0,0.08,-1.00
14,467,50,0,0.10,-1.00
14,468,50,0,0.06,-1.00
14,469,50,0,0.08,-1.00
14,470,50,0,0.18,-1.00
14,471,50,0,0.34,-1.00
14,472,50,0,0.24,-1.00
14,473,50,0,0.36,-1.00
14,474,50,0,0.58,-1.00
14,475,50,0,0.54,-1.00
14,476,50,0,0.50,-1.00
14,477,50,0,0.34,-1.00
14,478,50,0,0.36,-1.00
14,479,50,0,0.48,-1.00
14,480,50,0,0.28,-1.00
14,481,50,0,0.32,-1.00
14,482,50,0,0.38,-1.00
14,483,50,0,0.38,-1.00
14,484,50,0,0.40,-1.00
14,485,50,0,0.46,-1.00
14,486,50,0,0.24,-1.00
14,487,50,0,0.28,-1.00
14,488,50,0,0.24,-1.00
14,489,50,0,0.20,-1.00
14,490,50,0,0.24,-1.00
14,491,50,0,0.08,-1.00
14,492,50,0,0.08,-1.00
14,493,50,0,0.00,-1.00
14,494,50,0,0.00,-1.00
14,495,50,0,0.00,-1.00
14,496,50,0,0.00,-1.00
14,497,50,0,0.00,-1.00
14,498,50,0,0.00,-1.00
14,499,50,0,0.00,-1.00
14,500,50,0,0.00,-1.00
15,1,50,0,0.00,-1.00
15,2,50,0,0.04,-1.00
15,3,50,0,0.06,-1.00
15,4,50,0,0.08,-1.00
15,5,50,0,0.02,-1.00
15,6,50,0,0.00,-1.00
15,7,50,0,0.00,-1.00
15,8,50,0,0.04,-1.00
15,9,50,0,0.02,-1.00
15,10,50,0,0.00,-1.00
15,11,50,0,0.00,-1.00
15,12,50,0,0.00,-1.00
15,13,50,0,0.02,-1.00
15,14,50,0,0.06,-1.00
15,15,50,0,0.06,-1.00
15,16,50,0,0.08,-1.00
15,17,50,0,0.12,-1.00
15,18,50,0,0.08,-1.00
15,19,50,0,0.04,-1.00
15,20,50,0,0.04,-1.00
15,21,50,0,0.02,-1.00
15,22,50,0,0.02,-1.00
15,23,50,0,0.06,-1.00
15,24,50,0,0.04,-1.00
15,25,50,0,0.06,-1.00
15,26,50,0,0.06,-1.00
15,27,50,0,0.06,-1.00
15,28,50,0,0.10,-1.00
15,29,50,0,0.08,-1.00
15,30,50,0,0.08,-1.00
15,31,50,0,0.06,-1.00
15,32,50,0,0.14,-1.00
15,33,50,0,0.14,-1.00
15,34,50,0,0.10,-1.00
15,35,50,0,0.06,-1.00
15,36,50,0,0.10,-1.00
15,37,50,0,0.04,-1.00
15,38,50,0,0.04,-1.00
15,39,50,0,0.00,-1.00
15,40,50,0,0.06,-1.00
15,41,50,0,0.06,-1.00
15,42,50,0,0.14,-1.00
15,43,50,0,0.18,-1.00
15,44,50,0,0.18,-1.00
15,45,50,0,0.18,-1.00
15,46,50,0,0.14,-1.00
15,47,50,0,0.22,-1.00
15,48,50,0,0.18,-1.00
15,49,50,0,0.08,-1.00
15,50,50,0,0.10,-1.00
15,51,50,0,0.06,-1.00
15,52,50,0,0.00,-1.00
15,53,50,0,0.02,-1.00
15,54,50,0,0.04,-1.00
15,55,50,0,0.12,-1.00
15,56,50,0,0.12,-1.00
15,57,50,0,0.10,-1.00
15,58,50,0,0.08,-1.00
15,59,50,0,0.10,-1.00
15,60,50,0,0.02,-1.00
15,61,50,0,0.02,-1.00
15,62,50,0,0.02,-1.00
15,63,50,0,0.02,-1.00
15,64,50,0,0.04,-1.00
15,65,50,0,0.02,-1.00
15,66,50,0,0.00,-1.00
15,67,50,0,0.02,-1.00
15,68,50,0,0.00,-1.00
15,69,50,0,0.00,-1.00
15,70,50,0,0.00,-1.00
15,71,50,0,0.00,-1.00
15,72,50,0,0.00,-1.00
15,73,50,0,0.00,-1.00
15,74,50,0,0.00,-1.00
15,75,50,0,0.04,-1.00
15,76,50,0,0.04,-1.00
15,77,50,0,0.16,-1.00
15,78,50,0,0.14,-1.00
15,79,50,0,0.16,-1.00
15,80,50,0,0.12,-1.00
15,81,50,0,0.14,-1.00
15,82,50,0,0.08,-1.00
15,83,50,0,0.10,-1.00
15,84,50,0,0.12,-1.00
15,85,50,0,0.10,-1.00
15,86,50,0,0.08,-1.00
15,87,50,0,0.08,-1.00
15,88,50,0,0.10,-1.00
15,89,50,0,0.14,-1.00
15,90,50,0,0.16,-1.00
15,91,50,0,0.18,-1.00
15,92,50,0,0.08,-1.00
15,93,50,0,0.12,-1.00
15,94,50,0,0.10,-1.00
15,95,50,0,0.08,-1.00
15,96,50,0,0.06,-1.00
15,97,50,0,0.04,-1.00
15,98,50,0,0.04,-1.00
15,99,50,0,0.08,-1.00
15,100,50,0,0.16,-1.00
15,101,50,0,0.04,-1.00
15,102,50,0,0.08,-1.00
15,103,50,0,0.08,-1.00
15,104,50,0,0.16,-1.00
15,105,50,0,0.24,-1.00
15,106,50,0,0.16,-1.00
15,107,50,0,0.16,-1.00
15,108,50,0,0.10,-1.00
15,109,50,0,0.10,-1.00
15,110,50,0,0.04,-1.00
15,111,50,0,0.00,-1.00
15,112,50,0,0.00,-1.00
15,113,50,0,0.00,-1.00
15,114,50,0,0.00,-1.00
15,115,50,0,0.00,-1.00
15,116,50,0,0.08,-1.00
15,117,50,0,0.14,-1.00
15,118,50,0,0.06,-1.00
15,119,50,0,0.12,-1.00
15,120,50,0,0.12,-1.00
15,121,50,0,0.14,-1.00
15,122,50,0,0.22,-1.00
15,123,50,0,0.24,-1.00
15,124,50,0,0.22,-1.00
15,125,50,0,0.24,-1.00
15,126,50,0,0.18,-1.00
15,127,50,0,0.20,-1.00
15,128,50,0,0.18,-1.00
15,129,50,0,0.16,-1.00
15,130,50,0,0.12,-1.00
15,131,50,0,0.14,-1.00
15,132,50,0,0.08,-1.00
15,133,50,0,0.04,-1.00
15,134,50,0,0.06,-1.00
15,135,50,0,0.04,-1.00
15,136,50,0,0.10,-1.00
15,137,50,0,0.04,-1.00
15,138,50,0,0.10,-1.00
15,139,50,0,0.10,-1.00
15,140,50,0,0.08,-1.00
15,141,50,0,0.06,-1.00
15,142,50,0,0.04,-1.00
15,143,50,0,0.06,-1.00
15,144,50,0,0.06,-1.00
15,145,50,0,0.08,-1.00
15,146,50,0,0.10,-1.00
15,147,50,0,0.08,-1.00
15,148,50,0,0.10,-1.00
15,149,50,0,0.04,-1.00
15,150,50,0,0.02,-1.00
15,151,50,0,0.02,-1.00
15,152,50,0,0.00,-1.00
15,153,50,0,0.00,-1.00
15,154,50,0,0.00,-1.00
15,155,50,0,0.00,-1.00
15,156,50,0,0.00,-1.00
15,157,50,0,0.00,-1.00
15,158,50,0,0.02,-1.00
15,159,50,0,0.06,-1.00
15,160,50,0,0.06,-1.00
15,161,50,0,0.10,-1.00
15,162,50,0,0.08,-1.00
15,163,50,0,0.12,-1.00
15,164,50,0,0.12,-1.00
15,165,50,0,0.10,-1.00
15,166,50,0,0.04,-1.00
15,167,50,0,0.04,-1.00
15,168,50,0,0.00,-1.00
15,169,50,0,0.02,-1.00
15,170,50,0,0.08,-1.00
15,171,50,0,0.04,-1.00
15,172,50,0,0.04,-1.00
15,173,50,0,0.04,-1.00
15,174,50,0,0.12,-1.00
15,175,50,0,0.14,-1.00
15,176,50,0,0.12,-1.00
15,177,50,0,0.04,-1.00
15,178,50,0,0.00,-1.00
15,179,50,0,0.00,-1.00
15,180,50,0,0.00,-1.00
15,181,50,0,0.00,-1.00
15,182,50,0,0.00,-1.00
15,183,50,0,0.02,-1.00
15,184,50,0,0.04,-1.00
15,185,50,0,0.04,-1.00
15,186,50,0,0.02,-1.00
15,187,50,0,0.02,-1.00
15,188,50,0,0.00,-1.00
15,189,50,0,0.00,-1.00
15,190,50,0,0.00,-1.00
15,191,50,0,0.00,-1.00
15,192,50,0,0.00,-1.00
15,193,50,0,0.00,-1.00
15,194,50,0,0.00,-1.00
15,195,50,0,0.00,-1.00
15,196,50,0,0.00,-1.00
15,197,50,0,0.02,-1.00
15,198,50,0,0.06,-1.00
15,199,50,0,0.08,-1.00
15,200,50,0,0.04,-1.00
15,201,50,0,0.02,-1.00
15,202,50,0,0.00,-1.00
15,203,50,0,0.00,-1.00
15,204,50,0,0.06,-1.00
15,205,50,0,0.02,-1.00
15,206,50,0,0.00,-1.00
15,207,50,0,0.00,-1.00
15,208,50,0,0.00,-1.00
15,209,50,0,0.04,-1.00
15,210,50,0,0.04,-1.00
15,211,50,0,0.00,-1.00
15,212,50,0,0.00,-1.00
15,213,50,0,0.04,-1.00
15,214,50,0,0.04,-1.00
15,215,50,0,0.00,-1.00
15,216,50,0,0.00,-1.00
15,217,50,0,0.00,-1.00
15,218,50,0,0.00,-1.00
15,219,50,0,0.00,-1.00
15,220,50,0,0.00,-1.00
15,221,50,0,0.00,-1.00
15,222,50,0,0.02,-1.00
15,223,50,0,0.06,-1.00
15,224,50,0,0.02,-1.00
15,225,50,0,0.02,-1.00
15,226,50,0,0.04,-1.00
15,227,50,0,0.10,-1.00
15,228,50,0,0.10,-1.00
15,229,50,0,0.10,-1.00
15,230,50,0,0.14,-1.00
15,231,50,0,0.08,-1.00
15,232,50,0,0.06,-1.00
15,233,50,0,0.08,-1.00
15,234,50,0,0.04,-1.00
15,235,50,0,0.02,-1.00
15,236,50,0,0.04,-1.00
15,237,50,0,0.00,-1.00
15,238,50,0,0.00,-1.00
15,239,50,0,0.00,-1.00
15,240,50,0,0.00,-1.00
15,241,50,0,0.04,-1.00
15,242,50,0,0.04,-1.00
15,243,50,0,0.02,-1.00
15,244,50,0,0.00,-1.00
15,245,50,0,0.00,-1.00
15,246,50,0,0.00,-1.00
15,247,50,0,0.00,-1.00
15,248,50,0,0.00,-1.00
15,249,50,0,0.00,-1.00
15,250,50,0,0.00,-1.00
15,251,50,0,0.00,-1.00
15,252,50,0,0.02,-1.00
15,253,50,0,0.02,-1.00
15,254,50,0,0.02,-1.00
15,255,50,0,0.02,-1.00
15,256,50,0,0.06,-1.00
15,257,50,0,0.02,-1.00
15,258,50,0,0.00,-1.00
15,259,50,0,0.00,-1.00
15,260,50,0,0.00,-1.00
15,261,50,0,0.06,-1.00
15,262,50,0,0.10,-1.00
15,263,50,0,0.06,-1.00
15,264,50,0,0.02,-1.00
15,265,50,0,0.02,-1.00
15,266,50,0,0.04,-1.00
15,267,50,0,0.06,-1.00
15,268,50,0,0.02,-1.00
15,269,50,0,0.02,-1.00
15,270,50,0,0.00,-1.00
15,271,50,0,0.00,-1.00
15,272,50,0,0.06,-1.00
15,273,50,0,0.00,-1.00
15,274,50,0,0.00,-1.00
15,275,50,0,0.00,-1.00
15,276,50,0,0.00,-1.00
15,277,50,0,0.00,-1.00
15,278,50,0,0.00,-1.00
15,279,50,0,0.00,-1.00
15,280,50,0,0.00,-1.00
15,281,50,0,0.02,-1.00
15,282,50,0,0.00,-1.00
15,283,50,0,0.00,-1.00
15,284,50,0,0.00,-1.00
15,285,50,0,0.00,-1.00
15,286,50,0,0.00,-1.00
15,287,50,0,0.00,-1.00
15,288,50,0,0.00,-1.00
15,289,50,0,0.00,-1.00
15,290,50,0,0.00,-1.00
15,291,50,0,0.00,-1.00
15,292,50,0,0.00,-1.00
15,293,50,0,0.00,-1.00
15,294,50,0,0.06,-1.00
15,295,50,0,0.10,-1.00
15,296,50,0,0.22,-1.00
15,297,50,0,0.22,-1.00
15,298,50,0,0.16,-1.00
15,299,50,0,0.10,-1.00
15,300,50,0,0.10,-1.00
15,301,50,0,0.14,-1.00
15,302,50,0,0.12,-1.00
15,303,50,0,0.20,-1.00
15,304,50,0,0.26,-1.00
15,305,50,0,0.16,-1.00
15,306,50,0,0.20,-1.00
15,307,50,0,0.20,-1.00
15,308,50,0,0.30,-1.00
15,309,50,0,0.28,-1.00
15,310,50,0,0.22,-1.00
15,311,50,0,0.22,-1.00
15,312,50,0,0.20,-1.00
15,313,50,0,0.14,-1.00
15,314,50,0,0.20,-1.00
15,315,50,0,0.14,-1.00
15,316,50,0,0.14,-1.00
15,317,50,0,0.14,-1.00
15,318,50,0,0.08,-1.00
15,319,50,0,0.02,-1.00
15,320,50,0,0.00,-1.00
15,321,50,0,0.00,-1.00
15,322,50,0,0.00,-1.00
15,323,50,0,0.00,-1.00
15,324,50,0,0.00,-1.00
15,325,50,0,0.00,-1.00
15,326,50,0,0.04,-1.00
15,327,50,0,0.06,-1.00
15,328,50,0,0.04,-1.00
15,329,50,0,0.02,-1.00
15,330,50,0,0.04,-1.00
15,331,50,0,0.06,-1.00
15,332,50,0,0.06,-1.00
15,333,50,0,0.06,-1.00
15,334,50,0,0.08,-1.00
15,335,50,0,0.06,-1.00
15,336,50,0,0.08,-1.00
15,337,50,0,0.04,-1.00
15,338,50,0,0.04,-1.00
15,339,50,0,0.04,-1.00
15,340,50,0,0.00,-1.00
15,341,50,0,0.00,-1.00
15,342,50,0,0.00,-1.00
15,343,50,0,0.04,-1.00
15,344,50,0,0.04,-1.00
15,345,50,0,0.02,-1.00
15,346,50,0,0.04,-1.00
15,347,50,0,0.00,-1.00
15,348,50,0,0.00,-1.00
15,349,50,0,0.00,-1.00
15,350,50,0,0.04,-1.00
15,351,50,0,0.02,-1.00
15,352,50,0,0.02,-1.00
15,353,50,0,0.04,-1.00
15,354,50,0,0.02,-1.00
15,355,50,0,0.04,-1.00
15,356,50,0,0.08,-1.00
15,357,50,0,0.06,-1.00
15,358,50,0,0.02,-1.00
15,359,50,0,0.00,-1.00
15,360,50,0,0.00,-1.00
15,361,50,0,0.00,-1.00
15,362,50,0,0.00,-1.00
15,363,50,0,0.00,-1.00
15,364,50,0,0.02,-1.00
15,365,50,0,0.02,-1.00
15,366,50,0,0.00,-1.00
15,367,50,0,0.04,-1.00
15,368,50,0,0.04,-1.00
15,369,50,0,0.04,-1.00
15,370,50,0,0.00,-1.00
15,371,50,0,0.00,-1.00
15,372,50,0,0.00,-1.00
15,373,50,0,0.00,-1.00
15,374,50,0,0.00,-1.00
15,375,50,0,0.00,-1.00
15,376,50,0,0.00,-1.00
15,377,50,0,0.04,-1.00
15,378,50,0,0.04,-1.00
15,379,50,0,0.00,-1.00
15,380,50,0,0.02,-1.00
15,381,50,0,0.06,-1.00
15,382,50,0,0.08,-1.00
15,383,50,0,0.08,-1.00
15,384,50,0,0.10,-1.00
15,385,50,0,0.14,-1.00
15,386,50,0,0.12,-1.00
15,387,50,0,0.22,-1.00
15,388,50,0,0.28,-1.00
15,389,50,0,0.16,-1.00
15,390,50,0,0.14,-1.00
15,391,50,0,0.20,-1.00
15,392,50,0,0.16,-1.00
15,393,50,0,0.14,-1.00
15,394,50,0,0.12,-1.00
15,395,50,0,0.06,-1.00
15,396,50,0,0.04,-1.00
15,397,50,0,0.04,-1.00
15,398,50,0,0.04,-1.00
15,399,50,0,0.04,-1.00
15,400,50,0,0.00,-1.00
15,401,50,0,0.02,-1.00
15,402,50,0,0.00,-1.00
15,403,50,0,0.02,-1.00
15,404,50,0,0.00,-1.00
15,405,50,0,0.00,-1.00
15,406,50,0,0.00,-1.00
15,407,50,0,0.00,-1.00
15,408,50,0,0.02,-1.00
15,409,50,0,0.00,-1.00
15,410,50,0,0.00,-1.00
15,411,50,0,0.02,-1.00
15,412,50,0,0.00,-1.00
15,413,50,0,0.00,-1.00
15,414,50,0,0.00,-1.00
15,415,50,0,0.00,-1.00
15,416,50,0,0.04,-1.00
15,417,50,0,0.02,-1.00
15,418,50,0,0.10,-1.00
15,419,50,0,0.22,-1.00
15,420,50,0,0.20,-1.00
15,421,50,0,0.22,-1.00
15,422,50,0,0.14,-1.00
15,423,50,0,0.12,-1.00
15,424,50,0,0.16,-1.00
15,425,50,0,0.14,-1.00
15,426,50,0,0.08,-1.00
15,427,50,0,0.08,-1.00
15,428,50,0,0.10,-1.00
15,429,50,0,0.10,-1.00
15,430,50,0,0.08,-1.00
15,431,50,0,0.10,-1.00
15,432,50,0,0.10,-1.00
15,433,50,0,0.08,-1.00
15,434,50,0,0.06,-1.00
15,435,50,0,0.02,-1.00
15,436,50,0,0.04,-1.00
15,437,50,0,0.04,-1.00
15,438,50,0,0.04,-1.00
15,439,50,0,0.04,-1.00
15,440,50,0,0.06,-1.00
15,441,50,0,0.10,-1.00
15,442,50,0,0.14,-1.00
15,443,50,0,0.06,-1.00
15,444,50,0,0.02,-1.00
15,445,50,0,0.00,-1.00
15,446,50,0,0.00,-1.00
15,447,50,0,0.00,-1.00
15,448,50,0,0.00,-1.00
15,449,50,0,0.00,-1.00
15,450,50,0,0.00,-1.00
15,451,50,0,0.00,-1.00
15,452,50,0,0.00,-1.00
15,453,50,0,0.00,-1.00
15,454,50,0,0.02,-1.00
15,455,50,0,0.00,-1.00
15,456,50,0,0.00,-1.00
15,457,50,0,0.00,-1.00
15,458,50,0,0.02,-1.00
15,459,50,0,0.02,-1.00
15,460,50,0,0.00,-1.00
15,461,50,0,0.00,-1.00
15,462,50,0,0.00,-1.00
15,463,50,0,0.00,-1.00
15,464,50,0,0.00,-1.00
15,465,50,0,0.00,-1.00
15,466,50,0,0.00,-1.00
15,467,50,0,0.00,-1.00
15,468,50,0,0.00,-1.00
15,469,50,0,0.02,-1.00
15,470,50,0,0.04,-1.00
15,471,50,0,0.12,-1.00
15,472,50,0,0.16,-1.00
15,473,50,0,0.12,-1.00
15,474,50,0,0.04,-1.00
15,475,50,0,0.04,-1.00
15,476,50,0,0.10,-1.00
15,477,50,0,0.10,-1.00
15,478,50,0,0.10,-1.00
15,479,50,0,0.06,-1.00
15,480,50,0,0.06,-1.00
15,481,50,0,0.06,-1.00
15,482,50,0,0.04,-1.00
15,483,50,0,0.14,-1.00
15,484,50,0,0.12,-1.00
15,485,50,0,0.06,-1.00
15,486,50,0,0.04,-1.00
15,487,50,0,0.08,-1.00
15,488,50,0,0.02,-1.00
15,489,50,0,0.10,-1.00
15,490,50,0,0.16,-1.00
15,491,50,0,0.26,-1.00
15,492,50,0,0.18,-1.00
15,493,50,0,0.20,-1.00
15,494,50,0,0.12,-1.00
15,495,50,0,0.18,-1.00
15,496,50,0,0.10,-1.00
15,497,50,0,0.16,-1.00
15,498,50,0,0.08,-1.00
15,499,50,0,0.00,-1.00
15,500,50,0,0.00,-1.00
16,1,50,0,0.00,-1.00
16,2,50,0,0.00,-1.00
16,3,50,0,0.00,-1.00
16,4,50,0,0.00,-1.00
16,5,50,0,0.00,-1.00
16,6,50,0,0.00,-1.00
16,7,50,0,0.00,-1.00
16,8,50,0,0.00,-1.00
16,9,50,0,0.00,-1.00
16,10,50,0,0.00,-1.00
16,11,50,0,0.00,-1.00
16,12,50,0,0.04,-1.00
16,13,50,0,0.04,-1.00
16,14,50,0,0.04,-1.00
16,15,50,0,0.06,-1.00
16,16,50,0,0.06,-1.00
16,17,50,0,0.08,-1.00
16,18,50,0,0.14,-1.00
16,19,50,0,0.10,-1.00
16,20,50,0,0.08,-1.00
16,21,50,0,0.08,-1.00
16,22,50,0,0.24,-1.00
16,23,50,0,0.20,-1.00
16,24,50,0,0.22,-1.00
16,25,50,0,0.24,-1.00
16,26,50,0,0.10,-1.00
16,27,50,0,0.26,-1.00
16,28,50,0,0.18,-1.00
16,29,50,0,0.24,-1.00
16,30,50,0,0.20,-1.00
16,31,50,0,0.24,-1.00
16,32,50,0,0.32,-1.00
16,33,50,0,0.24,-1.00
16,34,50,0,0.26,-1.00
16,35,50,0,0.22,-1.00
16,36,50,0,0.14,-1.00
16,37,50,0,0.08,-1.00
16,38,50,0,0.04,-1.00
16,39,50,0,0.00,-1.00
16,40,50,0,0.00,-1.00
16,41,50,0,0.04,-1.00
16,42,50,0,0.12,-1.00
16,43,50,0,0.10,-1.00
16,44,50,0,0.12,-1.00
16,45,50,0,0.12,-1.00
16,46,50,0,0.10,-1.00
16,47,50,0,0.08,-1.00
16,48,50,0,0.10,-1.00
16,49,50,0,0.06,-1.00
16,50,50,0,0.08,-1.00
16,51,50,0,0.06,-1.00
16,52,50,0,0.04,-1.00
16,53,50,0,0.06,-1.00
16,54,50,0,0.02,-1.00
16,55,50,0,0.02,-1.00
16,56,50,0,0.04,-1.00
16,57,50,0,0.08,-1.00
16,58,50,0,0.02,-1.00
16,59,50,0,0.02,-1.00
16,60,50,0,0.02,-1.00
16,61,50,0,0.02,-1.00
16,62,50,0,0.08,-1.00
16,63,50,0,0.10,-1.00
16,64,50,0,0.10,-1.00
16,65,50,0,0.12,-1.00
16,66,50,0,0.02,-1.00
16,67,50,0,0.02,-1.00
16,68,50,0,0.04,-1.00
16,69,50,0,0.04,-1.00
16,70,50,0,0.02,-1.00
16,71,50,0,0.02,-1.00
16,72,50,0,0.00,-1.00
16,73,50,0,0.00,-1.00
16,74,50,0,0.00,-1.00
16,75,50,0,0.00,-1.00
16,76,50,0,0.00,-1.00
16,77,50,0,0.04,-1.00
16,78,50,0,0.06,-1.00
16,79,50,0,0.12,-1.00
16,80,50,0,0.14,-1.00
16,81,50,0,0.12,-1.00
16,82,50,0,0.06,-1.00
16,83,50,0,0.12,-1.00
16,84,50,0,0.16,-1.00
16,85,50,0,0.22,-1.00
16,86,50,0,0.26,-1.00
16,87,50,0,0.14,-1.00
16,88,50,0,0.12,-1.00
16,89,50,0,0.08,-1.00
16,90,50,0,0.08,-1.00
16,91,50,0,0.14,-1.00
16,92,50,0,0.24,-1.00
16,93,50,0,0.24,-1.00
16,94,50,0,0.30,-1.00
16,95,50,0,0.40,-1.00
16,96,50,0,0.32,-1.00
16,97,50,0,0.32,-1.00
16,98,50,0,0.40,-1.00
16,99,50,0,0.28,-1.00
16,100,50,0,0.24,-1.00
16,101,50,0,0.24,-1.00
16,102,50,0,0.20,-1.00
16,103,50,0,0.26,-1.00
16,104,50,0,0.20,-1.00
16,105,50,0,0.28,-1.00
16,106,50,0,0.30,-1.00
16,107,50,0,0.18,-1.00
16,108,50,0,0.20,-1.00
16,109,50,0,0.18,-1.00
16,110,50,0,0.10,-1.00
16,111,50,0,0.08,-1.00
16,112,50,0,0.04,-1.00
16,113,50,0,0.08,-1.00
16,114,50,0,0.10,-1.00
16,115,50,0,0.06,-1.00
16,116,50,0,0.02,-1.00
16,117,50,0,0.06,-1.00
16,118,50,0,0.04,-1.00
16,119,50,0,0.02,-1.00
16,120,50,0,0.06,-1.00
16,121,50,0,0.10,-1.00
16,122,50,0,0.06,-1.00
16,123,50,0,0.06,-1.00
16,124,50,0,0.12,-1.00
16,125,50,0,0.18,-1.00
16,126,50,0,0.18,-1.00
16,127,50,0,0.16,-1.00
16,128,50,0,0.22,-1.00
16,129,50,0,0.34,-1.00
16,130,50,0,0.52,-1.00
16,131,50,0,0.34,-1.00
16,132,50,0,0.36,-1.00
16,133,50,0,0.24,-1.00
16,134,50,0,0.22,-1.00
16,135,50,0,0.28,-1.00
16,136,50,0,0.24,-1.00
16,137,50,0,0.14,-1.00
16,138,50,0,0.16,-1.00
16,139,50,0,0.22,-1.00
16,140,50,0,0.18,-1.00
16,141,50,0,0.28,-1.00
16,142,50,0,0.24,-1.00
16,143,50,0,0.20,-1.00
16,144,50,0,0.16,-1.00
16,145,50,0,0.18,-1.00
16,146,50,0,0.28,-1.00
16,147,50,0,0.14,-1.00
16,148,50,0,0.10,-1.00
16,149,50,0,0.10,-1.00
16,150,50,0,0.24,-1.00
16,151,50,0,0.30,-1.00
16,152,50,0,0.34,-1.00
16,153,50,0,0.26,-1.00
16,154,50,0,0.38,-1.00
16,155,50,0,0.40,-1.00
16,156,50,0,0.44,-1.00
16,157,50,0,0.48,-1.00
16,158,50,0,0.48,-1.00
16,159,50,0,0.56,-1.00
16,160,50,0,0.68,-1.00
16,161,50,0,0.60,-1.00
16,162,50,0,0.54,-1.00
16,163,50,0,0.46,-1.00
16,164,50,0,0.48,-1.00
16,165,50,0,0.42,-1.00
16,166,50,0,0.34,-1.00
16,167,50,0,0.34,-1.00
16,168,50,0,0.24,-1.00
16,169,50,0,0.22,-1.00
16,170,50,0,0.14,-1.00
16,171,50,0,0.08,-1.00
16,172,50,0,0.08,-1.00
16,173,50,0,0.10,-1.00
16,174,50,0,0.10,-1.00
16,175,50,0,0.12,-1.00
16,176,50,0,0.18,-1.00
16,177,50,0,0.10,-1.00
16,178,50,0,0.08,-1.00
16,179,50,0,0.04,-1.00
16,180,50,0,0.02,-1.00
16,181,50,0,0.06,-1.00
16,182,50,0,0.12,-1.00
16,183,50,0,0.18,-1.00
16,184,50,0,0.14,-1.00
16,185,50,0,0.06,-1.00
16,186,50,0,0.04,-1.00
16,187,50,0,0.06,-1.00
16,188,50,0,0.08,-1.00
16,189,50,0,0.12,-1.00
16,190,50,0,0.10,-1.00
16,191,50,0,0.06,-1.00
16,192,50,0,0.06,-1.00
16,193,50,0,0.06,-1.00
16,194,50,0,0.06,-1.00
16,195,50,0,0.08,-1.00
16,196,50,0,0.02,-1.00
16,197,50,0,0.02,-1.00
16,198,50,0,0.04,-1.00
16,199,50,0,0.10,-1.00
16,200,50,0,0.08,-1.00
16,201,50,0,0.22,-1.00
16,202,50,0,0.24,-1.00
16,203,50,0,0.16,-1.00
16,204,50,0,0.14,-1.00
16,205,50,0,0.06,-1.00
16,206,50,0,0.02,-1.00
16,207,50,0,0.00,-1.00
16,208,50,0,0.00,-1.00
16,209,50,0,0.00,-1.00
16,210,50,0,0.00,-1.00
16,211,50,0,0.00,-1.00
16,212,50,0,0.00,-1.00
16,213,50,0,0.00,-1.00
16,214,50,0,0.00,-1.00
16,215,50,0,0.00,-1.00
16,216,50,0,0.00,-1.00
16,217,50,0,0.02,-1.00
16,218,50,0,0.02,-1.00
16,219,50,0,0.04,-1.00
16,220,50,0,0.02,-1.00
16,221,50,0,0.06,-1.00
16,222,50,0,0.08,-1.00
16,223,50,0,0.04,-1.00
16,224,50,0,0.02,-1.00
16,225,50,0,0.04,-1.00
16,226,50,0,0.00,-1.00
16,227,50,0,0.00,-1.00
16,228,50,0,0.00,-1.00
16,229,50,0,0.00,-1.00
16,230,50,0,0.00,-1.00
16,231,50,0,0.00,-1.00
16,232,50,0,0.00,-1.00
16,233,50,0,0.00,-1.00
16,234,50,0,0.00,-1.00
16,235,50,0,0.00,-1.00
16,236,50,0,0.00,-1.00
16,237,50,0,0.00,-1.00
16,238,50,0,0.02,-1.00
16,239,50,0,0.04,-1.00
16,240,50,0,0.02,-1.00
16,241,50,0,0.02,-1.00
16,242,50,0,0.04,-1.00
16,243,50,0,0.04,-1.00
16,244,50,0,0.00,-1.00
16,245,50,0,0.00,-1.00
16,246,50,0,0.00,-1.00
16,247,50,0,0.00,-1.00
16,248,50,0,0.00,-1.00
16,249,50,0,0.00,-1.00
16,250,50,0,0.00,-1.00
16,251,50,0,0.00,-1.00
16,252,50,0,0.00,-1.00
16,253,50,0,0.00,-1.00
16,254,50,0,0.00,-1.00
16,255,50,0,0.02,-1.00
16,256,50,0,0.02,-1.00
16,257,50,0,0.02,-1.00
16,258,50,0,0.02,-1.00
16,259,50,0,0.06,-1.00
16,260,50,0,0.04,-1.00
16,261,50,0,0.04,-1.00
16,262,50,0,0.04,-1.00
16,263,50,0,0.06,-1.00
16,264,50,0,0.08,-1.00
16,265,50,0,0.10,-1.00
16,266,50,0,0.10,-1.00
16,267,50,0,0.08,-1.00
16,268,50,0,0.10,-1.00
16,269,50,0,0.12,-1.00
16,270,50,0,0.14,-1.00
16,271,50,0,0.18,-1.00
16,272,50,0,0.28,-1.00
16,273,50,0,0.30,-1.00
16,274,50,0,0.34,-1.00
16,275,50,0,0.32,-1.00
16,276,50,0,0.40,-1.00
16,277,50,0,0.36,-1.00
16,278,50,0,0.32,-1.00
16,279,50,0,0.34,-1.00
16,280,50,0,0.30,-1.00
16,281,50,0,0.24,-1.00
16,282,50,0,0.18,-1.00
16,283,50,0,0.12,-1.00
16,284,50,0,0.12,-1.00
16,285,50,0,0.08,-1.00
16,286,50,0,0.08,-1.00
16,287,50,0,0.06,-1.00
16,288,50,0,0.12,-1.00
16,289,50,0,0.04,-1.00
16,290,50,0,0.02,-1.00
16,291,50,0,0.04,-1.00
16,292,50,0,0.00,-1.00
16,293,50,0,0.00,-1.00
16,294,50,0,0.00,-1.00
16,295,50,0,0.00,-1.00
16,296,50,0,0.00,-1.00
16,297,50,0,0.00,-1.00
16,298,50,0,0.04,-1.00
16,299,50,0,0.04,-1.00
16,300,50,0,0.02,-1.00
16,301,50,0,0.04,-1.00
16,302,50,0,0.06,-1.00
16,303,50,0,0.08,-1.00
16,304,50,0,0.06,-1.00
16,305,50,0,0.12,-1.00
16,306,50,0,0.06,-1.00
16,307,50,0,0.06,-1.00
16,308,50,0,0.08,-1.00
16,309,50,0,0.12,-1.00
16,310,50,0,0.16,-1.00
16,311,50,0,0.16,-1.00
16,312,50,0,0.10,-1.00
16,313,50,0,0.12,-1.00
16,314,50,0,0.22,-1.00
16,315,50,0,0.12,-1.00
16,316,50,0,0.12,-1.00
16,317,50,0,0.08,-1.00
16,318,50,0,0.14,-1.00
16,319,50,0,0.16,-1.00
16,320,50,0,0.14,-1.00
16,321,50,0,0.14,-1.00
16,322,50,0,0.10,-1.00
16,323,50,0,0.10,-1.00
16,324,50,0,0.12,-1.00
16,325,50,0,0.06,-1.00
16,326,50,0,0.06,-1.00
16,327,50,0,0.12,-1.00
16,328,50,0,0.16,-1.00
16,329,50,0,0.10,-1.00
16,330,50,0,0.08,-1.00
16,331,50,0,0.06,-1.00
16,332,50,0,0.06,-1.00
16,333,50,0,0.04,-1.00
16,334,50,0,0.04,-1.00
16,335,50,0,0.06,-1.00
16,336,50,0,0.10,-1.00
16,337,50,0,0.14,-1.00
16,338,50,0,0.10,-1.00
16,339,50,0,0.16,-1.00
16,340,50,0,0.04,-1.00
16,341,50,0,0.08,-1.00
16,342,50,0,0.08,-1.00
16,343,50,0,0.08,-1.00
16,344,50,0,0.04,-1.00
16,345,50,0,0.00,-1.00
16,346,50,0,0.00,-1.00
16,347,50,0,0.02,-1.00
16,348,50,0,0.00,-1.00
16,349,50,0,0.00,-1.00
16,350,50,0,0.00,-1.00
16,351,50,0,0.00,-1.00
16,352,50,0,0.00,-1.00
16,353,50,0,0.00,-1.00
16,354,50,0,0.04,-1.00
16,355,50,0,0.02,-1.00
16,356,50,0,0.04,-1.00
16,357,50,0,0.04,-1.00
16,358,50,0,0.02,-1.00
16,359,50,0,0.02,-1.00
16,360,50,0,0.00,-1.00
16,361,50,0,0.04,-1.00
16,362,50,0,0.04,-1.00
16,363,50,0,0.04,-1.00
16,364,50,0,0.02,-1.00
16,365,50,0,0.02,-1.00
16,366,50,0,0.02,-1.00
16,367,50,0,0.08,-1.00
16,368,50,0,0.08,-1.00
16,369,50,0,0.12,-1.00
16,370,50,0,0.08,-1.00
16,371,50,0,0.04,-1.00
16,372,50,0,0.08,-1.00
16,373,50,0,0.08,-1.00
16,374,50,0,0.10,-1.00
16,375,50,0,0.10,-1.00
16,376,50,0,0.06,-1.00
16,377,50,0,0.08,-1.00
16,378,50,0,0.10,-1.00
16,379,50,0,0.12,-1.00
16,380,50,0,0.14,-1.00
16,381,50,0,0.18,-1.00
16,382,50,0,0.14,-1.00
16,383,50,0,0.14,-1.00
16,384,50,0,0.10,-1.00
16,385,50,0,0.14,-1.00
16,386,50,0,0.06,-1.00
16,387,50,0,0.08,-1.00
16,388,50,0,0.10,-1.00
16,389,50,0,0.08,-1.00
16,390,50,0,0.20,-1.00
16,391,50,0,0.08,-1.00
16,392,50,0,0.08,-1.00
16,393,50,0,0.10,-1.00
16,394,50,0,0.10,-1.00
16,395,50,0,0.14,-1.00
16,396,50,0,0.06,-1.00
16,397,50,0,0.08,-1.00
16,398,50,0,0.08,-1.00
16,399,50,0,0.02,-1.00
16,400,50,0,0.08,-1.00
16,401,50,0,0.06,-1.00
16,402,50,0,0.04,-1.00
16,403,50,0,0.08,-1.00
16,404,50,0,0.08,-1.00
16,405,50,0,0.14,-1.00
16,406,50,0,0.10,-1.00
16,407,50,0,0.12,-1.00
16,408,50,0,0.08,-1.00
16,409,50,0,0.14,-1.00
16,410,50,0,0.12,-1.00
16,411,50,0,0.08,-1.00
16,412,50,0,0.08,-1.00
16,413,50,0,0.04,-1.00
16,414,50,0,0.06,-1.00
16,415,50,0,0.00,-1.00
16,416,50,0,0.02,-1.00
16,417,50,0,0.02,-1.00
16,418,50,0,0.04,-1.00
16,419,50,0,0.00,-1.00
16,420,50,0,0.02,-1.00
16,421,50,0,0.06,-1.00
16,422,50,0,0.04,-1.00
16,423,50,0,0.04,-1.00
16,424,50,0,0.02,-1.00
16,425,50,0,0.00,-1.00
16,426,50,0,0.00,-1.00
16,427,50,0,0.04,-1.00
16,428,50,0,0.00,-1.00
16,429,50,0,0.00,-1.00
16,430,50,0,0.02,-1.00
16,431,50,0,0.06,-1.00
16,432,50,0,0.12,-1.00
16,433,50,0,0.08,-1.00
16,434,50,0,0.10,-1.00
16,435,50,0,0.10,-1.00
16,436,50,0,0.10,-1.00
16,437,50,0,0.08,-1.00
16,438,50,0,0.14,-1.00
16,439,50,0,0.12,-1.00
16,440,50,0,0.02,-1.00
16,441,50,0,0.02,-1.00
16,442,50,0,0.02,-1.00
16,443,50,0,0.00,-1.00
16,444,50,0,0.00,-1.00
16,445,50,0,0.00,-1.00
16,446,50,0,0.02,-1.00
16,447,50,0,0.02,-1.00
16,448,50,0,0.04,-1.00
16,449,50,0,0.06,-1.00
16,450,50,0,0.10,-1.00
16,451,50,0,0.10,-1.00
16,452,50,0,0.06,-1.00
16,453,50,0,0.04,-1.00
16,454,50,0,0.04,-1.00
16,455,50,0,0.02,-1.00
16,456,50,0,0.02,-1.00
16,457,50,0,0.06,-1.00
16,458,50,0,0.04,-1.00
16,459,50,0,0.10,-1.00
16,460,50,0,0.14,-1.00
16,461,50,0,0.22,-1.00
16,462,50,0,0.20,-1.00
16,463,50,0,0.20,-1.00
16,464,50,0,0.18,-1.00
16,465,50,0,0.12,-1.00
16,466,50,0,0.22,-1.00
16,467,50,0,0.22,-1.00
16,468,50,0,0.24,-1.00
16,469,50,0,0.24,-1.00
16,470,50,0,0.22,-1.00
16,471,50,0,0.24,-1.00
16,472,50,0,0.28,-1.00
16,473,50,0,0.24,-1.00
16,474,50,0,0.18,-1.00
16,475,50,0,0.24,-1.00
16,476,50,0,0.24,-1.00
16,477,50,0,0.24,-1.00
16,478,50,0,0.16,-1.00
16,479,50,0,0.14,-1.00
16,480,50,0,0.10,-1.00
16,481,50,0,0.08,-1.00
16,482,50,0,0.04,-1.00
16,483,50,0,0.02,-1.00
16,484,50,0,0.02,-1.00
16,485,50,0,0.00,-1.00
16,486,50,0,0.00,-1.00
16,487,50,0,0.04,-1.00
16,488,50,0,0.06,-1.00
16,489,50,0,0.12,-1.00
16,490,50,0,0.10,-1.00
16,491,50,0,0.14,-1.00
16,492,50,0,0.24,-1.00
16,493,50,0,0.22,-1.00
16,494,50,0,0.32,-1.00
16,495,50,0,0.28,-1.00
16,496,50,0,0.28,-1.00
16,497,50,0,0.24,-1.00
16,498,50,0,0.30,-1.00
16,499,50,0,0.34,-1.00
16,500,50,0,0.38,-1.00
17,1,50,0,0.00,-1.00
17,2,50,0,0.00,-1.00
17,3,50,0,0.06,-1.00
17,4,50,0,0.10,-1.00
17,5,50,0,0.06,-1.00
17,6,50,0,0.04,-1.00
17,7,50,0,0.06,-1.00
17,8,50,0,0.02,-1.00
17,9,50,0,0.00,-1.00
17,10,50,0,0.00,-1.00
17,11,50,0,0.00,-1.00
17,12,50,0,0.00,-1.00
17,13,50,0,0.00,-1.00
17,14,50,0,0.00,-1.00
17,15,50,0,0.02,-1.00
17,16,50,0,0.04,-1.00
17,17,50,0,0.00,-1.00
17,18,50,0,0.00,-1.00
17,19,50,0,0.00,-1.00
17,20,50,0,0.00,-1.00
17,21,50,0,0.00,-1.00
17,22,50,0,0.06,-1.00
17,23,50,0,0.04,-1.00
17,24,50,0,0.06,-1.00
17,25,50,0,0.02,-1.00
17,26,50,0,0.02,-1.00
17,27,50,0,0.06,-1.00
17,28,50,0,0.08,-1.00
17,29,50,0,0.02,-1.00
17,30,50,0,0.00,-1.00
17,31,50,0,0.00,-1.00
17,32,50,0,0.00,-1.00
17,33,50,0,0.00,-1.00
17,34,50,0,0.00,-1.00
17,35,50,0,0.00,-1.00
17,36,50,0,0.00,-1.00
17,37,50,0,0.04,-1.00
17,38,50,0,0.00,-1.00
17,39,50,0,0.00,-1.00
17,40,50,0,0.00,-1.00
17,41,50,0,0.02,-1.00
17,42,50,0,0.00,-1.00
17,43,50,0,0.00,-1.00
17,44,50,0,0.02,-1.00
17,45,50,0,0.02,-1.00
17,46,50,0,0.04,-1.00
17,47,50,0,0.02,-1.00
17,48,50,0,0.04,-1.00
17,49,50,0,0.04,-1.00
17,50,50,0,0.04,-1.00
17,51,50,0,0.10,-1.00
17,52,50,0,0.08,-1.00
17,53,50,0,0.08,-1.00
17,54,50,0,0.08,-1.00
17,55,50,0,0.14,-1.00
17,56,50,0,0.14,-1.00
17,57,50,0,0.06,-1.00
17,58,50,0,0.04,-1.00
17,59,50,0,0.04,-1.00
17,60,50,0,0.02,-1.00
17,61,50,0,0.00,-1.00
17,62,50,0,0.00,-1.00
17,63,50,0,0.00,-1.00
17,64,50,0,0.00,-1.00
17,65,50,0,0.00,-1.00
17,66,50,0,0.00,-1.00
17,67,50,0,0.04,-1.00
17,68,50,0,0.08,-1.00
17,69,50,0,0.06,-1.00
17,70,50,0,0.08,-1.00
17,71,50,0,0.02,-1.00
17,72,50,0,0.02,-1.00
17,73,50,0,0.04,-1.00
17,74,50,0,0.06,-1.00
17,75,50,0,0.06,-1.00
17,76,50,0,0.12,-1.00
17,77,50,0,0.18,-1.00
17,78,50,0,0.20,-1.00
17,79,50,0,0.10,-1.00
17,80,50,0,0.16,-1.00
17,81,50,0,0.16,-1.00
17,82,50,0,0.24,-1.00
17,83,50,0,0.28,-1.00
17,84,50,0,0.28,-1.00
17,85,50,0,0.22,-1.00
17,86,50,0,0.16,-1.00
17,87,50,0,0.10,-1.00
17,88,50,0,0.14,-1.00
17,89,50,0,0.20,-1.00
17,90,50,0,0.18,-1.00
17,91,50,0,0.12,-1.00
17,92,50,0,0.10,-1.00
17,93,50,0,0.06,-1.00
17,94,50,0,0.02,-1.00
17,95,50,0,0.04,-1.00
17,96,50,0,0.06,-1.00
17,97,50,0,0.12,-1.00
17,98,50,0,0.18,-1.00
17,99,50,0,0.16,-1.00
17,100,50,0,0.20,-1.00
17,101,50,0,0.22,-1.00
17,102,50,0,0.14,-1.00
17,103,50,0,0.10,-1.00
17,104,50,0,0.16,-1.00
17,105,50,0,0.12,-1.00
17,106,50,0,0.10,-1.00
17,107,50,0,0.18,-1.00
17,108,50,0,0.18,-1.00
17,109,50,0,0.22,-1.00
17,110,50,0,0.14,-1.00
17,111,50,0,0.08,-1.00
17,112,50,0,0.12,-1.00
17,113,50,0,0.04,-1.00
17,114,50,0,0.08,-1.00
17,115,50,0,0.06,-1.00
17,116,50,0,0.08,-1.00
17,117,50,0,0.04,-1.00
17,118,50,0,0.12,-1.00
17,119,50,0,0.08,-1.00
17,120,50,0,0.08,-1.00
17,121,50,0,0.02,-1.00
17,122,50,0,0.02,-1.00
17,123,50,0,0.04,-1.00
17,124,50,0,0.08,-1.00
17,125,50,0,0.08,-1.00
17,126,50,0,0.06,-1.00
17,127,50,0,0.14,-1.00
17,128,50,0,0.14,-1.00
17,129,50,0,0.14,-1.00
17,130,50,0,0.14,-1.00
17,131,50,0,0.12,-1.00
17,132,50,0,0.12,-1.00
17,133,50,0,0.14,-1.00
17,134,50,0,0.08,-1.00
17,135,50,0,0.06,-1.00
17,136,50,0,0.02,-1.00
17,137,50,0,0.04,-1.00
17,138,50,0,0.08,-1.00
17,139,50,0,0.16,-1.00
17,140,50,0,0.16,-1.00
17,141,50,0,0.04,-1.00
17,142,50,0,0.00,-1.00
17,143,50,0,0.04,-1.00
17,144,50,0,0.02,-1.00
17,145,50,0,0.02,-1.00
17,146,50,0,0.02,-1.00
17,147,50,0,0.04,-1.00
17,148,50,0,0.08,-1.00
17,149,50,0,0.06,-1.00
17,150,50,0,0.12,-1.00
17,151,50,0,0.18,-1.00
17,152,50,0,0.06,-1.00
17,153,50,0,0.20,-1.00
17,154,50,0,0.10,-1.00
17,155,50,0,0.02,-1.00
17,156,50,0,0.00,-1.00
17,157,50,0,0.02,-1.00
17,158,50,0,0.00,-1.00
17,159,50,0,0.00,-1.00
17,160,50,0,0.00,-1.00
17,161,50,0,0.00,-1.00
17,162,50,0,0.00,-1.00
17,163,50,0,0.00,-1.00
17,164,50,0,0.00,-1.00
17,165,50,0,0.00,-1.00
17,166,50,0,0.00,-1.00
17,167,50,0,0.00,-1.00
17,168,50,0,0.00,-1.00
17,169,50,0,0.00,-1.00
17,170,50,0,0.04,-1.00
17,171,50,0,0.06,-1.00
17,172,50,0,0.08,-1.00
17,173,50,0,0.10,-1.00
17,174,50,0,0.08,-1.00
17,175,50,0,0.10,-1.00
17,176,50,0,0.12,-1.00
17,177,50,0,0.24,-1.00
17,178,50,0,0.22,-1.00
17,179,50,0,0.22,-1.00
17,180,50,0,0.30,-1.00
17,181,50,0,0.22,-1.00
17,182,50,0,0.34,-1.00
17,183,50,0,0.28,-1.00
17,184,50,0,0.28,-1.00
17,185,50,0,0.22,-1.00
17,186,50,0,0.22,-1.00
17,187,50,0,0.16,-1.00
17,188,50,0,0.18,-1.00
17,189,50,0,0.16,-1.00
17,190,50,0,0.16,-1.00
17,191,50,0,0.12,-1.00
17,192,50,0,0.18,-1.00
17,193,50,0,0.28,-1.00
17,194,50,0,0.32,-1.00
17,195,50,0,0.40,-1.00
17,196,50,0,0.34,-1.00
17,197,50,0,0.32,-1.00
17,198,50,0,0.38,-1.00
17,199,50,0,0.36,-1.00
17,200,50,0,0.38,-1.00
17,201,50,0,0.46,-1.00
17,202,50,0,0.44,-1.00
17,203,50,0,0.52,-1.00
17,204,50,0,0.58,-1.00
17,205,50,0,0.50,-1.00
17,206,50,0,0.60,-1.00
17,207,50,0,0.60,-1.00
17,208,50,0,0.56,-1.00
17,209,50,0,0.54,-1.00
17,210,50,0,0.52,-1.00
17,211,50,0,0.50,-1.00
17,212,50,0,0.38,-1.00
17,213,50,0,0.36,-1.00
17,214,50,0,0.30,-1.00
17,215,50,0,0.22,-1.00
17,216,50,0,0.18,-1.00
17,217,50,0,0.14,-1.00
17,218,50,0,0.08,-1.00
17,219,50,0,0.06,-1.00
17,220,50,0,0.06,-1.00
17,221,50,0,0.06,-1.00
17,222,50,0,0.08,-1.00
17,223,50,0,0.08,-1.00
17,224,50,0,0.12,-1.00
17,225,50,0,0.10,-1.00
17,226,50,0,0.04,-1.00
17,227,50,0,0.00,-1.00
17,228,50,0,0.00,-1.00
17,229,50,0,0.08,-1.00
17,230,50,0,0.12,-1.00
17,231,50,0,0.04,-1.00
17,232,50,0,0.08,-1.00
17,233,50,0,0.14,-1.00
17,234,50,0,0.14,-1.00
17,235,50,0,0.14,-1.00
17,236,50,0,0.14,-1.00
17,237,50,0,0.14,-1.00
17,238,50,0,0.16,-1.00
17,239,50,0,0.22,-1.00
17,240,50,0,0.22,-1.00
17,241,50,0,0.36,-1.00
17,242,50,0,0.40,-1.00
17,243,50,0,0.38,-1.00
17,244,50,0,0.42,-1.00
17,245,50,0,0.36,-1.00
17,246,50,0,0.32,-1.00
17,247,50,0,0.26,-1.00
17,248,50,0,0.26,-1.00
17,249,50,0,0.26,-1.00
17,250,50,0,0.28,-1.00
17,251,50,0,0.18,-1.00
17,252,50,0,0.22,-1.00
17,253,50,0,0.30,-1.00
17,254,50,0,0.32,-1.00
17,255,50,0,0.26,-1.00
17,256,50,0,0.36,-1.00
17,257,50,0,0.32,-1.00
17,258,50,0,0.36,-1.00
17,259,50,0,0.36,-1.00
17,260,50,0,0.24,-1.00
17,261,50,0,0.18,-1.00
17,262,50,0,0.20,-1.00
17,263,50,0,0.14,-1.00
17,264,50,0,0.18,-1.00
17,265,50,0,0.20,-1.00
17,266,50,0,0.22,-1.00
17,267,50,0,0.22,-1.00
17,268,50,0,0.22,-1.00
17,269,50,0,0.26,-1.00
17,270,50,0,0.24,-1.00
17,271,50,0,0.22,-1.00
17,272,50,0,0.14,-1.00
17,273,50,0,0.06,-1.00
17,274,50,0,0.06,-1.00
17,275,50,0,0.02,-1.00
17,276,50,0,0.02,-1.00
17,277,50,0,0.00,-1.00
17,278,50,0,0.00,-1.00
17,279,50,0,0.04,-1.00
17,280,50,0,0.04,-1.00
17,281,50,0,0.08,-1.00
17,282,50,0,0.04,-1.00
17,283,50,0,0.04,-1.00
17,284,50,0,0.06,-1.00
17,285,50,0,0.04,-1.00
17,286,50,0,0.06,-1.00
17,287,50,0,0.02,-1.00
17,288,50,0,0.04,-1.00
17,289,50,0,0.02,-1.00
17,290,50,0,0.04,-1.00
17,291,50,0,0.00,-1.00
17,292,50,0,0.00,-1.00
17,293,50,0,0.00,-1.00
17,294,50,0,0.00,-1.00
17,295,50,0,0.00,-1.00
17,296,50,0,0.00,-1.00
17,297,50,0,0.02,-1.00
17,298,50,0,0.06,-1.00
17,299,50,0,0.12,-1.00
17,300,50,0,0.10,-1.00
17,301,50,0,0.04,-1.00
17,302,50,0,0.02,-1.00
17,303,50,0,0.00,-1.00
17,304,50,0,0.00,-1.00
17,305,50,0,0.02,-1.00
17,306,50,0,0.10,-1.00
17,307,50,0,0.08,-1.00
17,308,50,0,0.12,-1.00
17,309,50,0,0.14,-1.00
17,310,50,0,0.16,-1.00
17,311,50,0,0.18,-1.00
17,312,50,0,0.12,-1.00
17,313,50,0,0.16,-1.00
17,314,50,0,0.10,-1.00
17,315,50,0,0.10,-1.00
17,316,50,0,0.08,-1.00
17,317,50,0,0.10,-1.00
17,318,50,0,0.10,-1.00
17,319,50,0,0.04,-1.00
17,320,50,0,0.02,-1.00
17,321,50,0,0.02,-1.00
17,322,50,0,0.04,-1.00
17,323,50,0,0.02,-1.00
17,324,50,0,0.02,-1.00
17,325,50,0,0.04,-1.00
17,326,50,0,0.00,-1.00
17,327,50,0,0.00,-1.00
17,328,50,0,0.04,-1.00
17,329,50,0,0.02,-1.00
17,330,50,0,0.00,-1.00
17,331,50,0,0.02,-1.00
17,332,50,0,0.00,-1.00
17,333,50,0,0.02,-1.00
17,334,50,0,0.04,-1.00
17,335,50,0,0.02,-1.00
17,336,50,0,0.00,-1.00
17,337,50,0,0.00,-1.00
17,338,50,0,0.02,-1.00
17,339,50,0,0.00,-1.00
17,340,50,0,0.00,-1.00
17,341,50,0,0.00,-1.00
17,342,50,0,0.04,-1.00
17,343,50,0,0.00,-1.00
17,344,50,0,0.00,-1.00
17,345,50,0,0.00,-1.00
17,346,50,0,0.02,-1.00
17,347,50,0,0.04,-1.00
17,348,50,0,0.02,-1.00
17,349,50,0,0.02,-1.00
17,350,50,0,0.02,-1.00
17,351,50,0,0.04,-1.00
17,352,50,0,0.04,-1.00
17,353,50,0,0.02,-1.00
17,354,50,0,0.00,-1.00
17,355,50,0,0.02,-1.00
17,356,50,0,0.00,-1.00
17,357,50,0,0.00,-1.00
17,358,50,0,0.00,-1.00
17,359,50,0,0.00,-1.00
17,360,50,0,0.02,-1.00
17,361,50,0,0.02,-1.00
17,362,50,0,0.00,-1.00
17,363,50,0,0.00,-1.00
17,364,50,0,0.00,-1.00
17,365,50,0,0.00,-1.00
17,366,50,0,0.00,-1.00
17,367,50,0,0.04,-1.00
17,368,50,0,0.06,-1.00
17,369,50,0,0.10,-1.00
17,370,50,0,0.08,-1.00
17,371,50,0,0.06,-1.00
17,372,50,0,0.06,-1.00
17,373,50,0,0.06,-1.00
17,374,50,0,0.06,-1.00
17,375,50,0,0.04,-1.00
17,376,50,0,0.10,-1.00
17,377,50,0,0.06,-1.00
17,378,50,0,0.06,-1.00
17,379,50,0,0.06,-1.00
17,380,50,0,0.06,-1.00
17,381,50,0,0.14,-1.00
17,382,50,0,0.14,-1.00
17,383,50,0,0.26,-1.00
17,384,50,0,0.22,-1.00
17,385,50,0,0.26,-1.00
17,386,50,0,0.20,-1.00
17,387,50,0,0.18,-1.00
17,388,50,0,0.06,-1.00
17,389,50,0,0.00,-1.00
17,390,50,0,0.04,-1.00
17,391,50,0,0.02,-1.00
17,392,50,0,0.02,-1.00
17,393,50,0,0.02,-1.00
17,394,50,0,0.02,-1.00
17,395,50,0,0.00,-1.00
17,396,50,0,0.00,-1.00
17,397,50,0,0.00,-1.00
17,398,50,0,0.00,-1.00
17,399,50,0,0.08,-1.00
17,400,50,0,0.06,-1.00
17,401,50,0,0.06,-1.00
17,402,50,0,0.08,-1.00
17,403,50,0,0.14,-1.00
17,404,50,0,0.14,-1.00
17,405,50,0,0.14,-1.00
17,406,50,0,0.06,-1.00
17,407,50,0,0.04,-1.00
17,408,50,0,0.06,-1.00
17,409,50,0,0.08,-1.00
17,410,50,0,0.08,-1.00
17,411,50,0,0.14,-1.00
17,412,50,0,0.16,-1.00
17,413,50,0,0.30,-1.00
17,414,50,0,0.20,-1.00
17,415,50,0,0.16,-1.00
17,416,50,0,0.16,-1.00
17,417,50,0,0.16,-1.00
17,418,50,0,0.24,-1.00
17,419,50,0,0.14,-1.00
17,420,50,0,0.08,-1.00
17,421,50,0,0.08,-1.00
17,422,50,0,0.06,-1.00
17,423,50,0,0.12,-1.00
17,424,50,0,0.10,-1.00
17,425,50,0,0.12,-1.00
17,426,50,0,0.10,-1.00
17,427,50,0,0.06,-1.00
17,428,50,0,0.02,-1.00
17,429,50,0,0.02,-1.00
17,430,50,0,0.00,-1.00
17,431,50,0,0.00,-1.00
17,432,50,0,0.04,-1.00
17,433,50,0,0.08,-1.00
17,434,50,0,0.06,-1.00
17,435,50,0,0.00,-1.00
17,436,50,0,0.00,-1.00
17,437,50,0,0.00,-1.00
17,438,50,0,0.00,-1.00
17,439,50,0,0.02,-1.00
17,440,50,0,0.02,-1.00
17,441,50,0,0.02,-1.00
17,442,50,0,0.02,-1.00
17,443,50,0,0.00,-1.00
17,444,50,0,0.00,-1.00
17,445,50,0,0.00,-1.00
17,446,50,0,0.00,-1.00
17,447,50,0,0.04,-1.00
17,448,50,0,0.02,-1.00
17,449,50,0,0.02,-1.00
17,450,50,0,0.08,-1.00
17,451,50,0,0.04,-1.00
17,452,50,0,0.08,-1.00
17,453,50,0,0.08,-1.00
17,454,50,0,0.08,-1.00
17,455,50,0,0.14,-1.00
17,456,50,0,0.22,-1.00
17,457,50,0,0.30,-1.00
17,458,50,0,0.24,-1.00
17,459,50,0,0.30,-1.00
17,460,50,0,0.22,-1.00
17,461,50,0,0.10,-1.00
17,462,50,0,0.02,-1.00
17,463,50,0,0.00,-1.00
17,464,50,0,0.00,-1.00
17,465,50,0,0.04,-1.00
17,466,50,0,0.04,-1.00
17,467,50,0,0.00,-1.00
17,468,50,0,0.04,-1.00
17,469,50,0,0.06,-1.00
17,470,50,0,0.06,-1.00
17,471,50,0,0.08,-1.00
17,472,50,0,0.16,-1.00
17,473,50,0,0.18,-1.00
17,474,50,0,0.16,-1.00
17,475,50,0,0.18,-1.00
17,476,50,0,0.14,-1.00
17,477,50,0,0.22,-1.00
17,478,50,0,0.16,-1.00
17,479,50,0,0.08,-1.00
17,480,50,0,0.10,-1.00
17,481,50,0,0.00,-1.00
17,482,50,0,0.04,-1.00
17,483,50,0,0.04,-1.00
17,484,50,0,0.06,-1.00
17,485,50,0,0.06,-1.00
17,486,50,0,0.06,-1.00
17,487,50,0,0.04,-1.00
17,488,50,0,0.00,-1.00
17,489,50,0,0.02,-1.00
17,490,50,0,0.02,-1.00
17,491,50,0,0.00,-1.00
17,492,50,0,0.00,-1.00
17,493,50,0,0.00,-1.00
17,494,50,0,0.00,-1.00
17,495,50,0,0.00,-1.00
17,496,50,0,0.00,-1.00
17,497,50,0,0.00,-1.00
17,498,50,0,0.00,-1.00
17,499,50,0,0.02,-1.00
17,500,50,0,0.00,-1.00
18,1,50,0,0.00,-1.00
18,2,50,0,0.00,-1.00
18,3,50,0,0.00,-1.00
18,4,50,0,0.00,-1.00
18,5,50,0,0.04,-1.00
18,6,50,0,0.02,-1.00
18,7,50,0,0.00,-1.00
18,8,50,0,0.00,-1.00
18,9,50,0,0.00,-1.00
18,10,50,0,0.00,-1.00
18,11,50,0,0.00,-1.00
18,12,50,0,0.00,-1.00
18,13,50,0,0.04,-1.00
18,14,50,0,0.02,-1.00
18,15,50,0,0.00,-1.00
18,16,50,0,0.00,-1.00
18,17,50,0,0.00,-1.00
18,18,50,0,0.02,-1.00
18,19,50,0,0.00,-1.00
18,20,50,0,0.00,-1.00
18,21,50,0,0.00,-1.00
18,22,50,0,0.12,-1.00
18,23,50,0,0.16,-1.00
18,24,50,0,0.16,-1.00
18,25,50,0,0.12,-1.00
18,26,50,0,0.16,-1.00
18,27,50,0,0.14,-1.00
18,28,50,0,0.12,-1.00
18,29,50,0,0.02,-1.00
18,30,50,0,0.00,-1.00
18,31,50,0,0.00,-1.00
18,32,50,0,0.02,-1.00
18,33,50,0,0.00,-1.00
18,34,50,0,0.00,-1.00
18,35,50,0,0.00,-1.00
18,36,50,0,0.00,-1.00
18,37,50,0,0.04,-1.00
18,38,50,0,0.02,-1.00
18,39,50,0,0.00,-1.00
18,40,50,0,0.00,-1.00
18,41,50,0,0.04,-1.00
18,42,50,0,0.02,-1.00
18,43,50,0,0.00,-1.00
18,44,50,0,0.00,-1.00
18,45,50,0,0.02,-1.00
18,46,50,0,0.00,-1.00
18,47,50,0,0.02,-1.00
18,48,50,0,0.04,-1.00
18,49,50,0,0.00,-1.00
18,50,50,0,0.00,-1.00
18,51,50,0,0.00,-1.00
18,52,50,0,0.00,-1.00
18,53,50,0,0.00,-1.00
18,54,50,0,0.04,-1.00
18,55,50,0,0.14,-1.00
18,56,50,0,0.14,-1.00
18,57,50,0,0.14,-1.00
18,58,50,0,0.24,-1.00
18,59,50,0,0.26,-1.00
18,60,50,0,0.28,-1.00
18,61,50,0,0.32,-1.00
18,62,50,0,0.28,-1.00
18,63,50,0,0.28,-1.00
18,64,50,0,0.30,-1.00
18,65,50,0,0.42,-1.00
18,66,50,0,0.32,-1.00
18,67,50,0,0.24,-1.00
18,68,50,0,0.26,-1.00
18,69,50,0,0.28,-1.00
18,70,50,0,0.18,-1.00
18,71,50,0,0.12,-1.00
18,72,50,0,0.28,-1.00
18,73,50,0,0.30,-1.00
18,74,50,0,0.32,-1.00
18,75,50,0,0.28,-1.00
18,76,50,0,0.18,-1.00
18,77,50,0,0.22,-1.00
18,78,50,0,0.24,-1.00
18,79,50,0,0.28,-1.00
18,80,50,0,0.36,-1.00
18,81,50,0,0.24,-1.00
18,82,50,0,0.20,-1.00
18,83,50,0,0.16,-1.00
18,84,50,0,0.26,-1.00
18,85,50,0,0.26,-1.00
18,86,50,0,0.24,-1.00
18,87,50,0,0.12,-1.00
18,88,50,0,0.10,-1.00
18,89,50,0,0.08,-1.00
18,90,50,0,0.14,-1.00
18,91,50,0,0.10,-1.00
18,92,50,0,0.12,-1.00
18,93,50,0,0.16,-1.00
18,94,50,0,0.24,-1.00
18,95,50,0,0.26,-1.00
18,96,50,0,0.26,-1.00
18,97,50,0,0.28,-1.00
18,98,50,0,0.22,-1.00
18,99,50,0,0.16,-1.00
18,100,50,0,0.22,-1.00
18,101,50,0,0.30,-1.00
18,102,50,0,0.26,-1.00
18,103,50,0,0.24,-1.00
18,104,50,0,0.28,-1.00
18,105,50,0,0.22,-1.00
18,106,50,0,0.32,-1.00
18,107,50,0,0.28,-1.00
18,108,50,0,0.26,-1.00
18,109,50,0,0.24,-1.00
18,110,50,0,0.20,-1.00
18,111,50,0,0.30,-1.00
18,112,50,0,0.30,-1.00
18,113,50,0,0.34,-1.00
18,114,50,0,0.22,-1.00
18,115,50,0,0.18,-1.00
18,116,50,0,0.12,-1.00
18,117,50,0,0.12,-1.00
18,118,50,0,0.14,-1.00
18,119,50,0,0.08,-1.00
18,120,50,0,0.02,-1.00
18,121,50,0,0.00,-1.00
18,122,50,0,0.00,-1.00
18,123,50,0,0.00,-1.00
18,124,50,0,0.00,-1.00
18,125,50,0,0.04,-1.00
18,126,50,0,0.08,-1.00
18,127,50,0,0.06,-1.00
18,128,50,0,0.10,-1.00
18,129,50,0,0.10,-1.00
18,130,50,0,0.10,-1.00
18,131,50,0,0.12,-1.00
18,132,50,0,0.22,-1.00
18,133,50,0,0.22,-1.00
18,134,50,0,0.22,-1.00
18,135,50,0,0.22,-1.00
18,136,50,0,0.20,-1.00
18,137,50,0,0.34,-1.00
18,138,50,0,0.30,-1.00
18,139,50,0,0.24,-1.00
18,140,50,0,0.22,-1.00
18,141,50,0,0.28,-1.00
18,142,50,0,0.38,-1.00
18,143,50,0,0.48,-1.00
18,144,50,0,0.52,-1.00
18,145,50,0,0.52,-1.00
18,146,50,0,0.50,-1.00
18,147,50,0,0.40,-1.00
18,148,50,0,0.50,-1.00
18,149,50,0,0.42,-1.00
18,150,50,0,0.56,-1.00
18,151,50,0,0.60,-1.00
18,152,50,0,0.64,-1.00
18,153,50,0,0.60,-1.00
18,154,50,0,0.56,-1.00
18,155,50,0,0.60,-1.00
18,156,50,0,0.70,-1.00
18,157,50,0,0.70,-1.00
18,158,50,0,0.76,-1.00
18,159,50,0,0.72,-1.00
18,160,50,0,0.54,-1.00
18,161,50,0,0.56,-1.00
18,162,50,0,0.56,-1.00
18,163,50,0,0.66,-1.00
18,164,50,0,0.60,-1.00
18,165,50,0,0.66,-1.00
18,166,50,0,0.64,-1.00
18,167,50,0,0.66,-1.00
18,168,50,0,0.56,-1.00
18,169,50,0,0.58,-1.00
18,170,50,0,0.54,-1.00
18,171,50,0,0.52,-1.00
18,172,50,0,0.46,-1.00
18,173,50,0,0.44,-1.00
18,174,50,0,0.42,-1.00
18,175,50,0,0.36,-1.00
18,176,50,0,0.26,-1.00
18,177,50,0,0.22,-1.00
18,178,50,0,0.16,-1.00
18,179,50,0,0.16,-1.00
18,180,50,0,0.22,-1.00
18,181,50,0,0.22,-1.00
18,182,50,0,0.12,-1.00
18,183,50,0,0.12,-1.00
18,184,50,0,0.08,-1.00
18,185,50,0,0.06,-1.00
18,186,50,0,0.04,-1.00
18,187,50,0,0.04,-1.00
18,188,50,0,0.06,-1.00
18,189,50,0,0.02,-1.00
18,190,50,0,0.02,-1.00
18,191,50,0,0.02,-1.00
18,192,50,0,0.04,-1.00
18,193,50,0,0.04,-1.00
18,194,50,0,0.06,-1.00
18,195,50,0,0.02,-1.00
18,196,50,0,0.02,-1.00
18,197,50,0,0.02,-1.00
18,198,50,0,0.02,-1.00
18,199,50,0,0.02,-1.00
18,200,50,0,0.04,-1.00
18,201,50,0,0.06,-1.00
18,202,50,0,0.04,-1.00
18,203,50,0,0.08,-1.00
18,204,50,0,0.20,-1.00
18,205,50,0,0.18,-1.00
18,206,50,0,0.14,-1.00
18,207,50,0,0.10,-1.00
18,208,50,0,0.04,-1.00
18,209,50,0,0.06,-1.00
18,210,50,0,0.06,-1.00
18,211,50,0,0.16,-1.00
18,212,50,0,0.08,-1.00
18,213,50,0,0.08,-1.00
18,214,50,0,0.08,-1.00
18,215,50,0,0.06,-1.00
18,216,50,0,0.10,-1.00
18,217,50,0,0.04,-1.00
18,218,50,0,0.10,-1.00
18,219,50,0,0.10,-1.00
18,220,50,0,0.08,-1.00
18,221,50,0,0.12,-1.00
18,222,50,0,0.04,-1.00
18,223,50,0,0.02,-1.00
18,224,50,0,0.00,-1.00
18,225,50,0,0.00,-1.00
18,226,50,0,0.04,-1.00
18,227,50,0,0.08,-1.00
18,228,50,0,0.02,-1.00
18,229,50,0,0.00,-1.00
18,230,50,0,0.02,-1.00
18,231,50,0,0.00,-1.00
18,232,50,0,0.00,-1.00
18,233,50,0,0.06,-1.00
18,234,50,0,0.02,-1.00
18,235,50,0,0.02,-1.00
18,236,50,0,0.02,-1.00
18,237,50,0,0.02,-1.00
18,238,50,0,0.02,-1.00
18,239,50,0,0.04,-1.00
18,240,50,0,0.00,-1.00
18,241,50,0,0.00,-1.00
18,242,50,0,0.00,-1.00
18,243,50,0,0.00,-1.00
18,244,50,0,0.00,-1.00
18,245,50,0,0.00,-1.00
18,246,50,0,0.00,-1.00
18,247,50,0,0.00,-1.00
18,248,50,0,0.04,-1.00
18,249,50,0,0.08,-1.00
18,250,50,0,0.06,-1.00
18,251,50,0,0.06,-1.00
18,252,50,0,0.02,-1.00
18,253,50,0,0.00,-1.00
18,254,50,0,0.00,-1.00
18,255,50,0,0.02,-1.00
18,256,50,0,0.04,-1.00
18,257,50,0,0.00,-1.00
18,258,50,0,0.00,-1.00
18,259,50,0,0.00,-1.00
18,260,50,0,0.00,-1.00
18,261,50,0,0.00,-1.00
18,262,50,0,0.00,-1.00
18,263,50,0,0.00,-1.00
18,264,50,0,0.00,-1.00
18,265,50,0,0.00,-1.00
18,266,50,0,0.02,-1.00
18,267,50,0,0.12,-1.00
18,268,50,0,0.18,-1.00
18,269,50,0,0.10,-1.00
18,270,50,0,0.08,-1.00
18,271,50,0,0.10,-1.00
18,272,50,0,0.08,-1.00
18,273,50,0,0.06,-1.00
18,274,50,0,0.08,-1.00
18,275,50,0,0.06,-1.00
18,276,50,0,0.08,-1.00
18,277,50,0,0.08,-1.00
18,278,50,0,0.10,-1.00
18,279,50,0,0.14,-1.00
18,280,50,0,0.20,-1.00
18,281,50,0,0.20,-1.00
18,282,50,0,0.20,-1.00
18,283,50,0,0.12,-1.00
18,284,50,0,0.14,-1.00
18,285,50,0,0.18,-1.00
18,286,50,0,0.16,-1.00
18,287,50,0,0.08,-1.00
18,288,50,0,0.14,-1.00
18,289,50,0,0.28,-1.00
18,290,50,0,0.24,-1.00
18,291,50,0,0.16,-1.00
18,292,50,0,0.20,-1.00
18,293,50,0,0.22,-1.00
18,294,50,0,0.16,-1.00
18,295,50,0,0.14,-1.00
18,296,50,0,0.16,-1.00
18,297,50,0,0.08,-1.00
18,298,50,0,0.04,-1.00
18,299,50,0,0.04,-1.00
18,300,50,0,0.02,-1.00
18,301,50,0,0.04,-1.00
18,302,50,0,0.06,-1.00
18,303,50,0,0.02,-1.00
18,304,50,0,0.04,-1.00
18,305,50,0,0.04,-1.00
18,306,50,0,0.06,-1.00
18,307,50,0,0.06,-1.00
18,308,50,0,0.06,-1.00
18,309,50,0,0.06,-1.00
18,310,50,0,0.02,-1.00
18,311,50,0,0.00,-1.00
18,312,50,0,0.00,-1.00
18,313,50,0,0.00,-1.00
18,314,50,0,0.00,-1.00
18,315,50,0,0.02,-1.00
18,316,50,0,0.00,-1.00
18,317,50,0,0.00,-1.00
18,318,50,0,0.00,-1.00
18,319,50,0,0.00,-1.00
18,320,50,0,0.02,-1.00
18,321,50,0,0.04,-1.00
18,322,50,0,0.06,-1.00
18,323,50,0,0.04,-1.00
18,324,50,0,0.02,-1.00
18,325,50,0,0.00,-1.00
18,326,50,0,0.00,-1.00
18,327,50,0,0.00,-1.00
18,328,50,0,0.02,-1.00
18,329,50,0,0.06,-1.00
18,330,50,0,0.04,-1.00
18,331,50,0,0.02,-1.00
18,332,50,0,0.02,-1.00
18,333,50,0,0.04,-1.00
18,334,50,0,0.08,-1.00
18,335,50,0,0.04,-1.00
18,336,50,0,0.04,-1.00
18,337,50,0,0.12,-1.00
18,338,50,0,0.12,-1.00
18,339,50,0,0.12,-1.00
18,340,50,0,0.16,-1.00
18,341,50,0,0.20,-1.00
18,342,50,0,0.20,-1.00
18,343,50,0,0.26,-1.00
18,344,50,0,0.24,-1.00
18,345,50,0,0.26,-1.00
18,346,50,0,0.30,-1.00
18,347,50,0,0.38,-1.00
18,348,50,0,0.38,-1.00
18,349,50,0,0.34,-1.00
18,350,50,0,0.36,-1.00
18,351,50,0,0.24,-1.00
18,352,50,0,0.22,-1.00
18,353,50,0,0.26,-1.00
18,354,50,0,0.14,-1.00
18,355,50,0,0.16,-1.00
18,356,50,0,0.12,-1.00
18,357,50,0,0.10,-1.00
18,358,50,0,0.14,-1.00
18,359,50,0,0.10,-1.00
18,360,50,0,0.10,-1.00
18,361,50,0,0.12,-1.00
18,362,50,0,0.06,-1.00
18,363,50,0,0.06,-1.00
18,364,50,0,0.00,-1.00
18,365,50,0,0.04,-1.00
18,366,50,0,0.02,-1.00
18,367,50,0,0.02,-1.00
18,368,50,0,0.06,-1.00
18,369,50,0,0.06,-1.00
18,370,50,0,0.06,-1.00
18,371,50,0,0.04,-1.00
18,372,50,0,0.06,-1.00
18,373,50,0,0.06,-1.00
18,374,50,0,0.06,-1.00
18,375,50,0,0.06,-1.00
18,376,50,0,0.02,-1.00
18,377,50,0,0.04,-1.00
18,378,50,0,0.00,-1.00
18,379,50,0,0.00,-1.00
18,380,50,0,0.00,-1.00
18,381,50,0,0.00,-1.00
18,382,50,0,0.04,-1.00
18,383,50,0,0.06,-1.00
18,384,50,0,0.04,-1.00
18,385,50,0,0.04,-1.00
18,386,50,0,0.00,-1.00
18,387,50,0,0.00,-1.00
18,388,50,0,0.00,-1.00
18,389,50,0,0.02,-1.00
18,390,50,0,0.00,-1.00
18,391,50,0,0.06,-1.00
18,392,50,0,0.06,-1.00
18,393,50,0,0.06,-1.00
18,394,50,0,0.10,-1.00
18,395,50,0,0.10,-1.00
18,396,50,0,0.02,-1.00
18,397,50,0,0.02,-1.00
18,398,50,0,0.02,-1.00
18,399,50,0,0.02,-1.00
18,400,50,0,0.00,-1.00
18,401,50,0,0.02,-1.00
18,402,50,0,0.02,-1.00
18,403,50,0,0.02,-1.00
18,404,50,0,0.00,-1.00
18,405,50,0,0.00,-1.00
18,406,50,0,0.06,-1.00
18,407,50,0,0.06,-1.00
18,408,50,0,0.10,-1.00
18,409,50,0,0.14,-1.00
18,410,50,0,0.16,-1.00
18,411,50,0,0.14,-1.00
18,412,50,0,0.06,-1.00
18,413,50,0,0.10,-1.00
18,414,50,0,0.10,-1.00
18,415,50,0,0.06,-1.00
18,416,50,0,0.02,-1.00
18,417,50,0,0.02,-1.00
18,418,50,0,0.04,-1.00
18,419,50,0,0.02,-1.00
18,420,50,0,0.06,-1.00
18,421,50,0,0.02,-1.00
18,422,50,0,0.08,-1.00
18,423,50,0,0.12,-1.00
18,424,50,0,0.28,-1.00
18,425,50,0,0.32,-1.00
18,426,50,0,0.42,-1.00
18,427,50,0,0.22,-1.00
18,428,50,0,0.20,-1.00
18,429,50,0,0.22,-1.00
18,430,50,0,0.20,-1.00
18,431,50,0,0.24,-1.00
18,432,50,0,0.30,-1.00
18,433,50,0,0.28,-1.00
18,434,50,0,0.20,-1.00
18,435,50,0,0.18,-1.00
18,436,50,0,0.14,-1.00
18,437,50,0,0.04,-1.00
18,438,50,0,0.02,-1.00
18,439,50,0,0.02,-1.00
18,440,50,0,0.02,-1.00
18,441,50,0,0.00,-1.00
18,442,50,0,0.00,-1.00
18,443,50,0,0.02,-1.00
18,444,50,0,0.04,-1.00
18,445,50,0,0.08,-1.00
18,446,50,0,0.16,-1.00
18,447,50,0,0.14,-1.00
18,448,50,0,0.22,-1.00
18,449,50,0,0.20,-1.00
18,450,50,0,0.16,-1.00
18,451,50,0,0.14,-1.00
18,452,50,0,0.16,-1.00
18,453,50,0,0.14,-1.00
18,454,50,0,0.18,-1.00
18,455,50,0,0.12,-1.00
18,456,50,0,0.10,-1.00
18,457,50,0,0.10,-1.00
18,458,50,0,0.04,-1.00
18,459,50,0,0.02,-1.00
18,460,50,0,0.10,-1.00
18,461,50,0,0.10,-1.00
18,462,50,0,0.10,-1.00
18,463,50,0,0.22,-1.00
18,464,50,0,0.24,-1.00
18,465,50,0,0.24,-1.00
18,466,50,0,0.26,-1.00
18,467,50,0,0.22,-1.00
18,468,50,0,0.14,-1.00
18,469,50,0,0.08,-1.00
18,470,50,0,0.08,-1.00
18,471,50,0,0.22,-1.00
18,472,50,0,0.10,-1.00
18,473,50,0,0.14,-1.00
18,474,50,0,0.12,-1.00
18,475,50,0,0.06,-1.00
18,476,50,0,0.04,-1.00
18,477,50,0,0.02,-1.00
18,478,50,0,0.02,-1.00
18,479,50,0,0.02,-1.00
18,480,50,0,0.00,-1.00
18,481,50,0,0.08,-1.00
18,482,50,0,0.12,-1.00
18,483,50,0,0.06,-1.00
18,484,50,0,0.06,-1.00
18,485,50,0,0.04,-1.00
18,486,50,0,0.04,-1.00
18,487,50,0,0.06,-1.00
18,488,50,0,0.02,-1.00
18,489,50,0,0.02,-1.00
18,490,50,0,0.04,-1.00
18,491,50,0,0.08,-1.00
18,492,50,0,0.08,-1.00
18,493,50,0,0.26,-1.00
18,494,50,0,0.26,-1.00
18,495,50,0,0.20,-1.00
18,496,50,0,0.20,-1.00
18,497,50,0,0.10,-1.00
18,498,50,0,0.10,-1.00
18,499,50,0,0.02,-1.00
18,500,50,0,0.00,-1.00
19,1,50,0,0.04,-1.00
19,2,50,0,0.08,-1.00
19,3,50,0,0.08,-1.00
19,4,50,0,0.06,-1.00
19,5,50,0,0.06,-1.00
19,6,50,0,0.06,-1.00
19,7,50,0,0.06,-1.00
19,8,50,0,0.08,-1.00
19,9,50,0,0.04,-1.00
19,10,50,0,0.04,-1.00
19,11,50,0,0.02,-1.00
19,12,50,0,0.00,-1.00
19,13,50,0,0.00,-1.00
19,14,50,0,0.00,-1.00
19,15,50,0,0.02,-1.00
19,16,50,0,0.02,-1.00
19,17,50,0,0.00,-1.00
19,18,50,0,0.06,-1.00
19,19,50,0,0.02,-1.00
19,20,50,0,0.08,-1.00
19,21,50,0,0.04,-1.00
19,22,50,0,0.02,-1.00
19,23,50,0,0.06,-1.00
19,24,50,0,0.00,-1.00
19,25,50,0,0.08,-1.00
19,26,50,0,0.18,-1.00
19,27,50,0,0.10,-1.00
19,28,50,0,0.14,-1.00
19,29,50,0,0.12,-1.00
19,30,50,0,0.12,-1.00
19,31,50,0,0.12,-1.00
19,32,50,0,0.16,-1.00
19,33,50,0,0.20,-1.00
19,34,50,0,0.16,-1.00
19,35,50,0,0.16,-1.00
19,36,50,0,0.14,-1.00
19,37,50,0,0.12,-1.00
19,38,50,0,0.18,-1.00
19,39,50,0,0.26,-1.00
19,40,50,0,0.28,-1.00
19,41,50,0,0.36,-1.00
19,42,50,0,0.44,-1.00
19,43,50,0,0.40,-1.00
19,44,50,0,0.46,-1.00
19,45,50,0,0.44,-1.00
19,46,50,0,0.20,-1.00
19,47,50,0,0.24,-1.00
19,48,50,0,0.30,-1.00
19,49,50,0,0.28,-1.00
19,50,50,0,0.28,-1.00
19,51,50,0,0.20,-1.00
19,52,50,0,0.12,-1.00
19,53,50,0,0.16,-1.00
19,54,50,0,0.14,-1.00
19,55,50,0,0.12,-1.00
19,56,50,0,0.12,-1.00
19,57,50,0,0.16,-1.00
19,58,50,0,0.14,-1.00
19,59,50,0,0.22,-1.00
19,60,50,0,0.18,-1.00
19,61,50,0,0.14,-1.00
19,62,50,0,0.22,-1.00
19,63,50,0,0.24,-1.00
19,64,50,0,0.34,-1.00
19,65,50,0,0.36,-1.00
19,66,50,0,0.36,-1.00
19,67,50,0,0.30,-1.00
19,68,50,0,0.34,-1.00
19,69,50,0,0.32,-1.00
19,70,50,0,0.18,-1.00
19,71,50,0,0.18,-1.00
19,72,50,0,0.22,-1.00
19,73,50,0,0.14,-1.00
19,74,50,0,0.12,-1.00
19,75,50,0,0.08,-1.00
19,76,50,0,0.14,-1.00
19,77,50,0,0.18,-1.00
19,78,50,0,0.24,-1.00
19,79,50,0,0.36,-1.00
19,80,50,0,0.28,-1.00
19,81,50,0,0.32,-1.00
19,82,50,0,0.36,-1.00
19,83,50,0,0.36,-1.00
19,84,50,0,0.32,-1.00
19,85,50,0,0.38,-1.00
19,86,50,0,0.30,-1.00
19,87,50,0,0.26,-1.00
19,88,50,0,0.30,-1.00
19,89,50,0,0.24,-1.00
19,90,50,0,0.24,-1.00
19,91,50,0,0.28,-1.00
19,92,50,0,0.08,-1.00
19,93,50,0,0.10,-1.00
19,94,50,0,0.26,-1.00
19,95,50,0,0.20,-1.00
19,96,50,0,0.22,-1.00
19,97,50,0,0.16,-1.00
19,98,50,0,0.16,-1.00
19,99,50,0,0.14,-1.00
19,100,50,0,0.12,-1.00
19,101,50,0,0.16,-1.00
19,102,50,0,0.14,-1.00
19,103,50,0,0.18,-1.00
19,104,50,0,0.16,-1.00
19,105,50,0,0.22,-1.00
19,106,50,0,0.20,-1.00
19,107,50,0,0.06,-1.00
19,108,50,0,0.04,-1.00
19,109,50,0,0.00,-1.00
19,110,50,0,0.00,-1.00
19,111,50,0,0.00,-1.00
19,112,50,0,0.04,-1.00
19,113,50,0,0.04,-1.00
19,114,50,0,0.00,-1.00
19,115,50,0,0.02,-1.00
19,116,50,0,0.02,-1.00
19,117,50,0,0.00,-1.00
19,118,50,0,0.00,-1.00
19,119,50,0,0.00,-1.00
19,120,50,0,0.00,-1.00
19,121,50,0,0.00,-1.00
19,122,50,0,0.00,-1.00
19,123,50,0,0.00,-1.00
19,124,50,0,0.00,-1.00
19,125,50,0,0.00,-1.00
19,126,50,0,0.00,-1.00
19,127,50,0,0.00,-1.00
19,128,50,0,0.00,-1.00
19,129,50,0,0.04,-1.00
19,130,50,0,0.02,-1.00
19,131,50,0,0.02,-1.00
19,132,50,0,0.02,-1.00
19,133,50,0,0.02,-1.00
19,134,50,0,0.02,-1.00
19,135,50,0,0.06,-1.00
19,136,50,0,0.08,-1.00
19,137,50,0,0.04,-1.00
19,138,50,0,0.02,-1.00
19,139,50,0,0.02,-1.00
19,140,50,0,0.04,-1.00
19,141,50,0,0.06,-1.00
19,142,50,0,0.14,-1.00
19,143,50,0,0.08,-1.00
19,144,50,0,0.02,-1.00
19,145,50,0,0.04,-1.00
19,146,50,0,0.02,-1.00
19,147,50,0,0.00,-1.00
19,148,50,0,0.00,-1.00
19,149,50,0,0.00,-1.00
19,150,50,0,0.00,-1.00
19,151,50,0,0.00,-1.00
19,152,50,0,0.02,-1.00
19,153,50,0,0.00,-1.00
19,154,50,0,0.00,-1.00
19,155,50,0,0.00,-1.00
19,156,50,0,0.00,-1.00
19,157,50,0,0.00,-1.00
19,158,50,0,0.00,-1.00
19,159,50,0,0.00,-1.00
19,160,50,0,0.02,-1.00
19,161,50,0,0.02,-1.00
19,162,50,0,0.04,-1.00
19,163,50,0,0.02,-1.00
19,164,50,0,0.02,-1.00
19,165,50,0,0.02,-1.00
19,166,50,0,0.06,-1.00
19,167,50,0,0.08,-1.00
19,168,50,0,0.06,-1.00
19,169,50,0,0.00,-1.00
19,170,50,0,0.00,-1.00
19,171,50,0,0.00,-1.00
19,172,50,0,0.00,-1.00
19,173,50,0,0.06,-1.00
19,174,50,0,0.08,-1.00
19,175,50,0,0.06,-1.00
19,176,50,0,0.00,-1.00
19,177,50,0,0.00,-1.00
19,178,50,0,0.00,-1.00
19,179,50,0,0.00,-1.00
19,180,50,0,0.02,-1.00
19,181,50,0,0.00,-1.00
19,182,50,0,0.00,-1.00
19,183,50,0,0.00,-1.00
19,184,50,0,0.02,-1.00
19,185,50,0,0.04,-1.00
19,186,50,0,0.06,-1.00
19,187,50,0,0.08,-1.00
19,188,50,0,0.06,-1.00
19,189,50,0,0.06,-1.00
19,190,50,0,0.12,-1.00
19,191,50,0,0.12,-1.00
19,192,50,0,0.16,-1.00
19,193,50,0,0.20,-1.00
19,194,50,0,0.28,-1.00
19,195,50,0,0.28,-1.00
19,196,50,0,0.22,-1.00
19,197,50,0,0.22,-1.00
19,198,50,0,0.14,-1.00
19,199,50,0,0.10,-1.00
19,200,50,0,0.10,-1.00
19,201,50,0,0.04,-1.00
19,202,50,0,0.14,-1.00
19,203,50,0,0.18,-1.00
19,204,50,0,0.16,-1.00
19,205,50,0,0.12,-1.00
19,206,50,0,0.08,-1.00
19,207,50,0,0.04,-1.00
19,208,50,0,0.02,-1.00
19,209,50,0,0.00,-1.00
19,210,50,0,0.00,-1.00
19,211,50,0,0.00,-1.00
19,212,50,0,0.00,-1.00
19,213,50,0,0.00,-1.00
19,214,50,0,0.00,-1.00
19,215,50,0,0.02,-1.00
19,216,50,0,0.06,-1.00
19,217,50,0,0.04,-1.00
19,218,50,0,0.10,-1.00
19,219,50,0,0.06,-1.00
19,220,50,0,0.10,-1.00
19,221,50,0,0.10,-1.00
19,222,50,0,0.18,-1.00
19,223,50,0,0.22,-1.00
19,224,50,0,0.22,-1.00
19,225,50,0,0.14,-1.00
19,226,50,0,0.22,-1.00
19,227,50,0,0.30,-1.00
19,228,50,0,0.38,-1.00
19,229,50,0,0.44,-1.00
19,230,50,0,0.34,-1.00
19,231,50,0,0.24,-1.00
19,232,50,0,0.10,-1.00
19,233,50,0,0.06,-1.00
19,234,50,0,0.08,-1.00
19,235,50,0,0.10,-1.00
19,236,50,0,0.06,-1.00
19,237,50,0,0.16,-1.00
19,238,50,0,0.14,-1.00
19,239,50,0,0.14,-1.00
19,240,50,0,0.18,-1.00
19,241,50,0,0.12,-1.00
19,242,50,0,0.10,-1.00
19,243,50,0,0.26,-1.00
19,244,50,0,0.18,-1.00
19,245,50,0,0.06,-1.00
19,246,50,0,0.02,-1.00
19,247,50,0,0.08,-1.00
19,248,50,0,0.10,-1.00
19,249,50,0,0.10,-1.00
19,250,50,0,0.06,-1.00
19,251,50,0,0.00,-1.00
19,252,50,0,0.00,-1.00
19,253,50,0,0.00,-1.00
19,254,50,0,0.00,-1.00
19,255,50,0,0.00,-1.00
19,256,50,0,0.00,-1.00
19,257,50,0,0.04,-1.00
19,258,50,0,0.02,-1.00
19,259,50,0,0.00,-1.00
19,260,50,0,0.00,-1.00
19,261,50,0,0.02,-1.00
19,262,50,0,0.02,-1.00
19,263,50,0,0.06,-1.00
19,264,50,0,0.02,-1.00
19,265,50,0,0.02,-1.00
19,266,50,0,0.00,-1.00
19,267,50,0,0.00,-1.00
19,268,50,0,0.00,-1.00
19,269,50,0,0.00,-1.00
19,270,50,0,0.00,-1.00
19,271,50,0,0.00,-1.00
19,272,50,0,0.00,-1.00
19,273,50,0,0.00,-1.00
19,274,50,0,0.00,-1.00
19,275,50,0,0.00,-1.00
19,276,50,0,0.00,-1.00
19,277,50,0,0.00,-1.00
19,278,50,0,0.00,-1.00
19,279,50,0,0.00,-1.00
19,280,50,0,0.00,-1.00
19,281,50,0,0.00,-1.00
19,282,50,0,0.00,-1.00
19,283,50,0,0.02,-1.00
19,284,50,0,0.04,-1.00
19,285,50,0,0.06,-1.00
19,286,50,0,0.08,-1.00
19,287,50,0,0.10,-1.00
19,288,50,0,0.14,-1.00
19,289,50,0,0.12,-1.00
19,290,50,0,0.06,-1.00
19,291,50,0,0.22,-1.00
19,292,50,0,0.08,-1.00
19,293,50,0,0.04,-1.00
19,294,50,0,0.00,-1.00
19,295,50,0,0.02,-1.00
19,296,50,0,0.04,-1.00
19,297,50,0,0.02,-1.00
19,298,50,0,0.04,-1.00
19,299,50,0,0.04,-1.00
19,300,50,0,0.12,-1.00
19,301,50,0,0.10,-1.00
19,302,50,0,0.04,-1.00
19,303,50,0,0.04,-1.00
19,304,50,0,0.06,-1.00
19,305,50,0,0.06,-1.00
19,306,50,0,0.04,-1.00
19,307,50,0,0.06,-1.00
19,308,50,0,0.04,-1.00
19,309,50,0,0.02,-1.00
19,310,50,0,0.00,-1.00
19,311,50,0,0.00,-1.00
19,312,50,0,0.00,-1.00
19,313,50,0,0.00,-1.00
19,314,50,0,0.00,-1.00
19,315,50,0,0.00,-1.00
19,316,50,0,0.00,-1.00
19,317,50,0,0.00,-1.00
19,318,50,0,0.02,-1.00
19,319,50,0,0.00,-1.00
19,320,50,0,0.00,-1.00
19,321,50,0,0.00,-1.00
19,322,50,0,0.00,-1.00
19,323,50,0,0.00,-1.00
19,324,50,0,0.00,-1.00
19,325,50,0,0.00,-1.00
19,326,50,0,0.00,-1.00
19,327,50,0,0.02,-1.00
19,328,50,0,0.02,-1.00
19,329,50,0,0.04,-1.00
19,330,50,0,0.02,-1.00
19,331,50,0,0.02,-1.00
19,332,50,0,0.00,-1.00
19,333,50,0,0.00,-1.00
19,334,50,0,0.00,-1.00
19,335,50,0,0.00,-1.00
19,336,50,0,0.00,-1.00
19,337,50,0,0.00,-1.00
19,338,50,0,0.04,-1.00
19,339,50,0,0.02,-1.00
19,340,50,0,0.00,-1.00
19,341,50,0,0.00,-1.00
19,342,50,0,0.00,-1.00
19,343,50,0,0.00,-1.00
19,344,50,0,0.00,-1.00
19,345,50,0,0.00,-1.00
19,346,50,0,0.00,-1.00
19,347,50,0,0.02,-1.00
19,348,50,0,0.02,-1.00
19,349,50,0,0.04,-1.00
19,350,50,0,0.08,-1.00
19,351,50,0,0.06,-1.00
19,352,50,0,0.08,-1.00
19,353,50,0,0.06,-1.00
19,354,50,0,0.04,-1.00
19,355,50,0,0.04,-1.00
19,356,50,0,0.04,-1.00
19,357,50,0,0.00,-1.00
19,358,50,0,0.02,-1.00
19,359,50,0,0.00,-1.00
19,360,50,0,0.00,-1.00
19,361,50,0,0.04,-1.00
19,362,50,0,0.06,-1.00
19,363,50,0,0.08,-1.00
19,364,50,0,0.06,-1.00
19,365,50,0,0.04,-1.00
19,366,50,0,0.04,-1.00
19,367,50,0,0.06,-1.00
19,368,50,0,0.06,-1.00
19,369,50,0,0.04,-1.00
19,370,50,0,0.08,-1.00
19,371,50,0,0.08,-1.00
19,372,50,0,0.04,-1.00
19,373,50,0,0.04,-1.00
19,374,50,0,0.00,-1.00
19,375,50,0,0.04,-1.00
19,376,50,0,0.04,-1.00
19,377,50,0,0.04,-1.00
19,378,50,0,0.02,-1.00
19,379,50,0,0.02,-1.00
19,380,50,0,0.02,-1.00
19,381,50,0,0.04,-1.00
19,382,50,0,0.06,-1.00
19,383,50,0,0.06,-1.00
19,384,50,0,0.06,-1.00
19,385,50,0,0.08,-1.00
19,386,50,0,0.08,-1.00
19,387,50,0,0.04,-1.00
19,388,50,0,0.02,-1.00
19,389,50,0,0.00,-1.00
19,390,50,0,0.00,-1.00
19,391,50,0,0.00,-1.00
19,392,50,0,0.00,-1.00
19,393,50,0,0.00,-1.00
19,394,50,0,0.00,-1.00
19,395,50,0,0.00,-1.00
19,396,50,0,0.00,-1.00
19,397,50,0,0.02,-1.00
19,398,50,0,0.02,-1.00
19,399,50,0,0.04,-1.00
19,400,50,0,0.04,-1.00
19,401,50,0,0.02,-1.00
19,402,50,0,0.02,-1.00
19,403,50,0,0.02,-1.00
19,404,50,0,0.04,-1.00
19,405,50,0,0.00,-1.00
19,406,50,0,0.02,-1.00
19,407,50,0,0.00,-1.00
19,408,50,0,0.00,-1.00
19,409,50,0,0.00,-1.00
19,410,50,0,0.00,-1.00
19,411,50,0,0.00,-1.00
19,412,50,0,0.00,-1.00
19,413,50,0,0.00,-1.00
19,414,50,0,0.00,-1.00
19,415,50,0,0.00,-1.00
19,416,50,0,0.00,-1.00
19,417,50,0,0.02,-1.00
19,418,50,0,0.02,-1.00
19,419,50,0,0.02,-1.00
19,420,50,0,0.00,-1.00
19,421,50,0,0.00,-1.00
19,422,50,0,0.00,-1.00
19,423,50,0,0.02,-1.00
19,424,50,0,0.04,-1.00
19,425,50,0,0.02,-1.00
19,426,50,0,0.00,-1.00
19,427,50,0,0.00,-1.00
19,428,50,0,0.00,-1.00
19,429,50,0,0.00,-1.00
19,430,50,0,0.00,-1.00
19,431,50,0,0.00,-1.00
19,432,50,0,0.00,-1.00
19,433,50,0,0.02,-1.00
19,434,50,0,0.02,-1.00
19,435,50,0,0.06,-1.00
19,436,50,0,0.00,-1.00
19,437,50,0,0.00,-1.00
19,438,50,0,0.00,-1.00
19,439,50,0,0.00,-1.00
19,440,50,0,0.00,-1.00
19,441,50,0,0.00,-1.00
19,442,50,0,0.00,-1.00
19,443,50,0,0.00,-1.00
19,444,50,0,0.02,-1.00
19,445,50,0,0.08,-1.00
19,446,50,0,0.00,-1.00
19,447,50,0,0.00,-1.00
19,448,50,0,0.06,-1.00
19,449,50,0,0.10,-1.00
19,450,50,0,0.02,-1.00
19,451,50,0,0.02,-1.00
19,452,50,0,0.02,-1.00
19,453,50,0,0.06,-1.00
19,454,50,0,0.10,-1.00
19,455,50,0,0.10,-1.00
19,456,50,0,0.14,-1.00
19,457,50,0,0.12,-1.00
19,458,50,0,0.10,-1.00
19,459,50,0,0.14,-1.00
19,460,50,0,0.12,-1.00
19,461,50,0,0.10,-1.00
19,462,50,0,0.10,-1.00
19,463,50,0,0.06,-1.00
19,464,50,0,0.12,-1.00
19,465,50,0,0.18,-1.00
19,466,50,0,0.12,-1.00
19,467,50,0,0.14,-1.00
19,468,50,0,0.16,-1.00
19,469,50,0,0.18,-1.00
19,470,50,0,0.22,-1.00
19,471,50,0,0.26,-1.00
19,472,50,0,0.24,-1.00
19,473,50,0,0.22,-1.00
19,474,50,0,0.26,-1.00
19,475,50,0,0.26,-1.00
19,476,50,0,0.20,-1.00
19,477,50,0,0.14,-1.00
19,478,50,0,0.14,-1.00
19,479,50,0,0.16,-1.00
19,480,50,0,0.06,-1.00
19,481,50,0,0.04,-1.00
19,482,50,0,0.02,-1.00
19,483,50,0,0.02,-1.00
19,484,50,0,0.02,-1.00
19,485,50,0,0.02,-1.00
19,486,50,0,0.06,-1.00
19,487,50,0,0.06,-1.00
19,488,50,0,0.06,-1.00
19,489,50,0,0.04,-1.00
19,490,50,0,0.00,-1.00
19,491,50,0,0.02,-1.00
19,492,50,0,0.04,-1.00
19,493,50,0,0.02,-1.00
19,494,50,0,0.04,-1.00
19,495,50,0,0.02,-1.00
19,496,50,0,0.08,-1.00
19,497,50,0,0.08,-1.00
19,498,50,0,0.08,-1.00
19,499,50,0,0.06,-1.00
19,500,50,0,0.12,-1.00
20,1,50,0,0.00,-1.00
20,2,50,0,0.00,-1.00
20,3,50,0,0.00,-1.00
20,4,50,0,0.02,-1.00
20,5,50,0,0.00,-1.00
20,6,50,0,0.02,-1.00
20,7,50,0,0.06,-1.00
20,8,50,0,0.10,-1.00
20,9,50,0,0.10,-1.00
20,10,50,0,0.08,-1.00
20,11,50,0,0.08,-1.00
20,12,50,0,0.06,-1.00
20,13,50,0,0.06,-1.00
20,14,50,0,0.06,-1.00
20,15,50,0,0.08,-1.00
20,16,50,0,0.12,-1.00
20,17,50,0,0.06,-1.00
20,18,50,0,0.00,-1.00
20,19,50,0,0.00,-1.00
20,20,50,0,0.00,-1.00
20,21,50,0,0.00,-1.00
20,22,50,0,0.06,-1.00
20,23,50,0,0.06,-1.00
20,24,50,0,0.08,-1.00
20,25,50,0,0.18,-1.00
20,26,50,0,0.08,-1.00
20,27,50,0,0.08,-1.00
20,28,50,0,0.06,-1.00
20,29,50,0,0.06,-1.00
20,30,50,0,0.06,-1.00
20,31,50,0,0.04,-1.00
20,32,50,0,0.10,-1.00
20,33,50,0,0.12,-1.00
20,34,50,0,0.08,-1.00
20,35,50,0,0.06,-1.00
20,36,50,0,0.02,-1.00
20,37,50,0,0.02,-1.00
20,38,50,0,0.00,-1.00
20,39,50,0,0.00,-1.00
20,40,50,0,0.08,-1.00
20,41,50,0,0.14,-1.00
20,42,50,0,0.12,-1.00
20,43,50,0,0.14,-1.00
20,44,50,0,0.10,-1.00
20,45,50,0,0.08,-1.00
20,46,50,0,0.06,-1.00
20,47,50,0,0.12,-1.00
20,48,50,0,0.10,-1.00
20,49,50,0,0.06,-1.00
20,50,50,0,0.04,-1.00
20,51,50,0,0.08,-1.00
20,52,50,0,0.08,-1.00
20,53,50,0,0.06,-1.00
20,54,50,0,0.08,-1.00
20,55,50,0,0.14,-1.00
20,56,50,0,0.18,-1.00
20,57,50,0,0.10,-1.00
20,58,50,0,0.04,-1.00
20,59,50,0,0.06,-1.00
20,60,50,0,0.00,-1.00
20,61,50,0,0.00,-1.00
20,62,50,0,0.00,-1.00
20,63,50,0,0.00,-1.00
20,64,50,0,0.00,-1.00
20,65,50,0,0.00,-1.00
20,66,50,0,0.04,-1.00
20,67,50,0,0.04,-1.00
20,68,50,0,0.00,-1.00
20,69,50,0,0.00,-1.00
20,70,50,0,0.00,-1.00
20,71,50,0,0.00,-1.00
20,72,50,0,0.00,-1.00
20,73,50,0,0.04,-1.00
20,74,50,0,0.04,-1.00
20,75,50,0,0.04,-1.00
20,76,50,0,0.02,-1.00
20,77,50,0,0.04,-1.00
20,78,50,0,0.02,-1.00
20,79,50,0,0.02,-1.00
20,80,50,0,0.02,-1.00
20,81,50,0,0.00,-1.00
20,82,50,0,0.00,-1.00
20,83,50,0,0.00,-1.00
20,84,50,0,0.00,-1.00
20,85,50,0,0.00,-1.00
20,86,50,0,0.00,-1.00
20,87,50,0,0.00,-1.00
20,88,50,0,0.00,-1.00
20,89,50,0,0.00,-1.00
20,90,50,0,0.00,-1.00
20,91,50,0,0.00,-1.00
20,92,50,0,0.00,-1.00
20,93,50,0,0.00,-1.00
20,94,50,0,0.04,-1.00
20,95,50,0,0.02,-1.00
20,96,50,0,0.02,-1.00
20,97,50,0,0.00,-1.00
20,98,50,0,0.00,-1.00
20,99,50,0,0.00,-1.00
20,100,50,0,0.00,-1.00
20,101,50,0,0.00,-1.00
20,102,50,0,0.00,-1.00
20,103,50,0,0.00,-1.00
20,104,50,0,0.00,-1.00
20,105,50,0,0.00,-1.00
20,106,50,0,0.00,-1.00
20,107,50,0,0.00,-1.00
20,108,50,0,0.04,-1.00
20,109,50,0,0.04,-1.00
20,110,50,0,0.06,-1.00
20,111,50,0,0.06,-1.00
20,112,50,0,0.10,-1.00
20,113,50,0,0.08,-1.00
20,114,50,0,0.12,-1.00
20,115,50,0,0.16,-1.00
20,116,50,0,0.04,-1.00
20,117,50,0,0.08,-1.00
20,118,50,0,0.16,-1.00
20,119,50,0,0.04,-1.00
20,120,50,0,0.00,-1.00
20,121,50,0,0.04,-1.00
20,122,50,0,0.06,-1.00
20,123,50,0,0.06,-1.00
20,124,50,0,0.12,-1.00
20,125,50,0,0.14,-1.00
20,126,50,0,0.24,-1.00
20,127,50,0,0.32,-1.00
20,128,50,0,0.42,-1.00
20,129,50,0,0.42,-1.00
20,130,50,0,0.46,-1.00
20,131,50,0,0.38,-1.00
20,132,50,0,0.34,-1.00
20,133,50,0,0.30,-1.00
20,134,50,0,0.22,-1.00
20,135,50,0,0.22,-1.00
20,136,50,0,0.30,-1.00
20,137,50,0,0.24,-1.00
20,138,50,0,0.30,-1.00
20,139,50,0,0.34,-1.00
20,140,50,0,0.20,-1.00
20,141,50,0,0.10,-1.00
20,142,50,0,0.06,-1.00
20,143,50,0,0.10,-1.00
20,144,50,0,0.10,-1.00
20,145,50,0,0.08,-1.00
20,146,50,0,0.12,-1.00
20,147,50,0,0.16,-1.00
20,148,50,0,0.14,-1.00
20,149,50,0,0.08,-1.00
20,150,50,0,0.08,-1.00
20,151,50,0,0.06,-1.00
20,152,50,0,0.06,-1.00
20,153,50,0,0.06,-1.00
20,154,50,0,0.04,-1.00
20,155,50,0,0.02,-1.00
20,156,50,0,0.00,-1.00
20,157,50,0,0.00,-1.00
20,158,50,0,0.04,-1.00
20,159,50,0,0.06,-1.00
20,160,50,0,0.08,-1.00
20,161,50,0,0.08,-1.00
20,162,50,0,0.10,-1.00
20,163,50,0,0.04,-1.00
20,164,50,0,0.02,-1.00
20,165,50,0,0.06,-1.00
20,166,50,0,0.08,-1.00
20,167,50,0,0.08,-1.00
20,168,50,0,0.08,-1.00
20,169,50,0,0.06,-1.00
20,170,50,0,0.04,-1.00
20,171,50,0,0.04,-1.00
20,172,50,0,0.12,-1.00
20,173,50,0,0.12,-1.00
20,174,50,0,0.10,-1.00
20,175,50,0,0.18,-1.00
20,176,50,0,0.20,-1.00
20,177,50,0,0.18,-1.00
20,178,50,0,0.18,-1.00
20,179,50,0,0.20,-1.00
20,180,50,0,0.12,-1.00
20,181,50,0,0.12,-1.00
20,182,50,0,0.18,-1.00
20,183,50,0,0.18,-1.00
20,184,50,0,0.28,-1.00
20,185,50,0,0.22,-1.00
20,186,50,0,0.18,-1.00
20,187,50,0,0.16,-1.00
20,188,50,0,0.10,-1.00
20,189,50,0,0.08,-1.00
20,190,50,0,0.06,-1.00
20,191,50,0,0.10,-1.00
20,192,50,0,0.20,-1.00
20,193,50,0,0.10,-1.00
20,194,50,0,0.04,-1.00
20,195,50,0,0.04,-1.00
20,196,50,0,0.06,-1.00
20,197,50,0,0.10,-1.00
20,198,50,0,0.12,-1.00
20,199,50,0,0.08,-1.00
20,200,50,0,0.08,-1.00
20,201,50,0,0.06,-1.00
20,202,50,0,0.08,-1.00
20,203,50,0,0.06,-1.00
20,204,50,0,0.14,-1.00
20,205,50,0,0.16,-1.00
20,206,50,0,0.20,-1.00
20,207,50,0,0.22,-1.00
20,208,50,0,0.22,-1.00
20,209,50,0,0.38,-1.00
20,210,50,0,0.42,-1.00
20,211,50,0,0.42,-1.00
20,212,50,0,0.20,-1.00
20,213,50,0,0.22,-1.00
20,214,50,0,0.08,-1.00
20,215,50,0,0.10,-1.00
20,216,50,0,0.02,-1.00
20,217,50,0,0.00,-1.00
20,218,50,0,0.00,-1.00
20,219,50,0,0.00,-1.00
20,220,50,0,0.00,-1.00
20,221,50,0,0.00,-1.00
20,222,50,0,0.00,-1.00
20,223,50,0,0.00,-1.00
20,224,50,0,0.08,-1.00
20,225,50,0,0.14,-1.00
20,226,50,0,0.08,-1.00
20,227,50,0,0.04,-1.00
20,228,50,0,0.04,-1.00
20,229,50,0,0.02,-1.00
20,230,50,0,0.00,-1.00
20,231,50,0,0.04,-1.00
20,232,50,0,0.04,-1.00
20,233,50,0,0.04,-1.00
20,234,50,0,0.06,-1.00
20,235,50,0,0.02,-1.00
20,236,50,0,0.02,-1.00
20,237,50,0,0.04,-1.00
20,238,50,0,0.06,-1.00
20,239,50,0,0.06,-1.00
20,240,50,0,0.06,-1.00
20,241,50,0,0.04,-1.00
20,242,50,0,0.08,-1.00
20,243,50,0,0.08,-1.00
20,244,50,0,0.02,-1.00
20,245,50,0,0.02,-1.00
20,246,50,0,0.06,-1.00
20,247,50,0,0.02,-1.00
20,248,50,0,0.02,-1.00
20,249,50,0,0.00,-1.00
20,250,50,0,0.00,-1.00
20,251,50,0,0.00,-1.00
20,252,50,0,0.04,-1.00
20,253,50,0,0.06,-1.00
20,254,50,0,0.18,-1.00
20,255,50,0,0.20,-1.00
20,256,50,0,0.26,-1.00
20,257,50,0,0.20,-1.00
20,258,50,0,0.26,-1.00
20,259,50,0,0.32,-1.00
20,260,50,0,0.22,-1.00
20,261,50,0,0.20,-1.00
20,262,50,0,0.28,-1.00
20,263,50,0,0.24,-1.00
20,264,50,0,0.14,-1.00
20,265,50,0,0.12,-1.00
20,266,50,0,0.14,-1.00
20,267,50,0,0.22,-1.00
20,268,50,0,0.32,-1.00
20,269,50,0,0.28,-1.00
20,270,50,0,0.34,-1.00
20,271,50,0,0.36,-1.00
20,272,50,0,0.36,-1.00
20,273,50,0,0.30,-1.00
20,274,50,0,0.22,-1.00
20,275,50,0,0.18,-1.00
20,276,50,0,0.18,-1.00
20,277,50,0,0.16,-1.00
20,278,50,0,0.08,-1.00
20,279,50,0,0.08,-1.00
20,280,50,0,0.08,-1.00
20,281,50,0,0.10,-1.00
20,282,50,0,0.14,-1.00
20,283,50,0,0.12,-1.00
20,284,50,0,0.06,-1.00
20,285,50,0,0.02,-1.00
20,286,50,0,0.02,-1.00
20,287,50,0,0.08,-1.00
20,288,50,0,0.02,-1.00
20,289,50,0,0.04,-1.00
20,290,50,0,0.06,-1.00
20,291,50,0,0.04,-1.00
20,292,50,0,0.08,-1.00
20,293,50,0,0.08,-1.00
20,294,50,0,0.12,-1.00
20,295,50,0,0.10,-1.00
20,296,50,0,0.20,-1.00
20,297,50,0,0.22,-1.00
20,298,50,0,0.30,-1.00
20,299,50,0,0.30,-1.00
20,300,50,0,0.30,-1.00
20,301,50,0,0.30,-1.00
20,302,50,0,0.24,-1.00
20,303,50,0,0.20,-1.00
20,304,50,0,0.16,-1.00
20,305,50,0,0.16,-1.00
20,306,50,0,0.08,-1.00
20,307,50,0,0.08,-1.00
20,308,50,0,0.02,-1.00
20,309,50,0,0.00,-1.00
20,310,50,0,0.00,-1.00
20,311,50,0,0.02,-1.00
20,312,50,0,0.08,-1.00
20,313,50,0,0.08,-1.00
20,314,50,0,0.06,-1.00
20,315,50,0,0.02,-1.00
20,316,50,0,0.00,-1.00
20,317,50,0,0.06,-1.00
20,318,50,0,0.10,-1.00
20,319,50,0,0.08,-1.00
20,320,50,0,0.08,-1.00
20,321,50,0,0.06,-1.00
20,322,50,0,0.04,-1.00
20,323,50,0,0.04,-1.00
20,324,50,0,0.12,-1.00
20,325,50,0,0.08,-1.00
20,326,50,0,0.10,-1.00
20,327,50,0,0.12,-1.00
20,328,50,0,0.12,-1.00
20,329,50,0,0.12,-1.00
20,330,50,0,0.12,-1.00
20,331,50,0,0.06,-1.00
20,332,50,0,0.04,-1.00
20,333,50,0,0.12,-1.00
20,334,50,0,0.12,-1.00
20,335,50,0,0.12,-1.00
20,336,50,0,0.10,-1.00
20,337,50,0,0.06,-1.00
20,338,50,0,0.00,-1.00
20,339,50,0,0.00,-1.00
20,340,50,0,0.00,-1.00
20,341,50,0,0.04,-1.00
20,342,50,0,0.02,-1.00
20,343,50,0,0.04,-1.00
20,344,50,0,0.04,-1.00
20,345,50,0,0.04,-1.00
20,346,50,0,0.08,-1.00
20,347,50,0,0.08,-1.00
20,348,50,0,0.02,-1.00
20,349,50,0,0.02,-1.00
20,350,50,0,0.02,-1.00
20,351,50,0,0.04,-1.00
20,352,50,0,0.04,-1.00
20,353,50,0,0.10,-1.00
20,354,50,0,0.16,-1.00
20,355,50,0,0.20,-1.00
20,356,50,0,0.10,-1.00
20,357,50,0,0.12,-1.00
20,358,50,0,0.16,-1.00
20,359,50,0,0.16,-1.00
20,360,50,0,0.14,-1.00
20,361,50,0,0.16,-1.00
20,362,50,0,0.10,-1.00
20,363,50,0,0.14,-1.00
20,364,50,0,0.08,-1.00
20,365,50,0,0.06,-1.00
20,366,50,0,0.12,-1.00
20,367,50,0,0.12,-1.00
20,368,50,0,0.08,-1.00
20,369,50,0,0.14,-1.00
20,370,50,0,0.14,-1.00
20,371,50,0,0.28,-1.00
20,372,50,0,0.32,-1.00
20,373,50,0,0.32,-1.00
20,374,50,0,0.36,-1.00
20,375,50,0,0.42,-1.00
20,376,50,0,0.40,-1.00
20,377,50,0,0.50,-1.00
20,378,50,0,0.38,-1.00
20,379,50,0,0.40,-1.00
20,380,50,0,0.44,-1.00
20,381,50,0,0.52,-1.00
20,382,50,0,0.72,-1.00
20,383,50,0,0.58,-1.00
20,384,50,0,0.54,-1.00
20,385,50,0,0.52,-1.00
20,386,50,0,0.44,-1.00
20,387,50,0,0.38,-1.00
20,388,50,0,0.50,-1.00
20,389,50,0,0.40,-1.00
20,390,50,0,0.38,-1.00
20,391,50,0,0.28,-1.00
20,392,50,0,0.26,-1.00
20,393,50,0,0.24,-1.00
20,394,50,0,0.20,-1.00
20,395,50,0,0.12,-1.00
20,396,50,0,0.12,-1.00
20,397,50,0,0.10,-1.00
20,398,50,0,0.04,-1.00
20,399,50,0,0.02,-1.00
20,400,50,0,0.04,-1.00
20,401,50,0,0.08,-1.00
20,402,50,0,0.02,-1.00
20,403,50,0,0.02,-1.00
20,404,50,0,0.04,-1.00
20,405,50,0,0.06,-1.00
20,406,50,0,0.06,-1.00
20,407,50,0,0.04,-1.00
20,408,50,0,0.04,-1.00
20,409,50,0,0.02,-1.00
20,410,50,0,0.02,-1.00
20,411,50,0,0.04,-1.00
20,412,50,0,0.04,-1.00
20,413,50,0,0.02,-1.00
20,414,50,0,0.08,-1.00
20,415,50,0,0.10,-1.00
20,416,50,0,0.14,-1.00
20,417,50,0,0.12,-1.00
20,418,50,0,0.06,-1.00
20,419,50,0,0.08,-1.00
20,420,50,0,0.10,-1.00
20,421,50,0,0.12,-1.00
20,422,50,0,0.20,-1.00
20,423,50,0,0.30,-1.00
20,424,50,0,0.34,-1.00
20,425,50,0,0.26,-1.00
20,426,50,0,0.32,-1.00
20,427,50,0,0.32,-1.00
20,428,50,0,0.22,-1.00
20,429,50,0,0.14,-1.00
20,430,50,0,0.14,-1.00
20,431,50,0,0.18,-1.00
20,432,50,0,0.14,-1.00
20,433,50,0,0.10,-1.00
20,434,50,0,0.04,-1.00
20,435,50,0,0.02,-1.00
20,436,50,0,0.08,-1.00
20,437,50,0,0.14,-1.00
20,438,50,0,0.12,-1.00
20,439,50,0,0.14,-1.00
20,440,50,0,0.16,-1.00
20,441,50,0,0.12,-1.00
20,442,50,0,0.14,-1.00
20,443,50,0,0.14,-1.00
20,444,50,0,0.10,-1.00
20,445,50,0,0.08,-1.00
20,446,50,0,0.04,-1.00
20,447,50,0,0.06,-1.00
20,448,50,0,0.06,-1.00
20,449,50,0,0.04,-1.00
20,450,50,0,0.02,-1.00
20,451,50,0,0.00,-1.00
20,452,50,0,0.00,-1.00
20,453,50,0,0.02,-1.00
20,454,50,0,0.02,-1.00
20,455,50,0,0.04,-1.00
20,456,50,0,0.08,-1.00
20,457,50,0,0.04,-1.00
20,458,50,0,0.02,-1.00
20,459,50,0,0.04,-1.00
20,460,50,0,0.02,-1.00
20,461,50,0,0.02,-1.00
20,462,50,0,0.04,-1.00
20,463,50,0,0.02,-1.00
20,464,50,0,0.06,-1.00
20,465,50,0,0.04,-1.00
20,466,50,0,0.00,-1.00
20,467,50,0,0.02,-1.00
20,468,50,0,0.00,-1.00
20,469,50,0,0.04,-1.00
20,470,50,0,0.06,-1.00
20,471,50,0,0.06,-1.00
20,472,50,0,0.02,-1.00
20,473,50,0,0.00,-1.00
20,474,50,0,0.02,-1.00
20,475,50,0,0.02,-1.00
20,476,50,0,0.10,-1.00
20,477,50,0,0.08,-1.00
20,478,50,0,0.06,-1.00
20,479,50,0,0.00,-1.00
20,480,50,0,0.00,-1.00
20,481,50,0,0.00,-1.00
20,482,50,0,0.00,-1.00
20,483,50,0,0.00,-1.00
20,484,50,0,0.00,-1.00
20,485,50,0,0.00,-1.00
20,486,50,0,0.00,-1.00
20,487,50,0,0.00,-1.00
20,488,50,0,0.00,-1.00
20,489,50,0,0.00,-1.00
20,490,50,0,0.00,-1.00
20,491,50,0,0.00,-1.00
20,492,50,0,0.00,-1.00
20,493,50,0,0.00,-1.00
20,494,50,0,0.02,-1.00
20,495,50,0,0.02,-1.00
20,496,50,0,0.08,-1.00
20,497,50,0,0.06,-1.00
20,498,50,0,0.02,-1.00
20,499,50,0,0.02,-1.00
20,500,50,0,0.02,-1.00
21,1,50,0,0.00,-1.00
21,2,50,0,0.02,-1.00
21,3,50,0,0.00,-1.00
21,4,50,0,0.10,-1.00
21,5,50,0,0.10,-1.00
21,6,50,0,0.12,-1.00
21,7,50,0,0.14,-1.00
21,8,50,0,0.10,-1.00
21,9,50,0,0.10,-1.00
21,10,50,0,0.08,-1.00
21,11,50,0,0.04,-1.00
21,12,50,0,0.02,-1.00
21,13,50,0,0.02,-1.00
21,14,50,0,0.02,-1.00
21,15,50,0,0.00,-1.00
21,16,50,0,0.06,-1.00
21,17,50,0,0.08,-1.00
21,18,50,0,0.06,-1.00
21,19,50,0,0.08,-1.00
21,20,50,0,0.14,-1.00
21,21,50,0,0.14,-1.00
21,22,50,0,0.16,-1.00
21,23,50,0,0.20,-1.00
21,24,50,0,0.12,-1.00
21,25,50,0,0.14,-1.00
21,26,50,0,0.10,-1.00
21,27,50,0,0.10,-1.00
21,28,50,0,0.08,-1.00
21,29,50,0,0.06,-1.00
21,30,50,0,0.10,-1.00
21,31,50,0,0.02,-1.00
21,32,50,0,0.00,-1.00
21,33,50,0,0.04,-1.00
21,34,50,0,0.02,-1.00
21,35,50,0,0.12,-1.00
21,36,50,0,0.12,-1.00
21,37,50,0,0.16,-1.00
21,38,50,0,0.20,-1.00
21,39,50,0,0.12,-1.00
21,40,50,0,0.06,-1.00
21,41,50,0,0.00,-1.00
21,42,50,0,0.00,-1.00
21,43,50,0,0.00,-1.00
21,44,50,0,0.00,-1.00
21,45,50,0,0.00,-1.00
21,46,50,0,0.00,-1.00
21,47,50,0,0.02,-1.00
21,48,50,0,0.02,-1.00
21,49,50,0,0.10,-1.00
21,50,50,0,0.10,-1.00
21,51,50,0,0.10,-1.00
21,52,50,0,0.12,-1.00
21,53,50,0,0.18,-1.00
21,54,50,0,0.20,-1.00
21,55,50,0,0.14,-1.00
21,56,50,0,0.14,-1.00
21,57,50,0,0.06,-1.00
21,58,50,0,0.00,-1.00
21,59,50,0,0.02,-1.00
21,60,50,0,0.06,-1.00
21,61,50,0,0.08,-1.00
21,62,50,0,0.06,-1.00
21,63,50,0,0.06,-1.00
21,64,50,0,0.08,-1.00
21,65,50,0,0.04,-1.00
21,66,50,0,0.04,-1.00
21,67,50,0,0.06,-1.00
21,68,50,0,0.08,-1.00
21,69,50,0,0.08,-1.00
21,70,50,0,0.06,-1.00
21,71,50,0,0.06,-1.00
21,72,50,0,0.02,-1.00
21,73,50,0,0.02,-1.00
21,74,50,0,0.00,-1.00
21,75,50,0,0.00,-1.00
21,76,50,0,0.00,-1.00
21,77,50,0,0.00,-1.00
21,78,50,0,0.00,-1.00
21,79,50,0,0.00,-1.00
21,80,50,0,0.00,-1.00
21,81,50,0,0.00,-1.00
21,82,50,0,0.00,-1.00
21,83,50,0,0.00,-1.00
21,84,50,0,0.00,-1.00
21,85,50,0,0.00,-1.00
21,86,50,0,0.00,-1.00
21,87,50,0,0.02,-1.00
21,88,50,0,0.10,-1.00
21,89,50,0,0.08,-1.00
21,90,50,0,0.04,-1.00
21,91,50,0,0.04,-1.00
21,92,50,0,0.02,-1.00
21,93,50,0,0.06,-1.00
21,94,50,0,0.02,-1.00
21,95,50,0,0.02,-1.00
21,96,50,0,0.02,-1.00
21,97,50,0,0.00,-1.00
21,98,50,0,0.02,-1.00
21,99,50,0,0.02,-1.00
21,100,50,0,0.02,-1.00
21,101,50,0,0.00,-1.00
21,102,50,0,0.00,-1.00
21,103,50,0,0.04,-1.00
21,104,50,0,0.02,-1.00
21,105,50,0,0.02,-1.00
21,106,50,0,0.00,-1.00
21,107,50,0,0.00,-1.00
21,108,50,0,0.00,-1.00
21,109,50,0,0.00,-1.00
21,110,50,0,0.00,-1.00
21,111,50,0,0.00,-1.00
21,112,50,0,0.00,-1.00
21,113,50,0,0.00,-1.00
21,114,50,0,0.00,-1.00
21,115,50,0,0.02,-1.00
21,116,50,0,0.00,-1.00
21,117,50,0,0.00,-1.00
21,118,50,0,0.04,-1.00
21,119,50,0,0.00,-1.00
21,120,50,0,0.00,-1.00
21,121,50,0,0.00,-1.00
21,122,50,0,0.00,-1.00
21,123,50,0,0.00,-1.00
21,124,50,0,0.00,-1.00
21,125,50,0,0.00,-1.00
21,126,50,0,0.04,-1.00
21,127,50,0,0.08,-1.00
21,128,50,0,0.04,-1.00
21,129,50,0,0.02,-1.00
21,130,50,0,0.00,-1.00
21,131,50,0,0.00,-1.00
21,132,50,0,0.00,-1.00
21,133,50,0,0.00,-1.00
21,134,50,0,0.00,-1.00
21,135,50,0,0.04,-1.00
21,136,50,0,0.04,-1.00
21,137,50,0,0.02,-1.00
21,138,50,0,0.00,-1.00
21,139,50,0,0.00,-1.00
21,140,50,0,0.00,-1.00
21,141,50,0,0.00,-1.00
21,142,50,0,0.02,-1.00
21,143,50,0,0.00,-1.00
21,144,50,0,0.02,-1.00
21,145,50,0,0.04,-1.00
21,146,50,0,0.10,-1.00
21,147,50,0,0.06,-1.00
21,148,50,0,0.16,-1.00
21,149,50,0,0.18,-1.00
21,150,50,0,0.18,-1.00
21,151,50,0,0.18,-1.00
21,152,50,0,0.18,-1.00
21,153,50,0,0.16,-1.00
21,154,50,0,0.20,-1.00
21,155,50,0,0.20,-1.00
21,156,50,0,0.16,-1.00
21,157,50,0,0.22,-1.00
21,158,50,0,0.22,-1.00
21,159,50,0,0.30,-1.00
21,160,50,0,0.28,-1.00
21,161,50,0,0.28,-1.00
21,162,50,0,0.12,-1.00
21,163,50,0,0.16,-1.00
21,164,50,0,0.16,-1.00
21,165,50,0,0.10,-1.00
21,166,50,0,0.12,-1.00
21,167,50,0,0.10,-1.00
21,168,50,0,0.02,-1.00
21,169,50,0,0.02,-1.00
21,170,50,0,0.04,-1.00
21,171,50,0,0.04,-1.00
21,172,50,0,0.04,-1.00
21,173,50,0,0.06,-1.00
21,174,50,0,0.08,-1.00
21,175,50,0,0.12,-1.00
21,176,50,0,0.22,-1.00
21,177,50,0,0.30,-1.00
21,178,50,0,0.18,-1.00
21,179,50,0,0.16,-1.00
21,180,50,0,0.18,-1.00
21,181,50,0,0.22,-1.00
21,182,50,0,0.22,-1.00
21,183,50,0,0.14,-1.00
21,184,50,0,0.14,-1.00
21,185,50,0,0.18,-1.00
21,186,50,0,0.12,-1.00
21,187,50,0,0.06,-1.00
21,188,50,0,0.06,-1.00
21,189,50,0,0.06,-1.00
21,190,50,0,0.06,-1.00
21,191,50,0,0.04,-1.00
21,192,50,0,0.02,-1.00
21,193,50,0,0.02,-1.00
21,194,50,0,0.00,-1.00
21,195,50,0,0.00,-1.00
21,196,50,0,0.00,-1.00
21,197,50,0,0.00,-1.00
21,198,50,0,0.00,-1.00
21,199,50,0,0.00,-1.00
21,200,50,0,0.00,-1.00
21,201,50,0,0.04,-1.00
21,202,50,0,0.10,-1.00
21,203,50,0,0.04,-1.00
21,204,50,0,0.06,-1.00
21,205,50,0,0.06,-1.00
21,206,50,0,0.04,-1.00
21,207,50,0,0.04,-1.00
21,208,50,0,0.06,-1.00
21,209,50,0,0.06,-1.00
21,210,50,0,0.04,-1.00
21,211,50,0,0.04,-1.00
21,212,50,0,0.06,-1.00
21,213,50,0,0.04,-1.00
21,214,50,0,0.04,-1.00
21,215,50,0,0.04,-1.00
21,216,50,0,0.02,-1.00
21,217,50,0,0.00,-1.00
21,218,50,0,0.00,-1.00
21,219,50,0,0.00,-1.00
21,220,50,0,0.02,-1.00
21,221,50,0,0.04,-1.00
21,222,50,0,0.04,-1.00
21,223,50,0,0.00,-1.00
21,224,50,0,0.04,-1.00
21,225,50,0,0.02,-1.00
21,226,50,0,0.04,-1.00
21,227,50,0,0.04,-1.00
21,228,50,0,0.06,-1.00
21,229,50,0,0.10,-1.00
21,230,50,0,0.04,-1.00
21,231,50,0,0.04,-1.00
21,232,50,0,0.00,-1.00
21,233,50,0,0.00,-1.00
21,234,50,0,0.00,-1.00
21,235,50,0,0.00,-1.00
21,236,50,0,0.02,-1.00
21,237,50,0,0.04,-1.00
21,238,50,0,0.00,-1.00
21,239,50,0,0.02,-1.00
21,240,50,0,0.10,-1.00
21,241,50,0,0.08,-1.00
21,242,50,0,0.08,-1.00
21,243,50,0,0.06,-1.00
21,244,50,0,0.06,-1.00
21,245,50,0,0.08,-1.00
21,246,50,0,0.10,-1.00
21,247,50,0,0.12,-1.00
21,248,50,0,0.18,-1.00
21,249,50,0,0.14,-1.00
21,250,50,0,0.16,-1.00
21,251,50,0,0.14,-1.00
21,252,50,0,0.18,-1.00
21,253,50,0,0.18,-1.00
21,254,50,0,0.14,-1.00
21,255,50,0,0.12,-1.00
21,256,50,0,0.06,-1.00
21,257,50,0,0.02,-1.00
21,258,50,0,0.06,-1.00
21,259,50,0,0.06,-1.00
21,260,50,0,0.08,-1.00
21,261,50,0,0.04,-1.00
21,262,50,0,0.04,-1.00
21,263,50,0,0.10,-1.00
21,264,50,0,0.14,-1.00
21,265,50,0,0.12,-1.00
21,266,50,0,0.12,-1.00
21,267,50,0,0.14,-1.00
21,268,50,0,0.14,-1.00
21,269,50,0,0.14,-1.00
21,270,50,0,0.08,-1.00
21,271,50,0,0.10,-1.00
21,272,50,0,0.10,-1.00
21,273,50,0,0.02,-1.00
21,274,50,0,0.00,-1.00
21,275,50,0,0.00,-1.00
21,276,50,0,0.00,-1.00
21,277,50,0,0.00,-1.00
21,278,50,0,0.00,-1.00
21,279,50,0,0.00,-1.00
21,280,50,0,0.00,-1.00
21,281,50,0,0.00,-1.00
21,282,50,0,0.02,-1.00
21,283,50,0,0.02,-1.00
21,284,50,0,0.02,-1.00
21,285,50,0,0.02,-1.00
21,286,50,0,0.04,-1.00
21,287,50,0,0.06,-1.00
21,288,50,0,0.06,-1.00
21,289,50,0,0.12,-1.00
21,290,50,0,0.18,-1.00
21,291,50,0,0.18,-1.00
21,292,50,0,0.18,-1.00
21,293,50,0,0.14,-1.00
21,294,50,0,0.10,-1.00
21,295,50,0,0.06,-1.00
21,296,50,0,0.10,-1.00
21,297,50,0,0.16,-1.00
21,298,50,0,0.16,-1.00
21,299,50,0,0.14,-1.00
21,300,50,0,0.12,-1.00
21,301,50,0,0.04,-1.00
21,302,50,0,0.02,-1.00
21,303,50,0,0.06,-1.00
21,304,50,0,0.10,-1.00
21,305,50,0,0.10,-1.00
21,306,50,0,0.22,-1.00
21,307,50,0,0.24,-1.00
21,308,50,0,0.16,-1.00
21,309,50,0,0.20,-1.00
21,310,50,0,0.16,-1.00
21,311,50,0,0.16,-1.00
21,312,50,0,0.24,-1.00
21,313,50,0,0.24,-1.00
21,314,50,0,0.12,-1.00
21,315,50,0,0.14,-1.00
21,316,50,0,0.12,-1.00
21,317,50,0,0.10,-1.00
21,318,50,0,0.12,-1.00
21,319,50,0,0.20,-1.00
21,320,50,0,0.22,-1.00
21,321,50,0,0.32,-1.00
21,322,50,0,0.22,-1.00
21,323,50,0,0.22,-1.00
21,324,50,0,0.12,-1.00
21,325,50,0,0.12,-1.00
21,326,50,0,0.14,-1.00
21,327,50,0,0.02,-1.00
21,328,50,0,0.02,-1.00
21,329,50,0,0.00,-1.00
21,330,50,0,0.00,-1.00
21,331,50,0,0.00,-1.00
21,332,50,0,0.00,-1.00
21,333,50,0,0.00,-1.00
21,334,50,0,0.06,-1.00
21,335,50,0,0.10,-1.00
21,336,50,0,0.14,-1.00
21,337,50,0,0.10,-1.00
21,338,50,0,0.20,-1.00
21,339,50,0,0.26,-1.00
21,340,50,0,0.22,-1.00
21,341,50,0,0.16,-1.00
21,342,50,0,0.22,-1.00
21,343,50,0,0.24,-1.00
21,344,50,0,0.18,-1.00
21,345,50,0,0.14,-1.00
21,346,50,0,0.08,-1.00
21,347,50,0,0.06,-1.00
21,348,50,0,0.04,-1.00
21,349,50,0,0.04,-1.00
21,350,50,0,0.04,-1.00
21,351,50,0,0.08,-1.00
21,352,50,0,0.04,-1.00
21,353,50,0,0.04,-1.00
21,354,50,0,0.04,-1.00
21,355,50,0,0.04,-1.00
21,356,50,0,0.10,-1.00
21,357,50,0,0.10,-1.00
21,358,50,0,0.10,-1.00
21,359,50,0,0.14,-1.00
21,360,50,0,0.12,-1.00
21,361,50,0,0.08,-1.00
21,362,50,0,0.02,-1.00
21,363,50,0,0.00,-1.00
21,364,50,0,0.02,-1.00
21,365,50,0,0.02,-1.00
21,366,50,0,0.02,-1.00
21,367,50,0,0.02,-1.00
21,368,50,0,0.00,-1.00
21,369,50,0,0.00,-1.00
21,370,50,0,0.06,-1.00
21,371,50,0,0.10,-1.00
21,372,50,0,0.16,-1.00
21,373,50,0,0.16,-1.00
21,374,50,0,0.26,-1.00
21,375,50,0,0.30,-1.00
21,376,50,0,0.20,-1.00
21,377,50,0,0.16,-1.00
21,378,50,0,0.10,-1.00
21,379,50,0,0.12,-1.00
21,380,50,0,0.14,-1.00
21,381,50,0,0.08,-1.00
21,382,50,0,0.08,-1.00
21,383,50,0,0.10,-1.00
21,384,50,0,0.10,-1.00
21,385,50,0,0.12,-1.00
21,386,50,0,0.10,-1.00
21,387,50,0,0.14,-1.00
21,388,50,0,0.08,-1.00
21,389,50,0,0.10,-1.00
21,390,50,0,0.14,-1.00
21,391,50,0,0.16,-1.00
21,392,50,0,0.12,-1.00
21,393,50,0,0.10,-1.00
21,394,50,0,0.10,-1.00
21,395,50,0,0.12,-1.00
21,396,50,0,0.16,-1.00
21,397,50,0,0.14,-1.00
21,398,50,0,0.20,-1.00
21,399,50,0,0.18,-1.00
21,400,50,0,0.24,-1.00
21,401,50,0,0.20,-1.00
21,402,50,0,0.26,-1.00
21,403,50,0,0.26,-1.00
21,404,50,0,0.24,-1.00
21,405,50,0,0.22,-1.00
21,406,50,0,0.22,-1.00
21,407,50,0,0.16,-1.00
21,408,50,0,0.26,-1.00
21,409,50,0,0.18,-1.00
21,410,50,0,0.16,-1.00
21,411,50,0,0.14,-1.00
21,412,50,0,0.20,-1.00
21,413,50,0,0.20,-1.00
21,414,50,0,0.24,-1.00
21,415,50,0,0.26,-1.00
21,416,50,0,0.22,-1.00
21,417,50,0,0.18,-1.00
21,418,50,0,0.24,-1.00
21,419,50,0,0.26,-1.00
21,420,50,0,0.30,-1.00
21,421,50,0,0.24,-1.00
21,422,50,0,0.14,-1.00
21,423,50,0,0.10,-1.00
21,424,50,0,0.14,-1.00
21,425,50,0,0.08,-1.00
21,426,50,0,0.08,-1.00
21,427,50,0,0.08,-1.00
21,428,50,0,0.06,-1.00
21,429,50,0,0.16,-1.00
21,430,50,0,0.28,-1.00
21,431,50,0,0.30,-1.00
21,432,50,0,0.40,-1.00
21,433,50,0,0.44,-1.00
21,434,50,0,0.38,-1.00
21,435,50,0,0.30,-1.00
21,436,50,0,0.32,-1.00
21,437,50,0,0.22,-1.00
21,438,50,0,0.20,-1.00
21,439,50,0,0.24,-1.00
21,440,50,0,0.22,-1.00
21,441,50,0,0.14,-1.00
21,442,50,0,0.26,-1.00
21,443,50,0,0.22,-1.00
21,444,50,0,0.18,-1.00
21,445,50,0,0.12,-1.00
21,446,50,0,0.12,-1.00
21,447,50,0,0.08,-1.00
21,448,50,0,0.02,-1.00
21,449,50,0,0.00,-1.00
21,450,50,0,0.06,-1.00
21,451,50,0,0.08,-1.00
21,452,50,0,0.14,-1.00
21,453,50,0,0.20,-1.00
21,454,50,0,0.16,-1.00
21,455,50,0,0.18,-1.00
21,456,50,0,0.20,-1.00
21,457,50,0,0.18,-1.00
21,458,50,0,0.16,-1.00
21,459,50,0,0.18,-1.00
21,460,50,0,0.18,-1.00
21,461,50,0,0.18,-1.00
21,462,50,0,0.18,-1.00
21,463,50,0,0.10,-1.00
21,464,50,0,0.10,-1.00
21,465,50,0,0.02,-1.00
21,466,50,0,0.04,-1.00
21,467,50,0,0.10,-1.00
21,468,50,0,0.20,-1.00
21,469,50,0,0.28,-1.00
21,470,50,0,0.34,-1.00
21,471,50,0,0.28,-1.00
21,472,50,0,0.24,-1.00
21,473,50,0,0.16,-1.00
21,474,50,0,0.16,-1.00
21,475,50,0,0.10,-1.00
21,476,50,0,0.12,-1.00
21,477,50,0,0.12,-1.00
21,478,50,0,0.14,-1.00
21,479,50,0,0.12,-1.00
21,480,50,0,0.22,-1.00
21,481,50,0,0.16,-1.00
21,482,50,0,0.22,-1.00
21,483,50,0,0.20,-1.00
21,484,50,0,0.08,-1.00
21,485,50,0,0.08,-1.00
21,486,50,0,0.06,-1.00
21,487,50,0,0.08,-1.00
21,488,50,0,0.08,-1.00
21,489,50,0,0.02,-1.00
21,490,50,0,0.04,-1.00
21,491,50,0,0.08,-1.00
21,492,50,0,0.10,-1.00
21,493,50,0,0.10,-1.00
21,494,50,0,0.06,-1.00
21,495,50,0,0.10,-1.00
21,496,50,0,0.06,-1.00
21,497,50,0,0.10,-1.00
21,498,50,0,0.14,-1.00
21,499,50,0,0.12,-1.00
21,500,50,0,0.10,-1.00
22,1,50,0,0.00,-1.00
22,2,50,0,0.02,-1.00
22,3,50,0,0.02,-1.00
22,4,50,0,0.00,-1.00
22,5,50,0,0.00,-1.00
22,6,50,0,0.00,-1.00
22,7,50,0,0.00,-1.00
22,8,50,0,0.00,-1.00
22,9,50,0,0.00,-1.00
22,10,50,0,0.00,-1.00
22,11,50,0,0.00,-1.00
22,12,50,0,0.00,-1.00
22,13,50,0,0.00,-1.00
22,14,50,0,0.04,-1.00
22,15,50,0,0.02,-1.00
22,16,50,0,0.00,-1.00
22,17,50,0,0.00,-1.00
22,18,50,0,0.00,-1.00
22,19,50,0,0.06,-1.00
22,20,50,0,0.06,-1.00
22,21,50,0,0.04,-1.00
22,22,50,0,0.00,-1.00
22,23,50,0,0.00,-1.00
22,24,50,0,0.02,-1.00
22,25,50,0,0.02,-1.00
22,26,50,0,0.02,-1.00
22,27,50,0,0.02,-1.00
22,28,50,0,0.06,-1.00
22,29,50,0,0.04,-1.00
22,30,50,0,0.04,-1.00
22,31,50,0,0.00,-1.00
22,32,50,0,0.02,-1.00
22,33,50,0,0.06,-1.00
22,34,50,0,0.10,-1.00
22,35,50,0,0.06,-1.00
22,36,50,0,0.06,-1.00
22,37,50,0,0.10,-1.00
22,38,50,0,0.12,-1.00
22,39,50,0,0.14,-1.00
22,40,50,0,0.12,-1.00
22,41,50,0,0.06,-1.00
22,42,50,0,0.00,-1.00
22,43,50,0,0.00,-1.00
22,44,50,0,0.02,-1.00
22,45,50,0,0.08,-1.00
22,46,50,0,0.08,-1.00
22,47,50,0,0.08,-1.00
22,48,50,0,0.08,-1.00
22,49,50,0,0.14,-1.00
22,50,50,0,0.14,-1.00
22,51,50,0,0.12,-1.00
22,52,50,0,0.14,-1.00
22,53,50,0,0.20,-1.00
22,54,50,0,0.24,-1.00
22,55,50,0,0.26,-1.00
22,56,50,0,0.24,-1.00
22,57,50,0,0.20,-1.00
22,58,50,0,0.20,-1.00
22,59,50,0,0.10,-1.00
22,60,50,0,0.10,-1.00
22,61,50,0,0.08,-1.00
22,62,50,0,0.12,-1.00
22,63,50,0,0.10,-1.00
22,64,50,0,0.06,-1.00
22,65,50,0,0.04,-1.00
22,66,50,0,0.04,-1.00
22,67,50,0,0.08,-1.00
22,68,50,0,0.10,-1.00
22,69,50,0,0.10,-1.00
22,70,50,0,0.10,-1.00
22,71,50,0,0.04,-1.00
22,72,50,0,0.04,-1.00
22,73,50,0,0.08,-1.00
22,74,50,0,0.02,-1.00
22,75,50,0,0.02,-1.00
22,76,50,0,0.06,-1.00
22,77,50,0,0.10,-1.00
22,78,50,0,0.10,-1.00
22,79,50,0,0.10,-1.00
22,80,50,0,0.08,-1.00
22,81,50,0,0.06,-1.00
22,82,50,0,0.04,-1.00
22,83,50,0,0.06,-1.00
22,84,50,0,0.10,-1.00
22,85,50,0,0.14,-1.00
22,86,50,0,0.04,-1.00
22,87,50,0,0.06,-1.00
22,88,50,0,0.02,-1.00
22,89,50,0,0.00,-1.00
22,90,50,0,0.00,-1.00
22,91,50,0,0.00,-1.00
22,92,50,0,0.00,-1.00
22,93,50,0,0.02,-1.00
22,94,50,0,0.00,-1.00
22,95,50,0,0.00,-1.00
22,96,50,0,0.00,-1.00
22,97,50,0,0.00,-1.00
22,98,50,0,0.02,-1.00
22,99,50,0,0.02,-1.00
22,100,50,0,0.02,-1.00
22,101,50,0,0.02,-1.00
22,102,50,0,0.04,-1.00
22,103,50,0,0.00,-1.00
22,104,50,0,0.00,-1.00
22,105,50,0,0.02,-1.00
22,106,50,0,0.02,-1.00
22,107,50,0,0.04,-1.00
22,108,50,0,0.10,-1.00
22,109,50,0,0.06,-1.00
22,110,50,0,0.08,-1.00
22,111,50,0,0.02,-1.00
22,112,50,0,0.02,-1.00
22,113,50,0,0.08,-1.00
22,114,50,0,0.08,-1.00
22,115,50,0,0.06,-1.00
22,116,50,0,0.06,-1.00
22,117,50,0,0.10,-1.00
22,118,50,0,0.18,-1.00
22,119,50,0,0.14,-1.00
22,120,50,0,0.12,-1.00
22,121,50,0,0.06,-1.00
22,122,50,0,0.02,-1.00
22,123,50,0,0.02,-1.00
22,124,50,0,0.04,-1.00
22,125,50,0,0.02,-1.00
22,126,50,0,0.04,-1.00
22,127,50,0,0.08,-1.00
22,128,50,0,0.06,-1.00
22,129,50,0,0.04,-1.00
22,130,50,0,0.04,-1.00
22,131,50,0,0.06,-1.00
22,132,50,0,0.08,-1.00
22,133,50,0,0.02,-1.00
22,134,50,0,0.00,-1.00
22,135,50,0,0.00,-1.00
22,136,50,0,0.04,-1.00
22,137,50,0,0.10,-1.00
22,138,50,0,0.08,-1.00
22,139,50,0,0.10,-1.00
22,140,50,0,0.14,-1.00
22,141,50,0,0.06,-1.00
22,142,50,0,0.06,-1.00
22,143,50,0,0.10,-1.00
22,144,50,0,0.16,-1.00
22,145,50,0,0.14,-1.00
22,146,50,0,0.18,-1.00
22,147,50,0,0.14,-1.00
22,148,50,0,0.22,-1.00
22,149,50,0,0.24,-1.00
22,150,50,0,0.16,-1.00
22,151,50,0,0.14,-1.00
22,152,50,0,0.12,-1.00
22,153,50,0,0.14,-1.00
22,154,50,0,0.12,-1.00
22,155,50,0,0.08,-1.00
22,156,50,0,0.12,-1.00
22,157,50,0,0.16,-1.00
22,158,50,0,0.08,-1.00
22,159,50,0,0.12,-1.00
22,160,50,0,0.14,-1.00
22,161,50,0,0.20,-1.00
22,162,50,0,0.18,-1.00
22,163,50,0,0.18,-1.00
22,164,50,0,0.20,-1.00
22,165,50,0,0.26,-1.00
22,166,50,0,0.30,-1.00
22,167,50,0,0.24,-1.00
22,168,50,0,0.22,-1.00
22,169,50,0,0.20,-1.00
22,170,50,0,0.14,-1.00
22,171,50,0,0.20,-1.00
22,172,50,0,0.20,-1.00
22,173,50,0,0.24,-1.00
22,174,50,0,0.26,-1.00
22,175,50,0,0.22,-1.00
22,176,50,0,0.14,-1.00
22,177,50,0,0.08,-1.00
22,178,50,0,0.12,-1.00
22,179,50,0,0.18,-1.00
22,180,50,0,0.16,-1.00
22,181,50,0,0.26,-1.00
22,182,50,0,0.20,-1.00
22,183,50,0,0.08,-1.00
22,184,50,0,0.06,-1.00
22,185,50,0,0.08,-1.00
22,186,50,0,0.08,-1.00
22,187,50,0,0.06,-1.00
22,188,50,0,0.04,-1.00
22,189,50,0,0.14,-1.00
22,190,50,0,0.16,-1.00
22,191,50,0,0.12,-1.00
22,192,50,0,0.16,-1.00
22,193,50,0,0.12,-1.00
22,194,50,0,0.10,-1.00
22,195,50,0,0.04,-1.00
22,196,50,0,0.02,-1.00
22,197,50,0,0.06,-1.00
22,198,50,0,0.00,-1.00
22,199,50,0,0.00,-1.00
22,200,50,0,0.00,-1.00
22,201,50,0,0.00,-1.00
22,202,50,0,0.00,-1.00
22,203,50,0,0.00,-1.00
22,204,50,0,0.00,-1.00
22,205,50,0,0.00,-1.00
22,206,50,0,0.00,-1.00
22,207,50,0,0.00,-1.00
22,208,50,0,0.00,-1.00
22,209,50,0,0.00,-1.00
22,210,50,0,0.04,-1.00
22,211,50,0,0.10,-1.00
22,212,50,0,0.08,-1.00
22,213,50,0,0.10,-1.00
22,214,50,0,0.12,-1.00
22,215,50,0,0.06,-1.00
22,216,50,0,0.08,-1.00
22,217,50,0,0.12,-1.00
22,218,50,0,0.06,-1.00
22,219,50,0,0.02,-1.00
22,220,50,0,0.04,-1.00
22,221,50,0,0.04,-1.00
22,222,50,0,0.00,-1.00
22,223,50,0,0.00,-1.00
22,224,50,0,0.00,-1.00
22,225,50,0,0.00,-1.00
22,226,50,0,0.00,-1.00
22,227,50,0,0.00,-1.00
22,228,50,0,0.00,-1.00
22,229,50,0,0.02,-1.00
22,230,50,0,0.00,-1.00
22,231,50,0,0.00,-1.00
22,232,50,0,0.00,-1.00
22,233,50,0,0.00,-1.00
22,234,50,0,0.00,-1.00
22,235,50,0,0.00,-1.00
22,236,50,0,0.00,-1.00
22,237,50,0,0.00,-1.00
22,238,50,0,0.00,-1.00
22,239,50,0,0.02,-1.00
22,240,50,0,0.04,-1.00
22,241,50,0,0.00,-1.00
22,242,50,0,0.00,-1.00
22,243,50,0,0.04,-1.00
22,244,50,0,0.08,-1.00
22,245,50,0,0.04,-1.00
22,246,50,0,0.10,-1.00
22,247,50,0,0.10,-1.00
22,248,50,0,0.08,-1.00
22,249,50,0,0.06,-1.00
22,250,50,0,0.08,-1.00
22,251,50,0,0.08,-1.00
22,252,50,0,0.16,-1.00
22,253,50,0,0.18,-1.00
22,254,50,0,0.24,-1.00
22,255,50,0,0.18,-1.00
22,256,50,0,0.08,-1.00
22,257,50,0,0.06,-1.00
22,258,50,0,0.06,-1.00
22,259,50,0,0.06,-1.00
22,260,50,0,0.06,-1.00
22,261,50,0,0.04,-1.00
22,262,50,0,0.04,-1.00
22,263,50,0,0.04,-1.00
22,264,50,0,0.06,-1.00
22,265,50,0,0.02,-1.00
22,266,50,0,0.06,-1.00
22,267,50,0,0.04,-1.00
22,268,50,0,0.02,-1.00
22,269,50,0,0.00,-1.00
22,270,50,0,0.00,-1.00
22,271,50,0,0.02,-1.00
22,272,50,0,0.02,-1.00
22,273,50,0,0.02,-1.00
22,274,50,0,0.04,-1.00
22,275,50,0,0.04,-1.00
22,276,50,0,0.04,-1.00
22,277,50,0,0.00,-1.00
22,278,50,0,0.00,-1.00
22,279,50,0,0.00,-1.00
22,280,50,0,0.00,-1.00
22,281,50,0,0.00,-1.00
22,282,50,0,0.00,-1.00
22,283,50,0,0.00,-1.00
22,284,50,0,0.00,-1.00
22,285,50,0,0.00,-1.00
22,286,50,0,0.00,-1.00
22,287,50,0,0.00,-1.00
22,288,50,0,0.00,-1.00
22,289,50,0,0.00,-1.00
22,290,50,0,0.00,-1.00
22,291,50,0,0.00,-1.00
22,292,50,0,0.02,-1.00
22,293,50,0,0.04,-1.00
22,294,50,0,0.06,-1.00
22,295,50,0,0.08,-1.00
22,296,50,0,0.04,-1.00
22,297,50,0,0.04,-1.00
22,298,50,0,0.04,-1.00
22,299,50,0,0.04,-1.00
22,300,50,0,0.02,-1.00
22,301,50,0,0.04,-1.00
22,302,50,0,0.04,-1.00
22,303,50,0,0.02,-1.00
22,304,50,0,0.10,-1.00
22,305,50,0,0.10,-1.00
22,306,50,0,0.16,-1.00
22,307,50,0,0.18,-1.00
22,308,50,0,0.20,-1.00
22,309,50,0,0.16,-1.00
22,310,50,0,0.22,-1.00
22,311,50,0,0.26,-1.00
22,312,50,0,0.12,-1.00
22,313,50,0,0.14,-1.00
22,314,50,0,0.14,-1.00
22,315,50,0,0.08,-1.00
22,316,50,0,0.08,-1.00
22,317,50,0,0.06,-1.00
22,318,50,0,0.04,-1.00
22,319,50,0,0.00,-1.00
22,320,50,0,0.00,-1.00
22,321,50,0,0.00,-1.00
22,322,50,0,0.00,-1.00
22,323,50,0,0.00,-1.00
22,324,50,0,0.00,-1.00
22,325,50,0,0.00,-1.00
22,326,50,0,0.00,-1.00
22,327,50,0,0.00,-1.00
22,328,50,0,0.02,-1.00
22,329,50,0,0.04,-1.00
22,330,50,0,0.10,-1.00
22,331,50,0,0.10,-1.00
22,332,50,0,0.16,-1.00
22,333,50,0,0.14,-1.00
22,334,50,0,0.10,-1.00
22,335,50,0,0.08,-1.00
22,336,50,0,0.06,-1.00
22,337,50,0,0.10,-1.00
22,338,50,0,0.12,-1.00
22,339,50,0,0.18,-1.00
22,340,50,0,0.12,-1.00
22,341,50,0,0.14,-1.00
22,342,50,0,0.16,-1.00
22,343,50,0,0.12,-1.00
22,344,50,0,0.14,-1.00
22,345,50,0,0.18,-1.00
22,346,50,0,0.14,-1.00
22,347,50,0,0.16,-1.00
22,348,50,0,0.06,-1.00
22,349,50,0,0.08,-1.00
22,350,50,0,0.06,-1.00
22,351,50,0,0.08,-1.00
22,352,50,0,0.04,-1.00
22,353,50,0,0.06,-1.00
22,354,50,0,0.08,-1.00
22,355,50,0,0.10,-1.00
22,356,50,0,0.12,-1.00
22,357,50,0,0.10,-1.00
22,358,50,0,0.06,-1.00
22,359,50,0,0.04,-1.00
22,360,50,0,0.08,-1.00
22,361,50,0,0.06,-1.00
22,362,50,0,0.10,-1.00
22,363,50,0,0.16,-1.00
22,364,50,0,0.16,-1.00
22,365,50,0,0.28,-1.00
22,366,50,0,0.14,-1.00
22,367,50,0,0.06,-1.00
22,368,50,0,0.04,-1.00
22,369,50,0,0.04,-1.00
22,370,50,0,0.02,-1.00
22,371,50,0,0.02,-1.00
22,372,50,0,0.02,-1.00
22,373,50,0,0.06,-1.00
22,374,50,0,0.06,-1.00
22,375,50,0,0.06,-1.00
22,376,50,0,0.04,-1.00
22,377,50,0,0.04,-1.00
22,378,50,0,0.04,-1.00
22,379,50,0,0.04,-1.00
22,380,50,0,0.04,-1.00
22,381,50,0,0.06,-1.00
22,382,50,0,0.04,-1.00
22,383,50,0,0.04,-1.00
22,384,50,0,0.04,-1.00
22,385,50,0,0.08,-1.00
22,386,50,0,0.06,-1.00
22,387,50,0,0.08,-1.00
22,388,50,0,0.02,-1.00
22,389,50,0,0.02,-1.00
22,390,50,0,0.02,-1.00
22,391,50,0,0.00,-1.00
22,392,50,0,0.06,-1.00
22,393,50,0,0.04,-1.00
22,394,50,0,0.06,-1.00
22,395,50,0,0.04,-1.00
22,396,50,0,0.02,-1.00
22,397,50,0,0.04,-1.00
22,398,50,0,0.12,-1.00
22,399,50,0,0.12,-1.00
22,400,50,0,0.16,-1.00
22,401,50,0,0.16,-1.00
22,402,50,0,0.22,-1.00
22,403,50,0,0.26,-1.00
22,404,50,0,0.28,-1.00
22,405,50,0,0.26,-1.00
22,406,50,0,0.22,-1.00
22,407,50,0,0.24,-1.00
22,408,50,0,0.24,-1.00
22,409,50,0,0.30,-1.00
22,410,50,0,0.38,-1.00
22,411,50,0,0.32,-1.00
22,412,50,0,0.34,-1.00
22,413,50,0,0.28,-1.00
22,414,50,0,0.22,-1.00
22,415,50,0,0.22,-1.00
22,416,50,0,0.18,-1.00
22,417,50,0,0.14,-1.00
22,418,50,0,0.16,-1.00
22,419,50,0,0.22,-1.00
22,420,50,0,0.26,-1.00
22,421,50,0,0.30,-1.00
22,422,50,0,0.26,-1.00
22,423,50,0,0.22,-1.00
22,424,50,0,0.24,-1.00
22,425,50,0,0.22,-1.00
22,426,50,0,0.22,-1.00
22,427,50,0,0.18,-1.00
22,428,50,0,0.32,-1.00
22,429,50,0,0.24,-1.00
22,430,50,0,0.24,-1.00
22,431,50,0,0.30,-1.00
22,432,50,0,0.26,-1.00
22,433,50,0,0.18,-1.00
22,434,50,0,0.12,-1.00
22,435,50,0,0.10,-1.00
22,436,50,0,0.10,-1.00
22,437,50,0,0.14,-1.00
22,438,50,0,0.08,-1.00
22,439,50,0,0.12,-1.00
22,440,50,0,0.08,-1.00
22,441,50,0,0.08,-1.00
22,442,50,0,0.08,-1.00
22,443,50,0,0.08,-1.00
22,444,50,0,0.04,-1.00
22,445,50,0,0.04,-1.00
22,446,50,0,0.00,-1.00
22,447,50,0,0.00,-1.00
22,448,50,0,0.02,-1.00
22,449,50,0,0.02,-1.00
22,450,50,0,0.02,-1.00
22,451,50,0,0.02,-1.00
22,452,50,0,0.08,-1.00
22,453,50,0,0.06,-1.00
22,454,50,0,0.08,-1.00
22,455,50,0,0.14,-1.00
22,456,50,0,0.08,-1.00
22,457,50,0,0.04,-1.00
22,458,50,0,0.10,-1.00
22,459,50,0,0.12,-1.00
22,460,50,0,0.04,-1.00
22,461,50,0,0.00,-1.00
22,462,50,0,0.02,-1.00
22,463,50,0,0.06,-1.00
22,464,50,0,0.02,-1.00
22,465,50,0,0.00,-1.00
22,466,50,0,0.00,-1.00
22,467,50,0,0.00,-1.00
22,468,50,0,0.00,-1.00
22,469,50,0,0.00,-1.00
22,470,50,0,0.00,-1.00
22,471,50,0,0.04,-1.00
22,472,50,0,0.02,-1.00
22,473,50,0,0.02,-1.00
22,474,50,0,0.02,-1.00
22,475,50,0,0.06,-1.00
22,476,50,0,0.06,-1.00
22,477,50,0,0.06,-1.00
22,478,50,0,0.02,-1.00
22,479,50,0,0.06,-1.00
22,480,50,0,0.10,-1.00
22,481,50,0,0.10,-1.00
22,482,50,0,0.08,-1.00
22,483,50,0,0.20,-1.00
22,484,50,0,0.26,-1.00
22,485,50,0,0.26,-1.00
22,486,50,0,0.28,-1.00
22,487,50,0,0.26,-1.00
22,488,50,0,0.44,-1.00
22,489,50,0,0.48,-1.00
22,490,50,0,0.54,-1.00
22,491,50,0,0.48,-1.00
22,492,50,0,0.36,-1.00
22,493,50,0,0.34,-1.00
22,494,50,0,0.26,-1.00
22,495,50,0,0.26,-1.00
22,496,50,0,0.30,-1.00
22,497,50,0,0.20,-1.00
22,498,50,0,0.12,-1.00
22,499,50,0,0.04,-1.00
22,500,50,0,0.00,-1.00
23,1,50,0,0.02,-1.00
23,2,50,0,0.06,-1.00
23,3,50,0,0.04,-1.00
23,4,50,0,0.12,-1.00
23,5,50,0,0.10,-1.00
23,6,50,0,0.14,-1.00
23,7,50,0,0.12,-1.00
23,8,50,0,0.18,-1.00
23,9,50,0,0.22,-1.00
23,10,50,0,0.26,-1.00
23,11,50,0,0.14,-1.00
23,12,50,0,0.14,-1.00
23,13,50,0,0.14,-1.00
23,14,50,0,0.18,-1.00
23,15,50,0,0.16,-1.00
23,16,50,0,0.16,-1.00
23,17,50,0,0.06,-1.00
23,18,50,0,0.04,-1.00
23,19,50,0,0.00,-1.00
23,20,50,0,0.00,-1.00
23,21,50,0,0.02,-1.00
23,22,50,0,0.02,-1.00
23,23,50,0,0.04,-1.00
23,24,50,0,0.10,-1.00
23,25,50,0,0.10,-1.00
23,26,50,0,0.12,-1.00
23,27,50,0,0.10,-1.00
23,28,50,0,0.16,-1.00
23,29,50,0,0.14,-1.00
23,30,50,0,0.12,-1.00
23,31,50,0,0.18,-1.00
23,32,50,0,0.06,-1.00
23,33,50,0,0.06,-1.00
23,34,50,0,0.02,-1.00
23,35,50,0,0.02,-1.00
23,36,50,0,0.00,-1.00
23,37,50,0,0.02,-1.00
23,38,50,0,0.08,-1.00
23,39,50,0,0.02,-1.00
23,40,50,0,0.02,-1.00
23,41,50,0,0.00,-1.00
23,42,50,0,0.02,-1.00
23,43,50,0,0.02,-1.00
23,44,50,0,0.14,-1.00
23,45,50,0,0.24,-1.00
23,46,50,0,0.24,-1.00
23,47,50,0,0.32,-1.00
23,48,50,0,0.26,-1.00
23,49,50,0,0.28,-1.00
23,50,50,0,0.30,-1.00
23,51,50,0,0.30,-1.00
23,52,50,0,0.26,-1.00
23,53,50,0,0.20,-1.00
23,54,50,0,0.10,-1.00
23,55,50,0,0.08,-1.00
23,56,50,0,0.08,-1.00
23,57,50,0,0.04,-1.00
23,58,50,0,0.08,-1.00
23,59,50,0,0.10,-1.00
23,60,50,0,0.16,-1.00
23,61,50,0,0.18,-1.00
23,62,50,0,0.10,-1.00
23,63,50,0,0.18,-1.00
23,64,50,0,0.16,-1.00
23,65,50,0,0.14,-1.00
23,66,50,0,0.08,-1.00
23,67,50,0,0.06,-1.00
23,68,50,0,0.04,-1.00
23,69,50,0,0.10,-1.00
23,70,50,0,0.12,-1.00
23,71,50,0,0.08,-1.00
23,72,50,0,0.12,-1.00
23,73,50,0,0.12,-1.00
23,74,50,0,0.16,-1.00
23,75,50,0,0.18,-1.00
23,76,50,0,0.20,-1.00
23,77,50,0,0.22,-1.00
23,78,50,0,0.24,-1.00
23,79,50,0,0.22,-1.00
23,80,50,0,0.24,-1.00
23,81,50,0,0.20,-1.00
23,82,50,0,0.10,-1.00
23,83,50,0,0.02,-1.00
23,84,50,0,0.00,-1.00
23,85,50,0,0.02,-1.00
23,86,50,0,0.04,-1.00
23,87,50,0,0.06,-1.00
23,88,50,0,0.04,-1.00
23,89,50,0,0.06,-1.00
23,90,50,0,0.02,-1.00
23,91,50,0,0.02,-1.00
23,92,50,0,0.06,-1.00
23,93,50,0,0.10,-1.00
23,94,50,0,0.12,-1.00
23,95,50,0,0.10,-1.00
23,96,50,0,0.12,-1.00
23,97,50,0,0.04,-1.00
23,98,50,0,0.00,-1.00
23,99,50,0,0.00,-1.00
23,100,50,0,0.04,-1.00
23,101,50,0,0.04,-1.00
23,102,50,0,0.02,-1.00
23,103,50,0,0.00,-1.00
23,104,50,0,0.00,-1.00
23,105,50,0,0.00,-1.00
23,106,50,0,0.00,-1.00
23,107,50,0,0.00,-1.00
23,108,50,0,0.00,-1.00
23,109,50,0,0.00,-1.00
23,110,50,0,0.00,-1.00
23,111,50,0,0.00,-1.00
23,112,50,0,0.04,-1.00
23,113,50,0,0.06,-1.00
23,114,50,0,0.02,-1.00
23,115,50,0,0.02,-1.00
23,116,50,0,0.04,-1.00
23,117,50,0,0.02,-1.00
23,118,50,0,0.00,-1.00
23,119,50,0,0.00,-1.00
23,120,50,0,0.00,-1.00
23,121,50,0,0.06,-1.00
23,122,50,0,0.00,-1.00
23,123,50,0,0.04,-1.00
23,124,50,0,0.08,-1.00
23,125,50,0,0.04,-1.00
23,126,50,0,0.06,-1.00
23,127,50,0,0.04,-1.00
23,128,50,0,0.04,-1.00
23,129,50,0,0.08,-1.00
23,130,50,0,0.08,-1.00
23,131,50,0,0.14,-1.00
23,132,50,0,0.04,-1.00
23,133,50,0,0.16,-1.00
23,134,50,0,0.14,-1.00
23,135,50,0,0.14,-1.00
23,136,50,0,0.10,-1.00
23,137,50,0,0.16,-1.00
23,138,50,0,0.04,-1.00
23,139,50,0,0.06,-1.00
23,140,50,0,0.06,-1.00
23,141,50,0,0.04,-1.00
23,142,50,0,0.02,-1.00
23,143,50,0,0.06,-1.00
23,144,50,0,0.06,-1.00
23,145,50,0,0.06,-1.00
23,146,50,0,0.08,-1.00
23,147,50,0,0.04,-1.00
23,148,50,0,0.04,-1.00
23,149,50,0,0.12,-1.00
23,150,50,0,0.20,-1.00
23,151,50,0,0.14,-1.00
23,152,50,0,0.08,-1.00
23,153,50,0,0.04,-1.00
23,154,50,0,0.02,-1.00
23,155,50,0,0.00,-1.00
23,156,50,0,0.04,-1.00
23,157,50,0,0.02,-1.00
23,158,50,0,0.02,-1.00
23,159,50,0,0.00,-1.00
23,160,50,0,0.00,-1.00
23,161,50,0,0.00,-1.00
23,162,50,0,0.00,-1.00
23,163,50,0,0.00,-1.00
23,164,50,0,0.06,-1.00
23,165,50,0,0.04,-1.00
23,166,50,0,0.04,-1.00
23,167,50,0,0.04,-1.00
23,168,50,0,0.04,-1.00
23,169,50,0,0.04,-1.00
23,170,50,0,0.04,-1.00
23,171,50,0,0.10,-1.00
23,172,50,0,0.08,-1.00
23,173,50,0,0.12,-1.00
23,174,50,0,0.06,-1.00
23,175,50,0,0.02,-1.00
23,176,50,0,0.02,-1.00
23,177,50,0,0.04,-1.00
23,178,50,0,0.04,-1.00
23,179,50,0,0.02,-1.00
23,180,50,0,0.00,-1.00
23,181,50,0,0.02,-1.00
23,182,50,0,0.00,-1.00
23,183,50,0,0.00,-1.00
23,184,50,0,0.04,-1.00
23,185,50,0,0.04,-1.00
23,186,50,0,0.04,-1.00
23,187,50,0,0.00,-1.00
23,188,50,0,0.00,-1.00
23,189,50,0,0.04,-1.00
23,190,50,0,0.04,-1.00
23,191,50,0,0.04,-1.00
23,192,50,0,0.06,-1.00
23,193,50,0,0.00,-1.00
23,194,50,0,0.00,-1.00
23,195,50,0,0.00,-1.00
23,196,50,0,0.00,-1.00
23,197,50,0,0.00,-1.00
23,198,50,0,0.04,-1.00
23,199,50,0,0.00,-1.00
23,200,50,0,0.00,-1.00
23,201,50,0,0.00,-1.00
23,202,50,0,0.00,-1.00
23,203,50,0,0.00,-1.00
23,204,50,0,0.02,-1.00
23,205,50,0,0.02,-1.00
23,206,50,0,0.02,-1.00
23,207,50,0,0.02,-1.00
23,208,50,0,0.00,-1.00
23,209,50,0,0.02,-1.00
23,210,50,0,0.02,-1.00
23,211,50,0,0.04,-1.00
23,212,50,0,0.04,-1.00
23,213,50,0,0.06,-1.00
23,214,50,0,0.10,-1.00
23,215,50,0,0.04,-1.00
23,216,50,0,0.02,-1.00
23,217,50,0,0.00,-1.00
23,218,50,0,0.00,-1.00
23,219,50,0,0.00,-1.00
23,220,50,0,0.02,-1.00
23,221,50,0,0.02,-1.00
23,222,50,0,0.02,-1.00
23,223,50,0,0.04,-1.00
23,224,50,0,0.02,-1.00
23,225,50,0,0.00,-1.00
23,226,50,0,0.02,-1.00
23,227,50,0,0.00,-1.00
23,228,50,0,0.02,-1.00
23,229,50,0,0.08,-1.00
23,230,50,0,0.18,-1.00
23,231,50,0,0.16,-1.00
23,232,50,0,0.16,-1.00
23,233,50,0,0.10,-1.00
23,234,50,0,0.06,-1.00
23,235,50,0,0.02,-1.00
23,236,50,0,0.02,-1.00
23,237,50,0,0.00,-1.00
23,238,50,0,0.04,-1.00
23,239,50,0,0.04,-1.00
23,240,50,0,0.06,-1.00
23,241,50,0,0.04,-1.00
23,242,50,0,0.04,-1.00
23,243,50,0,0.04,-1.00
23,244,50,0,0.08,-1.00
23,245,50,0,0.06,-1.00
23,246,50,0,0.16,-1.00
23,247,50,0,0.22,-1.00
23,248,50,0,0.20,-1.00
23,249,50,0,0.20,-1.00
23,250,50,0,0.18,-1.00
23,251,50,0,0.26,-1.00
23,252,50,0,0.24,-1.00
23,253,50,0,0.20,-1.00
23,254,50,0,0.16,-1.00
23,255,50,0,0.14,-1.00
23,256,50,0,0.14,-1.00
23,257,50,0,0.12,-1.00
23,258,50,0,0.12,-1.00
23,259,50,0,0.08,-1.00
23,260,50,0,0.10,-1.00
23,261,50,0,0.12,-1.00
23,262,50,0,0.06,-1.00
23,263,50,0,0.10,-1.00
23,264,50,0,0.12,-1.00
23,265,50,0,0.16,-1.00
23,266,50,0,0.12,-1.00
23,267,50,0,0.12,-1.00
23,268,50,0,0.14,-1.00
23,269,50,0,0.16,-1.00
23,270,50,0,0.16,-1.00
23,271,50,0,0.20,-1.00
23,272,50,0,0.06,-1.00
23,273,50,0,0.04,-1.00
23,274,50,0,0.02,-1.00
23,275,50,0,0.00,-1.00
23,276,50,0,0.00,-1.00
23,277,50,0,0.00,-1.00
23,278,50,0,0.00,-1.00
23,279,50,0,0.00,-1.00
23,280,50,0,0.02,-1.00
23,281,50,0,0.06,-1.00
23,282,50,0,0.04,-1.00
23,283,50,0,0.08,-1.00
23,284,50,0,0.10,-1.00
23,285,50,0,0.12,-1.00
23,286,50,0,0.14,-1.00
23,287,50,0,0.10,-1.00
23,288,50,0,0.10,-1.00
23,289,50,0,0.10,-1.00
23,290,50,0,0.06,-1.00
23,291,50,0,0.06,-1.00
23,292,50,0,0.02,-1.00
23,293,50,0,0.00,-1.00
23,294,50,0,0.02,-1.00
23,295,50,0,0.00,-1.00
23,296,50,0,0.00,-1.00
23,297,50,0,0.00,-1.00
23,298,50,0,0.00,-1.00
23,299,50,0,0.00,-1.00
23,300,50,0,0.00,-1.00
23,301,50,0,0.00,-1.00
23,302,50,0,0.04,-1.00
23,303,50,0,0.00,-1.00
23,304,50,0,0.02,-1.00
23,305,50,0,0.04,-1.00
23,306,50,0,0.06,-1.00
23,307,50,0,0.12,-1.00
23,308,50,0,0.12,-1.00
23,309,50,0,0.14,-1.00
23,310,50,0,0.16,-1.00
23,311,50,0,0.10,-1.00
23,312,50,0,0.10,-1.00
23,313,50,0,0.10,-1.00
23,314,50,0,0.08,-1.00
23,315,50,0,0.06,-1.00
23,316,50,0,0.06,-1.00
23,317,50,0,0.06,-1.00
23,318,50,0,0.04,-1.00
23,319,50,0,0.06,-1.00
23,320,50,0,0.08,-1.00
23,321,50,0,0.04,-1.00
23,322,50,0,0.02,-1.00
23,323,50,0,0.00,-1.00
23,324,50,0,0.00,-1.00
23,325,50,0,0.00,-1.00
23,326,50,0,0.00,-1.00
23,327,50,0,0.00,-1.00
23,328,50,0,0.00,-1.00
23,329,50,0,0.00,-1.00
23,330,50,0,0.00,-1.00
23,331,50,0,0.00,-1.00
23,332,50,0,0.00,-1.00
23,333,50,0,0.00,-1.00
23,334,50,0,0.04,-1.00
23,335,50,0,0.06,-1.00
23,336,50,0,0.04,-1.00
23,337,50,0,0.02,-1.00
23,338,50,0,0.06,-1.00
23,339,50,0,0.04,-1.00
23,340,50,0,0.00,-1.00
23,341,50,0,0.00,-1.00
23,342,50,0,0.00,-1.00
23,343,50,0,0.02,-1.00
23,344,50,0,0.04,-1.00
23,345,50,0,0.04,-1.00
23,346,50,0,0.02,-1.00
23,347,50,0,0.02,-1.00
23,348,50,0,0.02,-1.00
23,349,50,0,0.04,-1.00
23,350,50,0,0.00,-1.00
23,351,50,0,0.00,-1.00
23,352,50,0,0.00,-1.00
23,353,50,0,0.00,-1.00
23,354,50,0,0.00,-1.00
23,355,50,0,0.02,-1.00
23,356,50,0,0.02,-1.00
23,357,50,0,0.00,-1.00
23,358,50,0,0.00,-1.00
23,359,50,0,0.06,-1.00
23,360,50,0,0.10,-1.00
23,361,50,0,0.08,-1.00
23,362,50,0,0.04,-1.00
23,363,50,0,0.00,-1.00
23,364,50,0,0.00,-1.00
23,365,50,0,0.00,-1.00
23,366,50,0,0.04,-1.00
23,367,50,0,0.02,-1.00
23,368,50,0,0.04,-1.00
23,369,50,0,0.04,-1.00
23,370,50,0,0.04,-1.00
23,371,50,0,0.06,-1.00
23,372,50,0,0.04,-1.00
23,373,50,0,0.12,-1.00
23,374,50,0,0.12,-1.00
23,375,50,0,0.10,-1.00
23,376,50,0,0.10,-1.00
23,377,50,0,0.12,-1.00
23,378,50,0,0.14,-1.00
23,379,50,0,0.06,-1.00
23,380,50,0,0.06,-1.00
23,381,50,0,0.04,-1.00
23,382,50,0,0.10,-1.00
23,383,50,0,0.10,-1.00
23,384,50,0,0.04,-1.00
23,385,50,0,0.06,-1.00
23,386,50,0,0.08,-1.00
23,387,50,0,0.06,-1.00
23,388,50,0,0.08,-1.00
23,389,50,0,0.04,-1.00
23,390,50,0,0.06,-1.00
23,391,50,0,0.02,-1.00
23,392,50,0,0.02,-1.00
23,393,50,0,0.08,-1.00
23,394,50,0,0.06,-1.00
23,395,50,0,0.02,-1.00
23,396,50,0,0.06,-1.00
23,397,50,0,0.04,-1.00
23,398,50,0,0.02,-1.00
23,399,50,0,0.04,-1.00
23,400,50,0,0.00,-1.00
23,401,50,0,0.06,-1.00
23,402,50,0,0.10,-1.00
23,403,50,0,0.12,-1.00
23,404,50,0,0.08,-1.00
23,405,50,0,0.06,-1.00
23,406,50,0,0.06,-1.00
23,407,50,0,0.02,-1.00
23,408,50,0,0.04,-1.00
23,409,50,0,0.06,-1.00
23,410,50,0,0.06,-1.00
23,411,50,0,0.04,-1.00
23,412,50,0,0.04,-1.00
23,413,50,0,0.10,-1.00
23,414,50,0,0.08,-1.00
23,415,50,0,0.12,-1.00
23,416,50,0,0.14,-1.00
23,417,50,0,0.12,-1.00
23,418,50,0,0.14,-1.00
23,419,50,0,0.14,-1.00
23,420,50,0,0.06,-1.00
23,421,50,0,0.08,-1.00
23,422,50,0,0.04,-1.00
23,423,50,0,0.06,-1.00
23,424,50,0,0.04,-1.00
23,425,50,0,0.02,-1.00
23,426,50,0,0.02,-1.00
23,427,50,0,0.02,-1.00
23,428,50,0,0.00,-1.00
23,429,50,0,0.00,-1.00
23,430,50,0,0.06,-1.00
23,431,50,0,0.04,-1.00
23,432,50,0,0.04,-1.00
23,433,50,0,0.02,-1.00
23,434,50,0,0.00,-1.00
23,435,50,0,0.04,-1.00
23,436,50,0,0.02,-1.00
23,437,50,0,0.02,-1.00
23,438,50,0,0.02,-1.00
23,439,50,0,0.00,-1.00
23,440,50,0,0.00,-1.00
23,441,50,0,0.00,-1.00
23,442,50,0,0.00,-1.00
23,443,50,0,0.00,-1.00
23,444,50,0,0.00,-1.00
23,445,50,0,0.00,-1.00
23,446,50,0,0.00,-1.00
23,447,50,0,0.00,-1.00
23,448,50,0,0.00,-1.00
23,449,50,0,0.00,-1.00
23,450,50,0,0.00,-1.00
23,451,50,0,0.00,-1.00
23,452,50,0,0.00,-1.00
23,453,50,0,0.02,-1.00
23,454,50,0,0.02,-1.00
23,455,50,0,0.02,-1.00
23,456,50,0,0.00,-1.00
23,457,50,0,0.00,-1.00
23,458,50,0,0.00,-1.00
23,459,50,0,0.02,-1.00
23,460,50,0,0.10,-1.00
23,461,50,0,0.08,-1.00
23,462,50,0,0.10,-1.00
23,463,50,0,0.08,-1.00
23,464,50,0,0.12,-1.00
23,465,50,0,0.14,-1.00
23,466,50,0,0.16,-1.00
23,467,50,0,0.14,-1.00
23,468,50,0,0.22,-1.00
23,469,50,0,0.24,-1.00
23,470,50,0,0.26,-1.00
23,471,50,0,0.22,-1.00
23,472,50,0,0.26,-1.00
23,473,50,0,0.26,-1.00
23,474,50,0,0.24,-1.00
23,475,50,0,0.14,-1.00
23,476,50,0,0.10,-1.00
23,477,50,0,0.04,-1.00
23,478,50,0,0.16,-1.00
23,479,50,0,0.06,-1.00
23,480,50,0,0.08,-1.00
23,481,50,0,0.10,-1.00
23,482,50,0,0.08,-1.00
23,483,50,0,0.10,-1.00
23,484,50,0,0.10,-1.00
23,485,50,0,0.06,-1.00
23,486,50,0,0.10,-1.00
23,487,50,0,0.06,-1.00
23,488,50,0,0.08,-1.00
23,489,50,0,0.10,-1.00
23,490,50,0,0.10,-1.00
23,491,50,0,0.12,-1.00
23,492,50,0,0.08,-1.00
23,493,50,0,0.00,-1.00
23,494,50,0,0.00,-1.00
23,495,50,0,0.00,-1.00
23,496,50,0,0.00,-1.00
23,497,50,0,0.00,-1.00
23,498,50,0,0.02,-1.00
23,499,50,0,0.04,-1.00
23,500,50,0,0.06,-1.00
24,1,50,0,0.02,-1.00
24,2,50,0,0.04,-1.00
24,3,50,0,0.04,-1.00
24,4,50,0,0.02,-1.00
24,5,50,0,0.00,-1.00
24,6,50,0,0.00,-1.00
24,7,50,0,0.00,-1.00
24,8,50,0,0.00,-1.00
24,9,50,0,0.00,-1.00
24,10,50,0,0.00,-1.00
24,11,50,0,0.02,-1.00
24,12,50,0,0.04,-1.00
24,13,50,0,0.02,-1.00
24,14,50,0,0.00,-1.00
24,15,50,0,0.00,-1.00
24,16,50,0,0.02,-1.00
24,17,50,0,0.00,-1.00
24,18,50,0,0.00,-1.00
24,19,50,0,0.00,-1.00
24,20,50,0,0.00,-1.00
24,21,50,0,0.04,-1.00
24,22,50,0,0.02,-1.00
24,23,50,0,0.00,-1.00
24,24,50,0,0.02,-1.00
24,25,50,0,0.04,-1.00
24,26,50,0,0.06,-1.00
24,27,50,0,0.02,-1.00
24,28,50,0,0.04,-1.00
24,29,50,0,0.04,-1.00
24,30,50,0,0.02,-1.00
24,31,50,0,0.04,-1.00
24,32,50,0,0.04,-1.00
24,33,50,0,0.08,-1.00
24,34,50,0,0.02,-1.00
24,35,50,0,0.00,-1.00
24,36,50,0,0.00,-1.00
24,37,50,0,0.06,-1.00
24,38,50,0,0.00,-1.00
24,39,50,0,0.00,-1.00
24,40,50,0,0.00,-1.00
24,41,50,0,0.00,-1.00
24,42,50,0,0.00,-1.00
24,43,50,0,0.00,-1.00
24,44,50,0,0.00,-1.00
24,45,50,0,0.00,-1.00
24,46,50,0,0.00,-1.00
24,47,50,0,0.00,-1.00
24,48,50,0,0.00,-1.00
24,49,50,0,0.00,-1.00
24,50,50,0,0.00,-1.00
24,51,50,0,0.02,-1.00
24,52,50,0,0.02,-1.00
24,53,50,0,0.02,-1.00
24,54,50,0,0.04,-1.00
24,55,50,0,0.04,-1.00
24,56,50,0,0.02,-1.00
24,57,50,0,0.04,-1.00
24,58,50,0,0.08,-1.00
24,59,50,0,0.12,-1.00
24,60,50,0,0.08,-1.00
24,61,50,0,0.12,-1.00
24,62,50,0,0.18,-1.00
24,63,50,0,0.10,-1.00
24,64,50,0,0.04,-1.00
24,65,50,0,0.04,-1.00
24,66,50,0,0.00,-1.00
24,67,50,0,0.00,-1.00
24,68,50,0,0.00,-1.00
24,69,50,0,0.00,-1.00
24,70,50,0,0.00,-1.00
24,71,50,0,0.00,-1.00
24,72,50,0,0.00,-1.00
24,73,50,0,0.00,-1.00
24,74,50,0,0.00,-1.00
24,75,50,0,0.00,-1.00
24,76,50,0,0.00,-1.00
24,77,50,0,0.00,-1.00
24,78,50,0,0.00,-1.00
24,79,50,0,0.00,-1.00
24,80,50,0,0.00,-1.00
24,81,50,0,0.00,-1.00
24,82,50,0,0.00,-1.00
24,83,50,0,0.06,-1.00
24,84,50,0,0.04,-1.00
24,85,50,0,0.04,-1.00
24,86,50,0,0.04,-1.00
24,87,50,0,0.02,-1.00
24,88,50,0,0.04,-1.00
24,89,50,0,0.10,-1.00
24,90,50,0,0.14,-1.00
24,91,50,0,0.20,-1.00
24,92,50,0,0.22,-1.00
24,93,50,0,0.22,-1.00
24,94,50,0,0.20,-1.00
24,95,50,0,0.12,-1.00
24,96,50,0,0.00,-1.00
24,97,50,0,0.04,-1.00
24,98,50,0,0.00,-1.00
24,99,50,0,0.00,-1.00
24,100,50,0,0.02,-1.00
24,101,50,0,0.02,-1.00
24,102,50,0,0.04,-1.00
24,103,50,0,0.00,-1.00
24,104,50,0,0.00,-1.00
24,105,50,0,0.02,-1.00
24,106,50,0,0.02,-1.00
24,107,50,0,0.00,-1.00
24,108,50,0,0.02,-1.00
24,109,50,0,0.00,-1.00
24,110,50,0,0.00,-1.00
24,111,50,0,0.02,-1.00
24,112,50,0,0.04,-1.00
24,113,50,0,0.10,-1.00
24,114,50,0,0.08,-1.00
24,115,50,0,0.04,-1.00
24,116,50,0,0.04,-1.00
24,117,50,0,0.02,-1.00
24,118,50,0,0.02,-1.00
24,119,50,0,0.00,-1.00
24,120,50,0,0.00,-1.00
24,121,50,0,0.00,-1.00
24,122,50,0,0.00,-1.00
24,123,50,0,0.04,-1.00
24,124,50,0,0.00,-1.00
24,125,50,0,0.02,-1.00
24,126,50,0,0.02,-1.00
24,127,50,0,0.02,-1.00
24,128,50,0,0.00,-1.00
24,129,50,0,0.00,-1.00
24,130,50,0,0.06,-1.00
24,131,50,0,0.02,-1.00
24,132,50,0,0.00,-1.00
24,133,50,0,0.00,-1.00
24,134,50,0,0.02,-1.00
24,135,50,0,0.02,-1.00
24,136,50,0,0.02,-1.00
24,137,50,0,0.00,-1.00
24,138,50,0,0.02,-1.00
24,139,50,0,0.02,-1.00
24,140,50,0,0.02,-1.00
24,141,50,0,0.02,-1.00
24,142,50,0,0.04,-1.00
24,143,50,0,0.02,-1.00
24,144,50,0,0.00,-1.00
24,145,50,0,0.00,-1.00
24,146,50,0,0.00,-1.00
24,147,50,0,0.02,-1.00
24,148,50,0,0.00,-1.00
24,149,50,0,0.00,-1.00
24,150,50,0,0.02,-1.00
24,151,50,0,0.04,-1.00
24,152,50,0,0.08,-1.00
24,153,50,0,0.06,-1.00
24,154,50,0,0.02,-1.00
24,155,50,0,0.02,-1.00
24,156,50,0,0.06,-1.00
24,157,50,0,0.14,-1.00
24,158,50,0,0.10,-1.00
24,159,50,0,0.06,-1.00
24,160,50,0,0.04,-1.00
24,161,50,0,0.04,-1.00
24,162,50,0,0.04,-1.00
24,163,50,0,0.06,-1.00
24,164,50,0,0.06,-1.00
24,165,50,0,0.10,-1.00
24,166,50,0,0.12,-1.00
24,167,50,0,0.04,-1.00
24,168,50,0,0.02,-1.00
24,169,50,0,0.02,-1.00
24,170,50,0,0.00,-1.00
24,171,50,0,0.00,-1.00
24,172,50,0,0.00,-1.00
24,173,50,0,0.04,-1.00
24,174,50,0,0.06,-1.00
24,175,50,0,0.12,-1.00
24,176,50,0,0.10,-1.00
24,177,50,0,0.10,-1.00
24,178,50,0,0.08,-1.00
24,179,50,0,0.10,-1.00
24,180,50,0,0.06,-1.00
24,181,50,0,0.04,-1.00
24,182,50,0,0.06,-1.00
24,183,50,0,0.02,-1.00
24,184,50,0,0.04,-1.00
24,185,50,0,0.00,-1.00
24,186,50,0,0.00,-1.00
24,187,50,0,0.00,-1.00
24,188,50,0,0.00,-1.00
24,189,50,0,0.00,-1.00
24,190,50,0,0.08,-1.00
24,191,50,0,0.08,-1.00
24,192,50,0,0.04,-1.00
24,193,50,0,0.00,-1.00
24,194,50,0,0.08,-1.00
24,195,50,0,0.08,-1.00
24,196,50,0,0.06,-1.00
24,197,50,0,0.06,-1.00
24,198,50,0,0.06,-1.00
24,199,50,0,0.06,-1.00
24,200,50,0,0.04,-1.00
24,201,50,0,0.02,-1.00
24,202,50,0,0.06,-1.00
24,203,50,0,0.04,-1.00
24,204,50,0,0.02,-1.00
24,205,50,0,0.02,-1.00
24,206,50,0,0.04,-1.00
24,207,50,0,0.04,-1.00
24,208,50,0,0.04,-1.00
24,209,50,0,0.04,-1.00
24,210,50,0,0.00,-1.00
24,211,50,0,0.00,-1.00
24,212,50,0,0.02,-1.00
24,213,50,0,0.06,-1.00
24,214,50,0,0.08,-1.00
24,215,50,0,0.10,-1.00
24,216,50,0,0.16,-1.00
24,217,50,0,0.18,-1.00
24,218,50,0,0.20,-1.00
24,219,50,0,0.22,-1.00
24,220,50,0,0.20,-1.00
24,221,50,0,0.28,-1.00
24,222,50,0,0.26,-1.00
24,223,50,0,0.34,-1.00
24,224,50,0,0.26,-1.00
24,225,50,0,0.24,-1.00
24,226,50,0,0.22,-1.00
24,227,50,0,0.26,-1.00
24,228,50,0,0.36,-1.00
24,229,50,0,0.40,-1.00
24,230,50,0,0.26,-1.00
24,231,50,0,0.26,-1.00
24,232,50,0,0.32,-1.00
24,233,50,0,0.34,-1.00
24,234,50,0,0.24,-1.00
24,235,50,0,0.20,-1.00
24,236,50,0,0.10,-1.00
24,237,50,0,0.04,-1.00
24,238,50,0,0.04,-1.00
24,239,50,0,0.12,-1.00
24,240,50,0,0.14,-1.00
24,241,50,0,0.18,-1.00
24,242,50,0,0.24,-1.00
24,243,50,0,0.14,-1.00
24,244,50,0,0.18,-1.00
24,245,50,0,0.22,-1.00
24,246,50,0,0.08,-1.00
24,247,50,0,0.08,-1.00
24,248,50,0,0.06,-1.00
24,249,50,0,0.08,-1.00
24,250,50,0,0.04,-1.00
24,251,50,0,0.06,-1.00
24,252,50,0,0.04,-1.00
24,253,50,0,0.08,-1.00
24,254,50,0,0.12,-1.00
24,255,50,0,0.06,-1.00
24,256,50,0,0.04,-1.00
24,257,50,0,0.06,-1.00
24,258,50,0,0.02,-1.00
24,259,50,0,0.00,-1.00
24,260,50,0,0.00,-1.00
24,261,50,0,0.02,-1.00
24,262,50,0,0.04,-1.00
24,263,50,0,0.06,-1.00
24,264,50,0,0.08,-1.00
24,265,50,0,0.10,-1.00
24,266,50,0,0.04,-1.00
24,267,50,0,0.18,-1.00
24,268,50,0,0.24,-1.00
24,269,50,0,0.24,-1.00
24,270,50,0,0.16,-1.00
24,271,50,0,0.24,-1.00
24,272,50,0,0.14,-1.00
24,273,50,0,0.18,-1.00
24,274,50,0,0.12,-1.00
24,275,50,0,0.16,-1.00
24,276,50,0,0.18,-1.00
24,277,50,0,0.10,-1.00
24,278,50,0,0.06,-1.00
24,279,50,0,0.10,-1.00
24,280,50,0,0.10,-1.00
24,281,50,0,0.14,-1.00
24,282,50,0,0.10,-1.00
24,283,50,0,0.08,-1.00
24,284,50,0,0.20,-1.00
24,285,50,0,0.16,-1.00
24,286,50,0,0.08,-1.00
24,287,50,0,0.08,-1.00
24,288,50,0,0.04,-1.00
24,289,50,0,0.12,-1.00
24,290,50,0,0.10,-1.00
24,291,50,0,0.10,-1.00
24,292,50,0,0.16,-1.00
24,293,50,0,0.14,-1.00
24,294,50,0,0.12,-1.00
24,295,50,0,0.14,-1.00
24,296,50,0,0.20,-1.00
24,297,50,0,0.20,-1.00
24,298,50,0,0.24,-1.00
24,299,50,0,0.20,-1.00
24,300,50,0,0.28,-1.00
24,301,50,0,0.30,-1.00
24,302,50,0,0.28,-1.00
24,303,50,0,0.22,-1.00
24,304,50,0,0.22,-1.00
24,305,50,0,0.26,-1.00
24,306,50,0,0.28,-1.00
24,307,50,0,0.22,-1.00
24,308,50,0,0.16,-1.00
24,309,50,0,0.12,-1.00
24,310,50,0,0.18,-1.00
24,311,50,0,0.10,-1.00
24,312,50,0,0.14,-1.00
24,313,50,0,0.08,-1.00
24,314,50,0,0.04,-1.00
24,315,50,0,0.02,-1.00
24,316,50,0,0.02,-1.00
24,317,50,0,0.06,-1.00
24,318,50,0,0.16,-1.00
24,319,50,0,0.18,-1.00
24,320,50,0,0.22,-1.00
24,321,50,0,0.28,-1.00
24,322,50,0,0.34,-1.00
24,323,50,0,0.26,-1.00
24,324,50,0,0.22,-1.00
24,325,50,0,0.14,-1.00
24,326,50,0,0.10,-1.00
24,327,50,0,0.12,-1.00
24,328,50,0,0.16,-1.00
24,329,50,0,0.04,-1.00
24,330,50,0,0.02,-1.00
24,331,50,0,0.02,-1.00
24,332,50,0,0.00,-1.00
24,333,50,0,0.00,-1.00
24,334,50,0,0.00,-1.00
24,335,50,0,0.02,-1.00
24,336,50,0,0.04,-1.00
24,337,50,0,0.02,-1.00
24,338,50,0,0.04,-1.00
24,339,50,0,0.04,-1.00
24,340,50,0,0.00,-1.00
24,341,50,0,0.00,-1.00
24,342,50,0,0.00,-1.00
24,343,50,0,0.00,-1.00
24,344,50,0,0.00,-1.00
24,345,50,0,0.00,-1.00
24,346,50,0,0.02,-1.00
24,347,50,0,0.00,-1.00
24,348,50,0,0.02,-1.00
24,349,50,0,0.04,-1.00
24,350,50,0,0.04,-1.00
24,351,50,0,0.08,-1.00
24,352,50,0,0.06,-1.00
24,353,50,0,0.04,-1.00
24,354,50,0,0.04,-1.00
24,355,50,0,0.00,-1.00
24,356,50,0,0.00,-1.00
24,357,50,0,0.00,-1.00
24,358,50,0,0.00,-1.00
24,359,50,0,0.02,-1.00
24,360,50,0,0.00,-1.00
24,361,50,0,0.00,-1.00
24,362,50,0,0.00,-1.00
24,363,50,0,0.00,-1.00
24,364,50,0,0.00,-1.00
24,365,50,0,0.00,-1.00
24,366,50,0,0.02,-1.00
24,367,50,0,0.02,-1.00
24,368,50,0,0.02,-1.00
24,369,50,0,0.00,-1.00
24,370,50,0,0.00,-1.00
24,371,50,0,0.00,-1.00
24,372,50,0,0.00,-1.00
24,373,50,0,0.00,-1.00
24,374,50,0,0.00,-1.00
24,375,50,0,0.00,-1.00
24,376,50,0,0.04,-1.00
24,377,50,0,0.14,-1.00
24,378,50,0,0.08,-1.00
24,379,50,0,0.04,-1.00
24,380,50,0,0.00,-1.00
24,381,50,0,0.00,-1.00
24,382,50,0,0.00,-1.00
24,383,50,0,0.00,-1.00
24,384,50,0,0.00,-1.00
24,385,50,0,0.00,-1.00
24,386,50,0,0.00,-1.00
24,387,50,0,0.00,-1.00
24,388,50,0,0.14,-1.00
24,389,50,0,0.10,-1.00
24,390,50,0,0.14,-1.00
24,391,50,0,0.22,-1.00
24,392,50,0,0.12,-1.00
24,393,50,0,0.08,-1.00
24,394,50,0,0.04,-1.00
24,395,50,0,0.04,-1.00
24,396,50,0,0.02,-1.00
24,397,50,0,0.00,-1.00
24,398,50,0,0.04,-1.00
24,399,50,0,0.10,-1.00
24,400,50,0,0.16,-1.00
24,401,50,0,0.20,-1.00
24,402,50,0,0.16,-1.00
24,403,50,0,0.20,-1.00
24,404,50,0,0.24,-1.00
24,405,50,0,0.26,-1.00
24,406,50,0,0.30,-1.00
24,407,50,0,0.24,-1.00
24,408,50,0,0.22,-1.00
24,409,50,0,0.22,-1.00
24,410,50,0,0.20,-1.00
24,411,50,0,0.16,-1.00
24,412,50,0,0.16,-1.00
24,413,50,0,0.12,-1.00
24,414,50,0,0.12,-1.00
24,415,50,0,0.14,-1.00
24,416,50,0,0.10,-1.00
24,417,50,0,0.06,-1.00
24,418,50,0,0.10,-1.00
24,419,50,0,0.12,-1.00
24,420,50,0,0.14,-1.00
24,421,50,0,0.14,-1.00
24,422,50,0,0.14,-1.00
24,423,50,0,0.16,-1.00
24,424,50,0,0.22,-1.00
24,425,50,0,0.18,-1.00
24,426,50,0,0.14,-1.00
24,427,50,0,0.20,-1.00
24,428,50,0,0.18,-1.00
24,429,50,0,0.16,-1.00
24,430,50,0,0.20,-1.00
24,431,50,0,0.24,-1.00
24,432,50,0,0.22,-1.00
24,433,50,0,0.20,-1.00
24,434,50,0,0.34,-1.00
24,435,50,0,0.24,-1.00
24,436,50,0,0.22,-1.00
24,437,50,0,0.26,-1.00
24,438,50,0,0.22,-1.00
24,439,50,0,0.24,-1.00
24,440,50,0,0.24,-1.00
24,441,50,0,0.22,-1.00
24,442,50,0,0.14,-1.00
24,443,50,0,0.14,-1.00
24,444,50,0,0.22,-1.00
24,445,50,0,0.24,-1.00
24,446,50,0,0.24,-1.00
24,447,50,0,0.20,-1.00
24,448,50,0,0.16,-1.00
24,449,50,0,0.16,-1.00
24,450,50,0,0.18,-1.00
24,451,50,0,0.12,-1.00
24,452,50,0,0.08,-1.00
24,453,50,0,0.10,-1.00
24,454,50,0,0.18,-1.00
24,455,50,0,0.24,-1.00
24,456,50,0,0.18,-1.00
24,457,50,0,0.18,-1.00
24,458,50,0,0.14,-1.00
24,459,50,0,0.22,-1.00
24,460,50,0,0.20,-1.00
24,461,50,0,0.24,-1.00
24,462,50,0,0.22,-1.00
24,463,50,0,0.26,-1.00
24,464,50,0,0.24,-1.00
24,465,50,0,0.20,-1.00
24,466,50,0,0.18,-1.00
24,467,50,0,0.16,-1.00
24,468,50,0,0.16,-1.00
24,469,50,0,0.16,-1.00
24,470,50,0,0.16,-1.00
24,471,50,0,0.12,-1.00
24,472,50,0,0.12,-1.00
24,473,50,0,0.14,-1.00
24,474,50,0,0.06,-1.00
24,475,50,0,0.06,-1.00
24,476,50,0,0.12,-1.00
24,477,50,0,0.16,-1.00
24,478,50,0,0.18,-1.00
24,479,50,0,0.12,-1.00
24,480,50,0,0.12,-1.00
24,481,50,0,0.16,-1.00
24,482,50,0,0.14,-1.00
24,483,50,0,0.16,-1.00
24,484,50,0,0.12,-1.00
24,485,50,0,0.10,-1.00
24,486,50,0,0.04,-1.00
24,487,50,0,0.06,-1.00
24,488,50,0,0.10,-1.00
24,489,50,0,0.12,-1.00
24,490,50,0,0.04,-1.00
24,491,50,0,0.10,-1.00
24,492,50,0,0.12,-1.00
24,493,50,0,0.14,-1.00
24,494,50,0,0.06,-1.00
24,495,50,0,0.06,-1.00
24,496,50,0,0.04,-1.00
24,497,50,0,0.04,-1.00
24,498,50,0,0.02,-1.00
24,499,50,0,0.00,-1.00
24,500,50,0,0.00,-1.00
25,1,50,0,0.00,-1.00
25,2,50,0,0.04,-1.00
25,3,50,0,0.06,-1.00
25,4,50,0,0.02,-1.00
25,5,50,0,0.04,-1.00
25,6,50,0,0.02,-1.00
25,7,50,0,0.00,-1.00
25,8,50,0,0.00,-1.00
25,9,50,0,0.00,-1.00
25,10,50,0,0.00,-1.00
25,11,50,0,0.00,-1.00
25,12,50,0,0.00,-1.00
25,13,50,0,0.00,-1.00
25,14,50,0,0.00,-1.00
25,15,50,0,0.00,-1.00
25,16,50,0,0.00,-1.00
25,17,50,0,0.00,-1.00
25,18,50,0,0.00,-1.00
25,19,50,0,0.02,-1.00
25,20,50,0,0.04,-1.00
25,21,50,0,0.04,-1.00
25,22,50,0,0.00,-1.00
25,23,50,0,0.02,-1.00
25,24,50,0,0.02,-1.00
25,25,50,0,0.06,-1.00
25,26,50,0,0.14,-1.00
25,27,50,0,0.18,-1.00
25,28,50,0,0.14,-1.00
25,29,50,0,0.06,-1.00
25,30,50,0,0.02,-1.00
25,31,50,0,0.02,-1.00
25,32,50,0,0.00,-1.00
25,33,50,0,0.00,-1.00
25,34,50,0,0.00,-1.00
25,35,50,0,0.00,-1.00
25,36,50,0,0.00,-1.00
25,37,50,0,0.00,-1.00
25,38,50,0,0.00,-1.00
25,39,50,0,0.00,-1.00
25,40,50,0,0.00,-1.00
25,41,50,0,0.00,-1.00
25,42,50,0,0.04,-1.00
25,43,50,0,0.02,-1.00
25,44,50,0,0.00,-1.00
25,45,50,0,0.00,-1.00
25,46,50,0,0.00,-1.00
25,47,50,0,0.02,-1.00
25,48,50,0,0.04,-1.00
25,49,50,0,0.00,-1.00
25,50,50,0,0.00,-1.00
25,51,50,0,0.00,-1.00
25,52,50,0,0.00,-1.00
25,53,50,0,0.02,-1.00
25,54,50,0,0.04,-1.00
25,55,50,0,0.06,-1.00
25,56,50,0,0.10,-1.00
25,57,50,0,0.14,-1.00
25,58,50,0,0.18,-1.00
25,59,50,0,0.26,-1.00
25,60,50,0,0.24,-1.00
25,61,50,0,0.30,-1.00
25,62,50,0,0.40,-1.00
25,63,50,0,0.26,-1.00
25,64,50,0,0.32,-1.00
25,65,50,0,0.30,-1.00
25,66,50,0,0.40,-1.00
25,67,50,0,0.36,-1.00
25,68,50,0,0.28,-1.00
25,69,50,0,0.24,-1.00
25,70,50,0,0.26,-1.00
25,71,50,0,0.16,-1.00
25,72,50,0,0.18,-1.00
25,73,50,0,0.22,-1.00
25,74,50,0,0.20,-1.00
25,75,50,0,0.14,-1.00
25,76,50,0,0.10,-1.00
25,77,50,0,0.04,-1.00
25,78,50,0,0.08,-1.00
25,79,50,0,0.10,-1.00
25,80,50,0,0.12,-1.00
25,81,50,0,0.10,-1.00
25,82,50,0,0.06,-1.00
25,83,50,0,0.08,-1.00
25,84,50,0,0.06,-1.00
25,85,50,0,0.04,-1.00
25,86,50,0,0.02,-1.00
25,87,50,0,0.02,-1.00
25,88,50,0,0.02,-1.00
25,89,50,0,0.02,-1.00
25,90,50,0,0.02,-1.00
25,91,50,0,0.02,-1.00
25,92,50,0,0.04,-1.00
25,93,50,0,0.02,-1.00
25,94,50,0,0.00,-1.00
25,95,50,0,0.04,-1.00
25,96,50,0,0.06,-1.00
25,97,50,0,0.08,-1.00
25,98,50,0,0.06,-1.00
25,99,50,0,0.08,-1.00
25,100,50,0,0.18,-1.00
25,101,50,0,0.36,-1.00
25,102,50,0,0.52,-1.00
25,103,50,0,0.32,-1.00
25,104,50,0,0.36,-1.00
25,105,50,0,0.40,-1.00
25,106,50,0,0.34,-1.00
25,107,50,0,0.44,-1.00
25,108,50,0,0.30,-1.00
25,109,50,0,0.32,-1.00
25,110,50,0,0.32,-1.00
25,111,50,0,0.32,-1.00
25,112,50,0,0.36,-1.00
25,113,50,0,0.46,-1.00
25,114,50,0,0.42,-1.00
25,115,50,0,0.50,-1.00
25,116,50,0,0.40,-1.00
25,117,50,0,0.42,-1.00
25,118,50,0,0.40,-1.00
25,119,50,0,0.44,-1.00
25,120,50,0,0.50,-1.00
25,121,50,0,0.50,-1.00
25,122,50,0,0.50,-1.00
25,123,50,0,0.56,-1.00
25,124,50,0,0.54,-1.00
25,125,50,0,0.48,-1.00
25,126,50,0,0.58,-1.00
25,127,50,0,0.48,-1.00
25,128,50,0,0.38,-1.00
25,129,50,0,0.40,-1.00
25,130,50,0,0.42,-1.00
25,131,50,0,0.50,-1.00
25,132,50,0,0.48,-1.00
25,133,50,0,0.52,-1.00
25,134,50,0,0.62,-1.00
25,135,50,0,0.58,-1.00
25,136,50,0,0.48,-1.00
25,137,50,0,0.46,-1.00
25,138,50,0,0.40,-1.00
25,139,50,0,0.44,-1.00
25,140,50,0,0.42,-1.00
25,141,50,0,0.50,-1.00
25,142,50,0,0.50,-1.00
25,143,50,0,0.58,-1.00
25,144,50,0,0.54,-1.00
25,145,50,0,0.48,-1.00
25,146,50,0,0.44,-1.00
25,147,50,0,0.48,-1.00
25,148,50,0,0.48,-1.00
25,149,50,0,0.40,-1.00
25,150,50,0,0.24,-1.00
25,151,50,0,0.28,-1.00
25,152,50,0,0.40,-1.00
25,153,50,0,0.24,-1.00
25,154,50,0,0.32,-1.00
25,155,50,0,0.26,-1.00
25,156,50,0,0.44,-1.00
25,157,50,0,0.36,-1.00
25,158,50,0,0.40,-1.00
25,159,50,0,0.34,-1.00
25,160,50,0,0.36,-1.00
25,161,50,0,0.28,-1.00
25,162,50,0,0.20,-1.00
25,163,50,0,0.10,-1.00
25,164,50,0,0.08,-1.00
25,165,50,0,0.06,-1.00
25,166,50,0,0.02,-1.00
25,167,50,0,0.04,-1.00
25,168,50,0,0.06,-1.00
25,169,50,0,0.04,-1.00
25,170,50,0,0.02,-1.00
25,171,50,0,0.02,-1.00
25,172,50,0,0.04,-1.00
25,173,50,0,0.02,-1.00
25,174,50,0,0.00,-1.00
25,175,50,0,0.00,-1.00
25,176,50,0,0.04,-1.00
25,177,50,0,0.04,-1.00
25,178,50,0,0.08,-1.00
25,179,50,0,0.10,-1.00
25,180,50,0,0.10,-1.00
25,181,50,0,0.14,-1.00
25,182,50,0,0.12,-1.00
25,183,50,0,0.06,-1.00
25,184,50,0,0.12,-1.00
25,185,50,0,0.10,-1.00
25,186,50,0,0.08,-1.00
25,187,50,0,0.04,-1.00
25,188,50,0,0.04,-1.00
25,189,50,0,0.06,-1.00
25,190,50,0,0.06,-1.00
25,191,50,0,0.02,-1.00
25,192,50,0,0.04,-1.00
25,193,50,0,0.12,-1.00
25,194,50,0,0.04,-1.00
25,195,50,0,0.06,-1.00
25,196,50,0,0.06,-1.00
25,197,50,0,0.16,-1.00
25,198,50,0,0.12,-1.00
25,199,50,0,0.18,-1.00
25,200,50,0,0.16,-1.00
25,201,50,0,0.20,-1.00
25,202,50,0,0.22,-1.00
25,203,50,0,0.18,-1.00
25,204,50,0,0.26,-1.00
25,205,50,0,0.22,-1.00
25,206,50,0,0.14,-1.00
25,207,50,0,0.16,-1.00
25,208,50,0,0.12,-1.00
25,209,50,0,0.08,-1.00
25,210,50,0,0.08,-1.00
25,211,50,0,0.08,-1.00
25,212,50,0,0.08,-1.00
25,213,50,0,0.04,-1.00
25,214,50,0,0.02,-1.00
25,215,50,0,0.00,-1.00
25,216,50,0,0.00,-1.00
25,217,50,0,0.00,-1.00
25,218,50,0,0.00,-1.00
25,219,50,0,0.00,-1.00
25,220,50,0,0.00,-1.00
25,221,50,0,0.00,-1.00
25,222,50,0,0.00,-1.00
25,223,50,0,0.00,-1.00
25,224,50,0,0.00,-1.00
25,225,50,0,0.00,-1.00
25,226,50,0,0.00,-1.00
25,227,50,0,0.00,-1.00
25,228,50,0,0.00,-1.00
25,229,50,0,0.02,-1.00
25,230,50,0,0.00,-1.00
25,231,50,0,0.00,-1.00
25,232,50,0,0.02,-1.00
25,233,50,0,0.00,-1.00
25,234,50,0,0.02,-1.00
25,235,50,0,0.00,-1.00
25,236,50,0,0.00,-1.00
25,237,50,0,0.00,-1.00
25,238,50,0,0.00,-1.00
25,239,50,0,0.00,-1.00
25,240,50,0,0.00,-1.00
25,241,50,0,0.00,-1.00
25,242,50,0,0.06,-1.00
25,243,50,0,0.10,-1.00
25,244,50,0,0.16,-1.00
25,245,50,0,0.10,-1.00
25,246,50,0,0.12,-1.00
25,247,50,0,0.22,-1.00
25,248,50,0,0.22,-1.00
25,249,50,0,0.24,-1.00
25,250,50,0,0.32,-1.00
25,251,50,0,0.42,-1.00
25,252,50,0,0.38,-1.00
25,253,50,0,0.40,-1.00
25,254,50,0,0.40,-1.00
25,255,50,0,0.46,-1.00
25,256,50,0,0.34,-1.00
25,257,50,0,0.26,-1.00
25,258,50,0,0.30,-1.00
25,259,50,0,0.32,-1.00
25,260,50,0,0.34,-1.00
25,261,50,0,0.34,-1.00
25,262,50,0,0.36,-1.00
25,263,50,0,0.36,-1.00
25,264,50,0,0.34,-1.00
25,265,50,0,0.32,-1.00
25,266,50,0,0.40,-1.00
25,267,50,0,0.28,-1.00
25,268,50,0,0.14,-1.00
25,269,50,0,0.18,-1.00
25,270,50,0,0.10,-1.00
25,271,50,0,0.14,-1.00
25,272,50,0,0.12,-1.00
25,273,50,0,0.10,-1.00
25,274,50,0,0.12,-1.00
25,275,50,0,0.10,-1.00
25,276,50,0,0.08,-1.00
25,277,50,0,0.04,-1.00
25,278,50,0,0.04,-1.00
25,279,50,0,0.04,-1.00
25,280,50,0,0.00,-1.00
25,281,50,0,0.00,-1.00
25,282,50,0,0.00,-1.00
25,283,50,0,0.00,-1.00
25,284,50,0,0.00,-1.00
25,285,50,0,0.00,-1.00
25,286,50,0,0.00,-1.00
25,287,50,0,0.00,-1.00
25,288,50,0,0.00,-1.00
25,289,50,0,0.00,-1.00
25,290,50,0,0.00,-1.00
25,291,50,0,0.00,-1.00
25,292,50,0,0.06,-1.00
25,293,50,0,0.06,-1.00
25,294,50,0,0.08,-1.00
25,295,50,0,0.16,-1.00
25,296,50,0,0.08,-1.00
25,297,50,0,0.06,-1.00
25,298,50,0,0.08,-1.00
25,299,50,0,0.08,-1.00
25,300,50,0,0.06,-1.00
25,301,50,0,0.04,-1.00
25,302,50,0,0.04,-1.00
25,303,50,0,0.02,-1.00
25,304,50,0,0.00,-1.00
25,305,50,0,0.02,-1.00
25,306,50,0,0.02,-1.00
25,307,50,0,0.04,-1.00
25,308,50,0,0.00,-1.00
25,309,50,0,0.08,-1.00
25,310,50,0,0.10,-1.00
25,311,50,0,0.04,-1.00
25,312,50,0,0.04,-1.00
25,313,50,0,0.04,-1.00
25,314,50,0,0.04,-1.00
25,315,50,0,0.04,-1.00
25,316,50,0,0.06,-1.00
25,317,50,0,0.08,-1.00
25,318,50,0,0.12,-1.00
25,319,50,0,0.18,-1.00
25,320,50,0,0.08,-1.00
25,321,50,0,0.10,-1.00
25,322,50,0,0.06,-1.00
25,323,50,0,0.10,-1.00
25,324,50,0,0.10,-1.00
25,325,50,0,0.12,-1.00
25,326,50,0,0.08,-1.00
25,327,50,0,0.06,-1.00
25,328,50,0,0.08,-1.00
25,329,50,0,0.10,-1.00
25,330,50,0,0.22,-1.00
25,331,50,0,0.14,-1.00
25,332,50,0,0.14,-1.00
25,333,50,0,0.12,-1.00
25,334,50,0,0.18,-1.00
25,335,50,0,0.20,-1.00
25,336,50,0,0.12,-1.00
25,337,50,0,0.16,-1.00
25,338,50,0,0.16,-1.00
25,339,50,0,0.08,-1.00
25,340,50,0,0.08,-1.00
25,341,50,0,0.04,-1.00
25,342,50,0,0.00,-1.00
25,343,50,0,0.00,-1.00
25,344,50,0,0.00,-1.00
25,345,50,0,0.00,-1.00
25,346,50,0,0.00,-1.00
25,347,50,0,0.02,-1.00
25,348,50,0,0.00,-1.00
25,349,50,0,0.00,-1.00
25,350,50,0,0.00,-1.00
25,351,50,0,0.00,-1.00
25,352,50,0,0.00,-1.00
25,353,50,0,0.00,-1.00
25,354,50,0,0.00,-1.00
25,355,50,0,0.00,-1.00
25,356,50,0,0.02,-1.00
25,357,50,0,0.00,-1.00
25,358,50,0,0.00,-1.00
25,359,50,0,0.04,-1.00
25,360,50,0,0.06,-1.00
25,361,50,0,0.06,-1.00
25,362,50,0,0.06,-1.00
25,363,50,0,0.02,-1.00
25,364,50,0,0.08,-1.00
25,365,50,0,0.00,-1.00
25,366,50,0,0.00,-1.00
25,367,50,0,0.00,-1.00
25,368,50,0,0.00,-1.00
25,369,50,0,0.00,-1.00
25,370,50,0,0.02,-1.00
25,371,50,0,0.04,-1.00
25,372,50,0,0.06,-1.00
25,373,50,0,0.04,-1.00
25,374,50,0,0.02,-1.00
25,375,50,0,0.02,-1.00
25,376,50,0,0.06,-1.00
25,377,50,0,0.08,-1.00
25,378,50,0,0.02,-1.00
25,379,50,0,0.04,-1.00
25,380,50,0,0.02,-1.00
25,381,50,0,0.00,-1.00
25,382,50,0,0.00,-1.00
25,383,50,0,0.00,-1.00
25,384,50,0,0.00,-1.00
25,385,50,0,0.02,-1.00
25,386,50,0,0.08,-1.00
25,387,50,0,0.00,-1.00
25,388,50,0,0.00,-1.00
25,389,50,0,0.00,-1.00
25,390,50,0,0.00,-1.00
25,391,50,0,0.00,-1.00
25,392,50,0,0.00,-1.00
25,393,50,0,0.00,-1.00
25,394,50,0,0.00,-1.00
25,395,50,0,0.02,-1.00
25,396,50,0,0.00,-1.00
25,397,50,0,0.04,-1.00
25,398,50,0,0.08,-1.00
25,399,50,0,0.06,-1.00
25,400,50,0,0.08,-1.00
25,401,50,0,0.06,-1.00
25,402,50,0,0.10,-1.00
25,403,50,0,0.08,-1.00
25,404,50,0,0.10,-1.00
25,405,50,0,0.12,-1.00
25,406,50,0,0.06,-1.00
25,407,50,0,0.04,-1.00
25,408,50,0,0.04,-1.00
25,409,50,0,0.00,-1.00
25,410,50,0,0.00,-1.00
25,411,50,0,0.04,-1.00
25,412,50,0,0.06,-1.00
25,413,50,0,0.06,-1.00
25,414,50,0,0.04,-1.00
25,415,50,0,0.04,-1.00
25,416,50,0,0.02,-1.00
25,417,50,0,0.08,-1.00
25,418,50,0,0.06,-1.00
25,419,50,0,0.06,-1.00
25,420,50,0,0.02,-1.00
25,421,50,0,0.02,-1.00
25,422,50,0,0.02,-1.00
25,423,50,0,0.00,-1.00
25,424,50,0,0.02,-1.00
25,425,50,0,0.04,-1.00
25,426,50,0,0.10,-1.00
25,427,50,0,0.08,-1.00
25,428,50,0,0.04,-1.00
25,429,50,0,0.04,-1.00
25,430,50,0,0.12,-1.00
25,431,50,0,0.10,-1.00
25,432,50,0,0.16,-1.00
25,433,50,0,0.10,-1.00
25,434,50,0,0.12,-1.00
25,435,50,0,0.14,-1.00
25,436,50,0,0.10,-1.00
25,437,50,0,0.06,-1.00
25,438,50,0,0.00,-1.00
25,439,50,0,0.00,-1.00
25,440,50,0,0.00,-1.00
25,441,50,0,0.00,-1.00
25,442,50,0,0.00,-1.00
25,443,50,0,0.04,-1.00
25,444,50,0,0.08,-1.00
25,445,50,0,0.02,-1.00
25,446,50,0,0.02,-1.00
25,447,50,0,0.02,-1.00
25,448,50,0,0.06,-1.00
25,449,50,0,0.00,-1.00
25,450,50,0,0.00,-1.00
25,451,50,0,0.04,-1.00
25,452,50,0,0.02,-1.00
25,453,50,0,0.00,-1.00
25,454,50,0,0.00,-1.00
25,455,50,0,0.00,-1.00
25,456,50,0,0.00,-1.00
25,457,50,0,0.00,-1.00
25,458,50,0,0.00,-1.00
25,459,50,0,0.02,-1.00
25,460,50,0,0.00,-1.00
25,461,50,0,0.04,-1.00
25,462,50,0,0.00,-1.00
25,463,50,0,0.00,-1.00
25,464,50,0,0.04,-1.00
25,465,50,0,0.06,-1.00
25,466,50,0,0.12,-1.00
25,467,50,0,0.12,-1.00
25,468,50,0,0.14,-1.00
25,469,50,0,0.18,-1.00
25,470,50,0,0.14,-1.00
25,471,50,0,0.14,-1.00
25,472,50,0,0.14,-1.00
25,473,50,0,0.18,-1.00
25,474,50,0,0.16,-1.00
25,475,50,0,0.20,-1.00
25,476,50,0,0.16,-1.00
25,477,50,0,0.20,-1.00
25,478,50,0,0.20,-1.00
25,479,50,0,0.16,-1.00
25,480,50,0,0.18,-1.00
25,481,50,0,0.18,-1.00
25,482,50,0,0.12,-1.00
25,483,50,0,0.12,-1.00
25,484,50,0,0.02,-1.00
25,485,50,0,0.04,-1.00
25,486,50,0,0.04,-1.00
25,487,50,0,0.02,-1.00
25,488,50,0,0.06,-1.00
25,489,50,0,0.04,-1.00
25,490,50,0,0.02,-1.00
25,491,50,0,0.02,-1.00
25,492,50,0,0.02,-1.00
25,493,50,0,0.02,-1.00
25,494,50,0,0.02,-1.00
25,495,50,0,0.02,-1.00
25,496,50,0,0.08,-1.00
25,497,50,0,0.08,-1.00
25,498,50,0,0.06,-1.00
25,499,50,0,0.06,-1.00
25,500,50,0,0.10,-1.00
26,1,50,0,0.00,-1.00
26,2,50,0,0.06,-1.00
26,3,50,0,0.06,-1.00
26,4,50,0,0.10,-1.00
26,5,50,0,0.14,-1.00
26,6,50,0,0.10,-1.00
26,7,50,0,0.08,-1.00
26,8,50,0,0.12,-1.00
26,9,50,0,0.10,-1.00
26,10,50,0,0.08,-1.00
26,11,50,0,0.08,-1.00
26,12,50,0,0.04,-1.00
26,13,50,0,0.06,-1.00
26,14,50,0,0.08,-1.00
26,15,50,0,0.22,-1.00
26,16,50,0,0.26,-1.00
26,17,50,0,0.20,-1.00
26,18,50,0,0.22,-1.00
26,19,50,0,0.34,-1.00
26,20,50,0,0.20,-1.00
26,21,50,0,0.20,-1.00
26,22,50,0,0.16,-1.00
26,23,50,0,0.20,-1.00
26,24,50,0,0.12,-1.00
26,25,50,0,0.16,-1.00
26,26,50,0,0.10,-1.00
26,27,50,0,0.04,-1.00
26,28,50,0,0.08,-1.00
26,29,50,0,0.04,-1.00
26,30,50,0,0.12,-1.00
26,31,50,0,0.04,-1.00
26,32,50,0,0.02,-1.00
26,33,50,0,0.04,-1.00
26,34,50,0,0.06,-1.00
26,35,50,0,0.02,-1.00
26,36,50,0,0.02,-1.00
26,37,50,0,0.06,-1.00
26,38,50,0,0.14,-1.00
26,39,50,0,0.12,-1.00
26,40,50,0,0.12,-1.00
26,41,50,0,0.08,-1.00
26,42,50,0,0.08,-1.00
26,43,50,0,0.10,-1.00
26,44,50,0,0.04,-1.00
26,45,50,0,0.06,-1.00
26,46,50,0,0.08,-1.00
26,47,50,0,0.06,-1.00
26,48,50,0,0.02,-1.00
26,49,50,0,0.00,-1.00
26,50,50,0,0.00,-1.00
26,51,50,0,0.00,-1.00
26,52,50,0,0.00,-1.00
26,53,50,0,0.00,-1.00
26,54,50,0,0.00,-1.00
26,55,50,0,0.00,-1.00
26,56,50,0,0.00,-1.00
26,57,50,0,0.00,-1.00
26,58,50,0,0.00,-1.00
26,59,50,0,0.00,-1.00
26,60,50,0,0.00,-1.00
26,61,50,0,0.00,-1.00
26,62,50,0,0.00,-1.00
26,63,50,0,0.00,-1.00
26,64,50,0,0.00,-1.00
26,65,50,0,0.00,-1.00
26,66,50,0,0.00,-1.00
26,67,50,0,0.00,-1.00
26,68,50,0,0.00,-1.00
26,69,50,0,0.00,-1.00
26,70,50,0,0.00,-1.00
26,71,50,0,0.00,-1.00
26,72,50,0,0.00,-1.00
26,73,50,0,0.02,-1.00
26,74,50,0,0.00,-1.00
26,75,50,0,0.00,-1.00
26,76,50,0,0.00,-1.00
26,77,50,0,0.00,-1.00
26,78,50,0,0.04,-1.00
26,79,50,0,0.00,-1.00
26,80,50,0,0.02,-1.00
26,81,50,0,0.00,-1.00
26,82,50,0,0.00,-1.00
26,83,50,0,0.00,-1.00
26,84,50,0,0.00,-1.00
26,85,50,0,0.00,-1.00
26,86,50,0,0.00,-1.00
26,87,50,0,0.00,-1.00
26,88,50,0,0.00,-1.00
26,89,50,0,0.04,-1.00
26,90,50,0,0.00,-1.00
26,91,50,0,0.00,-1.00
26,92,50,0,0.00,-1.00
26,93,50,0,0.00,-1.00
26,94,50,0,0.00,-1.00
26,95,50,0,0.00,-1.00
26,96,50,0,0.00,-1.00
26,97,50,0,0.00,-1.00
26,98,50,0,0.00,-1.00
26,99,50,0,0.00,-1.00
26,100,50,0,0.06,-1.00
26,101,50,0,0.10,-1.00
26,102,50,0,0.08,-1.00
26,103,50,0,0.04,-1.00
26,104,50,0,0.02,-1.00
26,105,50,0,0.02,-1.00
26,106,50,0,0.00,-1.00
26,107,50,0,0.00,-1.00
26,108,50,0,0.00,-1.00
26,109,50,0,0.00,-1.00
26,110,50,0,0.02,-1.00
26,111,50,0,0.02,-1.00
26,112,50,0,0.02,-1.00
26,113,50,0,0.04,-1.00
26,114,50,0,0.02,-1.00
26,115,50,0,0.02,-1.00
26,116,50,0,0.02,-1.00
26,117,50,0,0.02,-1.00
26,118,50,0,0.00,-1.00
26,119,50,0,0.00,-1.00
26,120,50,0,0.00,-1.00
26,121,50,0,0.00,-1.00
26,122,50,0,0.00,-1.00
26,123,50,0,0.00,-1.00
26,124,50,0,0.00,-1.00
26,125,50,0,0.00,-1.00
26,126,50,0,0.02,-1.00
26,127,50,0,0.00,-1.00
26,128,50,0,0.04,-1.00
26,129,50,0,0.12,-1.00
26,130,50,0,0.16,-1.00
26,131,50,0,0.04,-1.00
26,132,50,0,0.12,-1.00
26,133,50,0,0.08,-1.00
26,134,50,0,0.20,-1.00
26,135,50,0,0.30,-1.00
26,136,50,0,0.14,-1.00
26,137,50,0,0.14,-1.00
26,138,50,0,0.08,-1.00
26,139,50,0,0.08,-1.00
26,140,50,0,0.06,-1.00
26,141,50,0,0.06,-1.00
26,142,50,0,0.10,-1.00
26,143,50,0,0.18,-1.00
26,144,50,0,0.10,-1.00
26,145,50,0,0.06,-1.00
26,146,50,0,0.04,-1.00
26,147,50,0,0.02,-1.00
26,148,50,0,0.04,-1.00
26,149,50,0,0.04,-1.00
26,150,50,0,0.02,-1.00
26,151,50,0,0.00,-1.00
26,152,50,0,0.00,-1.00
26,153,50,0,0.00,-1.00
26,154,50,0,0.00,-1.00
26,155,50,0,0.00,-1.00
26,156,50,0,0.02,-1.00
26,157,50,0,0.02,-1.00
26,158,50,0,0.08,-1.00
26,159,50,0,0.08,-1.00
26,160,50,0,0.14,-1.00
26,161,50,0,0.20,-1.00
26,162,50,0,0.24,-1.00
26,163,50,0,0.26,-1.00
26,164,50,0,0.28,-1.00
26,165,50,0,0.30,-1.00
26,166,50,0,0.40,-1.00
26,167,50,0,0.48,-1.00
26,168,50,0,0.48,-1.00
26,169,50,0,0.48,-1.00
26,170,50,0,0.48,-1.00
26,171,50,0,0.44,-1.00
26,172,50,0,0.46,-1.00
26,173,50,0,0.44,-1.00
26,174,50,0,0.40,-1.00
26,175,50,0,0.32,-1.00
26,176,50,0,0.20,-1.00
26,177,50,0,0.18,-1.00
26,178,50,0,0.14,-1.00
26,179,50,0,0.14,-1.00
26,180,50,0,0.10,-1.00
26,181,50,0,0.08,-1.00
26,182,50,0,0.04,-1.00
26,183,50,0,0.08,-1.00
26,184,50,0,0.12,-1.00
26,185,50,0,0.06,-1.00
26,186,50,0,0.06,-1.00
26,187,50,0,0.10,-1.00
26,188,50,0,0.12,-1.00
26,189,50,0,0.10,-1.00
26,190,50,0,0.12,-1.00
26,191,50,0,0.12,-1.00
26,192,50,0,0.06,-1.00
26,193,50,0,0.04,-1.00
26,194,50,0,0.06,-1.00
26,195,50,0,0.06,-1.00
26,196,50,0,0.04,-1.00
26,197,50,0,0.10,-1.00
26,198,50,0,0.16,-1.00
26,199,50,0,0.04,-1.00
26,200,50,0,0.08,-1.00
26,201,50,0,0.04,-1.00
26,202,50,0,0.06,-1.00
26,203,50,0,0.12,-1.00
26,204,50,0,0.12,-1.00
26,205,50,0,0.12,-1.00
26,206,50,0,0.12,-1.00
26,207,50,0,0.08,-1.00
26,208,50,0,0.06,-1.00
26,209,50,0,0.16,-1.00
26,210,50,0,0.18,-1.00
26,211,50,0,0.20,-1.00
26,212,50,0,0.18,-1.00
26,213,50,0,0.14,-1.00
26,214,50,0,0.20,-1.00
26,215,50,0,0.30,-1.00
26,216,50,0,0.20,-1.00
26,217,50,0,0.16,-1.00
26,218,50,0,0.20,-1.00
26,219,50,0,0.24,-1.00
26,220,50,0,0.16,-1.00
26,221,50,0,0.12,-1.00
26,222,50,0,0.02,-1.00
26,223,50,0,0.00,-1.00
26,224,50,0,0.00,-1.00
26,225,50,0,0.00,-1.00
26,226,50,0,0.00,-1.00
26,227,50,0,0.00,-1.00
26,228,50,0,0.00,-1.00
26,229,50,0,0.02,-1.00
26,230,50,0,0.00,-1.00
26,231,50,0,0.06,-1.00
26,232,50,0,0.04,-1.00
26,233,50,0,0.02,-1.00
26,234,50,0,0.02,-1.00
26,235,50,0,0.00,-1.00
26,236,50,0,0.00,-1.00
26,237,50,0,0.00,-1.00
26,238,50,0,0.04,-1.00
26,239,50,0,0.04,-1.00
26,240,50,0,0.04,-1.00
26,241,50,0,0.06,-1.00
26,242,50,0,0.06,-1.00
26,243,50,0,0.06,-1.00
26,244,50,0,0.02,-1.00
26,245,50,0,0.02,-1.00
26,246,50,0,0.06,-1.00
26,247,50,0,0.14,-1.00
26,248,50,0,0.10,-1.00
26,249,50,0,0.14,-1.00
26,250,50,0,0.18,-1.00
26,251,50,0,0.16,-1.00
26,252,50,0,0.10,-1.00
26,253,50,0,0.10,-1.00
26,254,50,0,0.02,-1.00
26,255,50,0,0.02,-1.00
26,256,50,0,0.04,-1.00
26,257,50,0,0.06,-1.00
26,258,50,0,0.12,-1.00
26,259,50,0,0.12,-1.00
26,260,50,0,0.18,-1.00
26,261,50,0,0.12,-1.00
26,262,50,0,0.08,-1.00
26,263,50,0,0.04,-1.00
26,264,50,0,0.06,-1.00
26,265,50,0,0.08,-1.00
26,266,50,0,0.10,-1.00
26,267,50,0,0.14,-1.00
26,268,50,0,0.16,-1.00
26,269,50,0,0.16,-1.00
26,270,50,0,0.22,-1.00
26,271,50,0,0.22,-1.00
26,272,50,0,0.26,-1.00
26,273,50,0,0.28,-1.00
26,274,50,0,0.30,-1.00
26,275,50,0,0.26,-1.00
26,276,50,0,0.24,-1.00
26,277,50,0,0.18,-1.00
26,278,50,0,0.20,-1.00
26,279,50,0,0.18,-1.00
26,280,50,0,0.14,-1.00
26,281,50,0,0.14,-1.00
26,282,50,0,0.16,-1.00
26,283,50,0,0.14,-1.00
26,284,50,0,0.08,-1.00
26,285,50,0,0.04,-1.00
26,286,50,0,0.04,-1.00
26,287,50,0,0.04,-1.00
26,288,50,0,0.02,-1.00
26,289,50,0,0.00,-1.00
26,290,50,0,0.02,-1.00
26,291,50,0,0.00,-1.00
26,292,50,0,0.00,-1.00
26,293,50,0,0.00,-1.00
26,294,50,0,0.00,-1.00
26,295,50,0,0.00,-1.00
26,296,50,0,0.00,-1.00
26,297,50,0,0.04,-1.00
26,298,50,0,0.02,-1.00
26,299,50,0,0.06,-1.00
26,300,50,0,0.10,-1.00
26,301,50,0,0.06,-1.00
26,302,50,0,0.10,-1.00
26,303,50,0,0.04,-1.00
26,304,50,0,0.06,-1.00
26,305,50,0,0.02,-1.00
26,306,50,0,0.06,-1.00
26,307,50,0,0.06,-1.00
26,308,50,0,0.06,-1.00
26,309,50,0,0.10,-1.00
26,310,50,0,0.06,-1.00
26,311,50,0,0.04,-1.00
26,312,50,0,0.10,-1.00
26,313,50,0,0.06,-1.00
26,314,50,0,0.06,-1.00
26,315,50,0,0.04,-1.00
26,316,50,0,0.02,-1.00
26,317,50,0,0.02,-1.00
26,318,50,0,0.00,-1.00
26,319,50,0,0.00,-1.00
26,320,50,0,0.00,-1.00
26,321,50,0,0.00,-1.00
26,322,50,0,0.00,-1.00
26,323,50,0,0.04,-1.00
26,324,50,0,0.04,-1.00
26,325,50,0,0.04,-1.00
26,326,50,0,0.02,-1.00
26,327,50,0,0.00,-1.00
26,328,50,0,0.00,-1.00
26,329,50,0,0.00,-1.00
26,330,50,0,0.00,-1.00
26,331,50,0,0.00,-1.00
26,332,50,0,0.00,-1.00
26,333,50,0,0.00,-1.00
26,334,50,0,0.00,-1.00
26,335,50,0,0.00,-1.00
26,336,50,0,0.00,-1.00
26,337,50,0,0.00,-1.00
26,338,50,0,0.00,-1.00
26,339,50,0,0.00,-1.00
26,340,50,0,0.02,-1.00
26,341,50,0,0.02,-1.00
26,342,50,0,0.02,-1.00
26,343,50,0,0.02,-1.00
26,344,50,0,0.00,-1.00
26,345,50,0,0.00,-1.00
26,346,50,0,0.02,-1.00
26,347,50,0,0.06,-1.00
26,348,50,0,0.14,-1.00
26,349,50,0,0.10,-1.00
26,350,50,0,0.10,-1.00
26,351,50,0,0.04,-1.00
26,352,50,0,0.04,-1.00
26,353,50,0,0.06,-1.00
26,354,50,0,0.08,-1.00
26,355,50,0,0.06,-1.00
26,356,50,0,0.02,-1.00
26,357,50,0,0.02,-1.00
26,358,50,0,0.04,-1.00
26,359,50,0,0.00,-1.00
26,360,50,0,0.00,-1.00
26,361,50,0,0.02,-1.00
26,362,50,0,0.04,-1.00
26,363,50,0,0.08,-1.00
26,364,50,0,0.10,-1.00
26,365,50,0,0.16,-1.00
26,366,50,0,0.16,-1.00
26,367,50,0,0.26,-1.00
26,368,50,0,0.18,-1.00
26,369,50,0,0.22,-1.00
26,370,50,0,0.20,-1.00
26,371,50,0,0.14,-1.00
26,372,50,0,0.10,-1.00
26,373,50,0,0.14,-1.00
26,374,50,0,0.18,-1.00
26,375,50,0,0.10,-1.00
26,376,50,0,0.06,-1.00
26,377,50,0,0.04,-1.00
26,378,50,0,0.04,-1.00
26,379,50,0,0.04,-1.00
26,380,50,0,0.04,-1.00
26,381,50,0,0.06,-1.00
26,382,50,0,0.06,-1.00
26,383,50,0,0.06,-1.00
26,384,50,0,0.08,-1.00
26,385,50,0,0.04,-1.00
26,386,50,0,0.08,-1.00
26,387,50,0,0.10,-1.00
26,388,50,0,0.14,-1.00
26,389,50,0,0.10,-1.00
26,390,50,0,0.14,-1.00
26,391,50,0,0.14,-1.00
26,392,50,0,0.08,-1.00
26,393,50,0,0.14,-1.00
26,394,50,0,0.14,-1.00
26,395,50,0,0.20,-1.00
26,396,50,0,0.28,-1.00
26,397,50,0,0.30,-1.00
26,398,50,0,0.32,-1.00
26,399,50,0,0.32,-1.00
26,400,50,0,0.38,-1.00
26,401,50,0,0.34,-1.00
26,402,50,0,0.36,-1.00
26,403,50,0,0.28,-1.00
26,404,50,0,0.34,-1.00
26,405,50,0,0.34,-1.00
26,406,50,0,0.32,-1.00
26,407,50,0,0.26,-1.00
26,408,50,0,0.18,-1.00
26,409,50,0,0.20,-1.00
26,410,50,0,0.22,-1.00
26,411,50,0,0.16,-1.00
26,412,50,0,0.20,-1.00
26,413,50,0,0.22,-1.00
26,414,50,0,0.28,-1.00
26,415,50,0,0.24,-1.00
26,416,50,0,0.22,-1.00
26,417,50,0,0.14,-1.00
26,418,50,0,0.08,-1.00
26,419,50,0,0.08,-1.00
26,420,50,0,0.12,-1.00
26,421,50,0,0.14,-1.00
26,422,50,0,0.10,-1.00
26,423,50,0,0.06,-1.00
26,424,50,0,0.02,-1.00
26,425,50,0,0.06,-1.00
26,426,50,0,0.06,-1.00
26,427,50,0,0.08,-1.00
26,428,50,0,0.04,-1.00
26,429,50,0,0.08,-1.00
26,430,50,0,0.12,-1.00
26,431,50,0,0.16,-1.00
26,432,50,0,0.18,-1.00
26,433,50,0,0.08,-1.00
26,434,50,0,0.08,-1.00
26,435,50,0,0.04,-1.00
26,436,50,0,0.04,-1.00
26,437,50,0,0.02,-1.00
26,438,50,0,0.00,-1.00
26,439,50,0,0.00,-1.00
26,440,50,0,0.00,-1.00
26,441,50,0,0.00,-1.00
26,442,50,0,0.04,-1.00
26,443,50,0,0.02,-1.00
26,444,50,0,0.04,-1.00
26,445,50,0,0.00,-1.00
26,446,50,0,0.00,-1.00
26,447,50,0,0.02,-1.00
26,448,50,0,0.02,-1.00
26,449,50,0,0.02,-1.00
26,450,50,0,0.04,-1.00
26,451,50,0,0.04,-1.00
26,452,50,0,0.02,-1.00
26,453,50,0,0.00,-1.00
26,454,50,0,0.00,-1.00
26,455,50,0,0.00,-1.00
26,456,50,0,0.00,-1.00
26,457,50,0,0.00,-1.00
26,458,50,0,0.00,-1.00
26,459,50,0,0.00,-1.00
26,460,50,0,0.00,-1.00
26,461,50,0,0.00,-1.00
26,462,50,0,0.00,-1.00
26,463,50,0,0.00,-1.00
26,464,50,0,0.02,-1.00
26,465,50,0,0.00,-1.00
26,466,50,0,0.02,-1.00
26,467,50,0,0.00,-1.00
26,468,50,0,0.00,-1.00
26,469,50,0,0.00,-1.00
26,470,50,0,0.00,-1.00
26,471,50,0,0.00,-1.00
26,472,50,0,0.00,-1.00
26,473,50,0,0.00,-1.00
26,474,50,0,0.00,-1.00
26,475,50,0,0.00,-1.00
26,476,50,0,0.00,-1.00
26,477,50,0,0.00,-1.00
26,478,50,0,0.00,-1.00
26,479,50,0,0.04,-1.00
26,480,50,0,0.00,-1.00
26,481,50,0,0.00,-1.00
26,482,50,0,0.00,-1.00
26,483,50,0,0.04,-1.00
26,484,50,0,0.04,-1.00
26,485,50,0,0.06,-1.00
26,486,50,0,0.02,-1.00
26,487,50,0,0.00,-1.00
26,488,50,0,0.00,-1.00
26,489,50,0,0.00,-1.00
26,490,50,0,0.00,-1.00
26,491,50,0,0.00,-1.00
26,492,50,0,0.02,-1.00
26,493,50,0,0.04,-1.00
26,494,50,0,0.00,-1.00
26,495,50,0,0.00,-1.00
26,496,50,0,0.00,-1.00
26,497,50,0,0.00,-1.00
26,498,50,0,0.00,-1.00
26,499,50,0,0.00,-1.00
26,500,50,0,0.00,-1.00
27,1,50,0,0.00,-1.00
27,2,50,0,0.02,-1.00
27,3,50,0,0.00,-1.00
27,4,50,0,0.00,-1.00
27,5,50,0,0.00,-1.00
27,6,50,0,0.02,-1.00
27,7,50,0,0.00,-1.00
27,8,50,0,0.00,-1.00
27,9,50,0,0.04,-1.00
27,10,50,0,0.04,-1.00
27,11,50,0,0.08,-1.00
27,12,50,0,0.06,-1.00
27,13,50,0,0.06,-1.00
27,14,50,0,0.14,-1.00
27,15,50,0,0.10,-1.00
27,16,50,0,0.12,-1.00
27,17,50,0,0.28,-1.00
27,18,50,0,0.22,-1.00
27,19,50,0,0.28,-1.00
27,20,50,0,0.30,-1.00
27,21,50,0,0.32,-1.00
27,22,50,0,0.20,-1.00
27,23,50,0,0.18,-1.00
27,24,50,0,0.16,-1.00
27,25,50,0,0.18,-1.00
27,26,50,0,0.20,-1.00
27,27,50,0,0.24,-1.00
27,28,50,0,0.22,-1.00
27,29,50,0,0.24,-1.00
27,30,50,0,0.20,-1.00
27,31,50,0,0.22,-1.00
27,32,50,0,0.24,-1.00
27,33,50,0,0.34,-1.00
27,34,50,0,0.26,-1.00
27,35,50,0,0.20,-1.00
27,36,50,0,0.32,-1.00
27,37,50,0,0.34,-1.00
27,38,50,0,0.22,-1.00
27,39,50,0,0.18,-1.00
27,40,50,0,0.28,-1.00
27,41,50,0,0.26,-1.00
27,42,50,0,0.28,-1.00
27,43,50,0,0.12,-1.00
27,44,50,0,0.08,-1.00
27,45,50,0,0.06,-1.00
27,46,50,0,0.04,-1.00
27,47,50,0,0.04,-1.00
27,48,50,0,0.04,-1.00
27,49,50,0,0.04,-1.00
27,50,50,0,0.04,-1.00
27,51,50,0,0.04,-1.00
27,52,50,0,0.06,-1.00
27,53,50,0,0.04,-1.00
27,54,50,0,0.08,-1.00
27,55,50,0,0.12,-1.00
27,56,50,0,0.10,-1.00
27,57,50,0,0.10,-1.00
27,58,50,0,0.10,-1.00
27,59,50,0,0.14,-1.00
27,60,50,0,0.10,-1.00
27,61,50,0,0.06,-1.00
27,62,50,0,0.02,-1.00
27,63,50,0,0.06,-1.00
27,64,50,0,0.02,-1.00
27,65,50,0,0.02,-1.00
27,66,50,0,0.00,-1.00
27,67,50,0,0.00,-1.00
27,68,50,0,0.00,-1.00
27,69,50,0,0.00,-1.00
27,70,50,0,0.00,-1.00
27,71,50,0,0.04,-1.00
27,72,50,0,0.04,-1.00
27,73,50,0,0.04,-1.00
27,74,50,0,0.04,-1.00
27,75,50,0,0.08,-1.00
27,76,50,0,0.10,-1.00
27,77,50,0,0.16,-1.00
27,78,50,0,0.12,-1.00
27,79,50,0,0.08,-1.00
27,80,50,0,0.10,-1.00
27,81,50,0,0.14,-1.00
27,82,50,0,0.04,-1.00
27,83,50,0,0.02,-1.00
27,84,50,0,0.06,-1.00
27,85,50,0,0.04,-1.00
27,86,50,0,0.06,-1.00
27,87,50,0,0.12,-1.00
27,88,50,0,0.10,-1.00
27,89,50,0,0.14,-1.00
27,90,50,0,0.16,-1.00
27,91,50,0,0.16,-1.00
27,92,50,0,0.20,-1.00
27,93,50,0,0.12,-1.00
27,94,50,0,0.14,-1.00
27,95,50,0,0.16,-1.00
27,96,50,0,0.06,-1.00
27,97,50,0,0.02,-1.00
27,98,50,0,0.08,-1.00
27,99,50,0,0.12,-1.00
27,100,50,0,0.14,-1.00
27,101,50,0,0.12,-1.00
27,102,50,0,0.12,-1.00
27,103,50,0,0.20,-1.00
27,104,50,0,0.20,-1.00
27,105,50,0,0.18,-1.00
27,106,50,0,0.24,-1.00
27,107,50,0,0.20,-1.00
27,108,50,0,0.14,-1.00
27,109,50,0,0.12,-1.00
27,110,50,0,0.12,-1.00
27,111,50,0,0.12,-1.00
27,112,50,0,0.14,-1.00
27,113,50,0,0.12,-1.00
27,114,50,0,0.06,-1.00
27,115,50,0,0.08,-1.00
27,116,50,0,0.12,-1.00
27,117,50,0,0.14,-1.00
27,118,50,0,0.20,-1.00
27,119,50,0,0.22,-1.00
27,120,50,0,0.18,-1.00
27,121,50,0,0.14,-1.00
27,122,50,0,0.20,-1.00
27,123,50,0,0.20,-1.00
27,124,50,0,0.10,-1.00
27,125,50,0,0.12,-1.00
27,126,50,0,0.08,-1.00
27,127,50,0,0.16,-1.00
27,128,50,0,0.12,-1.00
27,129,50,0,0.08,-1.00
27,130,50,0,0.10,-1.00
27,131,50,0,0.10,-1.00
27,132,50,0,0.06,-1.00
27,133,50,0,0.10,-1.00
27,134,50,0,0.16,-1.00
27,135,50,0,0.10,-1.00
27,136,50,0,0.08,-1.00
27,137,50,0,0.06,-1.00
27,138,50,0,0.10,-1.00
27,139,50,0,0.04,-1.00
27,140,50,0,0.00,-1.00
27,141,50,0,0.04,-1.00
27,142,50,0,0.00,-1.00
27,143,50,0,0.00,-1.00
27,144,50,0,0.00,-1.00
27,145,50,0,0.02,-1.00
27,146,50,0,0.00,-1.00
27,147,50,0,0.00,-1.00
27,148,50,0,0.00,-1.00
27,149,50,0,0.00,-1.00
27,150,50,0,0.00,-1.00
27,151,50,0,0.02,-1.00
27,152,50,0,0.04,-1.00
27,153,50,0,0.02,-1.00
27,154,50,0,0.02,-1.00
27,155,50,0,0.04,-1.00
27,156,50,0,0.04,-1.00
27,157,50,0,0.02,-1.00
27,158,50,0,0.02,-1.00
27,159,50,0,0.06,-1.00
27,160,50,0,0.16,-1.00
27,161,50,0,0.12,-1.00
27,162,50,0,0.26,-1.00
27,163,50,0,0.20,-1.00
27,164,50,0,0.14,-1.00
27,165,50,0,0.18,-1.00
27,166,50,0,0.30,-1.00
27,167,50,0,0.32,-1.00
27,168,50,0,0.30,-1.00
27,169,50,0,0.24,-1.00
27,170,50,0,0.18,-1.00
27,171,50,0,0.12,-1.00
27,172,50,0,0.10,-1.00
27,173,50,0,0.04,-1.00
27,174,50,0,0.02,-1.00
27,175,50,0,0.04,-1.00
27,176,50,0,0.04,-1.00
27,177,50,0,0.04,-1.00
27,178,50,0,0.06,-1.00
27,179,50,0,0.04,-1.00
27,180,50,0,0.10,-1.00
27,181,50,0,0.16,-1.00
27,182,50,0,0.16,-1.00
27,183,50,0,0.16,-1.00
27,184,50,0,0.16,-1.00
27,185,50,0,0.18,-1.00
27,186,50,0,0.14,-1.00
27,187,50,0,0.26,-1.00
27,188,50,0,0.14,-1.00
27,189,50,0,0.12,-1.00
27,190,50,0,0.16,-1.00
27,191,50,0,0.14,-1.00
27,192,50,0,0.16,-1.00
27,193,50,0,0.08,-1.00
27,194,50,0,0.00,-1.00
27,195,50,0,0.00,-1.00
27,196,50,0,0.00,-1.00
27,197,50,0,0.00,-1.00
27,198,50,0,0.00,-1.00
27,199,50,0,0.00,-1.00
27,200,50,0,0.00,-1.00
27,201,50,0,0.00,-1.00
27,202,50,0,0.00,-1.00
27,203,50,0,0.00,-1.00
27,204,50,0,0.00,-1.00
27,205,50,0,0.00,-1.00
27,206,50,0,0.00,-1.00
27,207,50,0,0.00,-1.00
27,208,50,0,0.00,-1.00
27,209,50,0,0.00,-1.00
27,210,50,0,0.00,-1.00
27,211,50,0,0.00,-1.00
27,212,50,0,0.00,-1.00
27,213,50,0,0.04,-1.00
27,214,50,0,0.08,-1.00
27,215,50,0,0.04,-1.00
27,216,50,0,0.06,-1.00
27,217,50,0,0.08,-1.00
27,218,50,0,0.10,-1.00
27,219,50,0,0.12,-1.00
27,220,50,0,0.14,-1.00
27,221,50,0,0.16,-1.00
27,222,50,0,0.10,-1.00
27,223,50,0,0.10,-1.00
27,224,50,0,0.04,-1.00
27,225,50,0,0.06,-1.00
27,226,50,0,0.00,-1.00
27,227,50,0,0.00,-1.00
27,228,50,0,0.00,-1.00
27,229,50,0,0.06,-1.00
27,230,50,0,0.06,-1.00
27,231,50,0,0.00,-1.00
27,232,50,0,0.00,-1.00
27,233,50,0,0.00,-1.00
27,234,50,0,0.04,-1.00
27,235,50,0,0.02,-1.00
27,236,50,0,0.04,-1.00
27,237,50,0,0.06,-1.00
27,238,50,0,0.06,-1.00
27,239,50,0,0.14,-1.00
27,240,50,0,0.10,-1.00
27,241,50,0,0.26,-1.00
27,242,50,0,0.26,-1.00
27,243,50,0,0.12,-1.00
27,244,50,0,0.10,-1.00
27,245,50,0,0.08,-1.00
27,246,50,0,0.14,-1.00
27,247,50,0,0.12,-1.00
27,248,50,0,0.16,-1.00
27,249,50,0,0.24,-1.00
27,250,50,0,0.14,-1.00
27,251,50,0,0.14,-1.00
27,252,50,0,0.12,-1.00
27,253,50,0,0.08,-1.00
27,254,50,0,0.08,-1.00
27,255,50,0,0.04,-1.00
27,256,50,0,0.02,-1.00
27,257,50,0,0.12,-1.00
27,258,50,0,0.20,-1.00
27,259,50,0,0.24,-1.00
27,260,50,0,0.28,-1.00
27,261,50,0,0.18,-1.00
27,262,50,0,0.14,-1.00
27,263,50,0,0.10,-1.00
27,264,50,0,0.10,-1.00
27,265,50,0,0.06,-1.00
27,266,50,0,0.08,-1.00
27,267,50,0,0.14,-1.00
27,268,50,0,0.12,-1.00
27,269,50,0,0.14,-1.00
27,270,50,0,0.10,-1.00
27,271,50,0,0.08,-1.00
27,272,50,0,0.06,-1.00
27,273,50,0,0.08,-1.00
27,274,50,0,0.04,-1.00
27,275,50,0,0.00,-1.00
27,276,50,0,0.00,-1.00
27,277,50,0,0.02,-1.00
27,278,50,0,0.04,-1.00
27,279,50,0,0.02,-1.00
27,280,50,0,0.04,-1.00
27,281,50,0,0.06,-1.00
27,282,50,0,0.08,-1.00
27,283,50,0,0.02,-1.00
27,284,50,0,0.06,-1.00
27,285,50,0,0.02,-1.00
27,286,50,0,0.04,-1.00
27,287,50,0,0.10,-1.00
27,288,50,0,0.12,-1.00
27,289,50,0,0.04,-1.00
27,290,50,0,0.08,-1.00
27,291,50,0,0.06,-1.00
27,292,50,0,0.06,-1.00
27,293,50,0,0.04,-1.00
27,294,50,0,0.08,-1.00
27,295,50,0,0.06,-1.00
27,296,50,0,0.04,-1.00
27,297,50,0,0.04,-1.00
27,298,50,0,0.02,-1.00
27,299,50,0,0.04,-1.00
27,300,50,0,0.02,-1.00
27,301,50,0,0.00,-1.00
27,302,50,0,0.00,-1.00
27,303,50,0,0.08,-1.00
27,304,50,0,0.02,-1.00
27,305,50,0,0.04,-1.00
27,306,50,0,0.12,-1.00
27,307,50,0,0.14,-1.00
27,308,50,0,0.16,-1.00
27,309,50,0,0.04,-1.00
27,310,50,0,0.08,-1.00
27,311,50,0,0.02,-1.00
27,312,50,0,0.00,-1.00
27,313,50,0,0.00,-1.00
27,314,50,0,0.00,-1.00
27,315,50,0,0.00,-1.00
27,316,50,0,0.00,-1.00
27,317,50,0,0.00,-1.00
27,318,50,0,0.00,-1.00
27,319,50,0,0.00,-1.00
27,320,50,0,0.00,-1.00
27,321,50,0,0.00,-1.00
27,322,50,0,0.00,-1.00
27,323,50,0,0.06,-1.00
27,324,50,0,0.06,-1.00
27,325,50,0,0.06,-1.00
27,326,50,0,0.04,-1.00
27,327,50,0,0.12,-1.00
27,328,50,0,0.12,-1.00
27,329,50,0,0.06,-1.00
27,330,50,0,0.06,-1.00
27,331,50,0,0.10,-1.00
27,332,50,0,0.08,-1.00
27,333,50,0,0.04,-1.00
27,334,50,0,0.04,-1.00
27,335,50,0,0.02,-1.00
27,336,50,0,0.02,-1.00
27,337,50,0,0.00,-1.00
27,338,50,0,0.00,-1.00
27,339,50,0,0.08,-1.00
27,340,50,0,0.02,-1.00
27,341,50,0,0.04,-1.00
27,342,50,0,0.04,-1.00
27,343,50,0,0.12,-1.00
27,344,50,0,0.16,-1.00
27,345,50,0,0.30,-1.00
27,346,50,0,0.26,-1.00
27,347,50,0,0.22,-1.00
27,348,50,0,0.20,-1.00
27,349,50,0,0.18,-1.00
27,350,50,0,0.18,-1.00
27,351,50,0,0.12,-1.00
27,352,50,0,0.06,-1.00
27,353,50,0,0.02,-1.00
27,354,50,0,0.00,-1.00
27,355,50,0,0.02,-1.00
27,356,50,0,0.04,-1.00
27,357,50,0,0.04,-1.00
27,358,50,0,0.00,-1.00
27,359,50,0,0.04,-1.00
27,360,50,0,0.02,-1.00
27,361,50,0,0.08,-1.00
27,362,50,0,0.08,-1.00
27,363,50,0,0.06,-1.00
27,364,50,0,0.08,-1.00
27,365,50,0,0.06,-1.00
27,366,50,0,0.00,-1.00
27,367,50,0,0.00,-1.00
27,368,50,0,0.00,-1.00
27,369,50,0,0.00,-1.00
27,370,50,0,0.02,-1.00
27,371,50,0,0.04,-1.00
27,372,50,0,0.06,-1.00
27,373,50,0,0.08,-1.00
27,374,50,0,0.02,-1.00
27,375,50,0,0.06,-1.00
27,376,50,0,0.10,-1.00
27,377,50,0,0.08,-1.00
27,378,50,0,0.12,-1.00
27,379,50,0,0.14,-1.00
27,380,50,0,0.16,-1.00
27,381,50,0,0.18,-1.00
27,382,50,0,0.20,-1.00
27,383,50,0,0.10,-1.00
27,384,50,0,0.10,-1.00
27,385,50,0,0.12,-1.00
27,386,50,0,0.12,-1.00
27,387,50,0,0.08,-1.00
27,388,50,0,0.06,-1.00
27,389,50,0,0.10,-1.00
27,390,50,0,0.12,-1.00
27,391,50,0,0.04,-1.00
27,392,50,0,0.06,-1.00
27,393,50,0,0.10,-1.00
27,394,50,0,0.08,-1.00
27,395,50,0,0.12,-1.00
27,396,50,0,0.20,-1.00
27,397,50,0,0.16,-1.00
27,398,50,0,0.16,-1.00
27,399,50,0,0.08,-1.00
27,400,50,0,0.06,-1.00
27,401,50,0,0.06,-1.00
27,402,50,0,0.08,-1.00
27,403,50,0,0.04,-1.00
27,404,50,0,0.02,-1.00
27,405,50,0,0.00,-1.00
27,406,50,0,0.00,-1.00
27,407,50,0,0.00,-1.00
27,408,50,0,0.00,-1.00
27,409,50,0,0.00,-1.00
27,410,50,0,0.00,-1.00
27,411,50,0,0.00,-1.00
27,412,50,0,0.00,-1.00
27,413,50,0,0.00,-1.00
27,414,50,0,0.00,-1.00
27,415,50,0,0.02,-1.00
27,416,50,0,0.02,-1.00
27,417,50,0,0.04,-1.00
27,418,50,0,0.00,-1.00
27,419,50,0,0.00,-1.00
27,420,50,0,0.00,-1.00
27,421,50,0,0.00,-1.00
27,422,50,0,0.00,-1.00
27,423,50,0,0.00,-1.00
27,424,50,0,0.00,-1.00
27,425,50,0,0.00,-1.00
27,426,50,0,0.00,-1.00
27,427,50,0,0.00,-1.00
27,428,50,0,0.00,-1.00
27,429,50,0,0.10,-1.00
27,430,50,0,0.14,-1.00
27,431,50,0,0.12,-1.00
27,432,50,0,0.14,-1.00
27,433,50,0,0.08,-1.00
27,434,50,0,0.06,-1.00
27,435,50,0,0.04,-1.00
27,436,50,0,0.04,-1.00
27,437,50,0,0.00,-1.00
27,438,50,0,0.02,-1.00
27,439,50,0,0.02,-1.00
27,440,50,0,0.02,-1.00
27,441,50,0,0.02,-1.00
27,442,50,0,0.02,-1.00
27,443,50,0,0.00,-1.00
27,444,50,0,0.00,-1.00
27,445,50,0,0.00,-1.00
27,446,50,0,0.00,-1.00
27,447,50,0,0.00,-1.00
27,448,50,0,0.00,-1.00
27,449,50,0,0.00,-1.00
27,450,50,0,0.00,-1.00
27,451,50,0,0.00,-1.00
27,452,50,0,0.00,-1.00
27,453,50,0,0.00,-1.00
27,454,50,0,0.00,-1.00
27,455,50,0,0.02,-1.00
27,456,50,0,0.04,-1.00
27,457,50,0,0.06,-1.00
27,458,50,0,0.04,-1.00
27,459,50,0,0.02,-1.00
27,460,50,0,0.04,-1.00
27,461,50,0,0.00,-1.00
27,462,50,0,0.00,-1.00
27,463,50,0,0.02,-1.00
27,464,50,0,0.00,-1.00
27,465,50,0,0.02,-1.00
27,466,50,0,0.04,-1.00
27,467,50,0,0.02,-1.00
27,468,50,0,0.04,-1.00
27,469,50,0,0.02,-1.00
27,470,50,0,0.02,-1.00
27,471,50,0,0.02,-1.00
27,472,50,0,0.02,-1.00
27,473,50,0,0.04,-1.00
27,474,50,0,0.04,-1.00
27,475,50,0,0.06,-1.00
27,476,50,0,0.06,-1.00
27,477,50,0,0.08,-1.00
27,478,50,0,0.10,-1.00
27,479,50,0,0.06,-1.00
27,480,50,0,0.10,-1.00
27,481,50,0,0.08,-1.00
27,482,50,0,0.08,-1.00
27,483,50,0,0.18,-1.00
27,484,50,0,0.12,-1.00
27,485,50,0,0.06,-1.00
27,486,50,0,0.04,-1.00
27,487,50,0,0.00,-1.00
27,488,50,0,0.00,-1.00
27,489,50,0,0.04,-1.00
27,490,50,0,0.04,-1.00
27,491,50,0,0.02,-1.00
27,492,50,0,0.06,-1.00
27,493,50,0,0.04,-1.00
27,494,50,0,0.06,-1.00
27,495,50,0,0.14,-1.00
27,496,50,0,0.12,-1.00
27,497,50,0,0.14,-1.00
27,498,50,0,0.08,-1.00
27,499,50,0,0.06,-1.00
27,500,50,0,0.08,-1.00
28,1,50,0,0.00,-1.00
28,2,50,0,0.04,-1.00
28,3,50,0,0.06,-1.00
28,4,50,0,0.04,-1.00
28,5,50,0,0.06,-1.00
28,6,50,0,0.06,-1.00
28,7,50,0,0.08,-1.00
28,8,50,0,0.10,-1.00
28,9,50,0,0.12,-1.00
28,10,50,0,0.14,-1.00
28,11,50,0,0.18,-1.00
28,12,50,0,0.20,-1.00
28,13,50,0,0.22,-1.00
28,14,50,0,0.22,-1.00
28,15,50,0,0.26,-1.00
28,16,50,0,0.24,-1.00
28,17,50,0,0.28,-1.00
28,18,50,0,0.30,-1.00
28,19,50,0,0.32,-1.00
28,20,50,0,0.30,-1.00
28,21,50,0,0.18,-1.00
28,22,50,0,0.08,-1.00
28,23,50,0,0.08,-1.00
28,24,50,0,0.08,-1.00
28,25,50,0,0.06,-1.00
28,26,50,0,0.00,-1.00
28,27,50,0,0.00,-1.00
28,28,50,0,0.00,-1.00
28,29,50,0,0.00,-1.00
28,30,50,0,0.00,-1.00
28,31,50,0,0.00,-1.00
28,32,50,0,0.00,-1.00
28,33,50,0,0.00,-1.00
28,34,50,0,0.00,-1.00
28,35,50,0,0.06,-1.00
28,36,50,0,0.12,-1.00
28,37,50,0,0.12,-1.00
28,38,50,0,0.08,-1.00
28,39,50,0,0.10,-1.00
28,40,50,0,0.08,-1.00
28,41,50,0,0.08,-1.00
28,42,50,0,0.02,-1.00
28,43,50,0,0.00,-1.00
28,44,50,0,0.00,-1.00
28,45,50,0,0.00,-1.00
28,46,50,0,0.00,-1.00
28,47,50,0,0.00,-1.00
28,48,50,0,0.02,-1.00
28,49,50,0,0.02,-1.00
28,50,50,0,0.02,-1.00
28,51,50,0,0.04,-1.00
28,52,50,0,0.02,-1.00
28,53,50,0,0.04,-1.00
28,54,50,0,0.02,-1.00
28,55,50,0,0.00,-1.00
28,56,50,0,0.00,-1.00
28,57,50,0,0.00,-1.00
28,58,50,0,0.04,-1.00
28,59,50,0,0.02,-1.00
28,60,50,0,0.06,-1.00
28,61,50,0,0.06,-1.00
28,62,50,0,0.02,-1.00
28,63,50,0,0.04,-1.00
28,64,50,0,0.08,-1.00
28,65,50,0,0.04,-1.00
28,66,50,0,0.08,-1.00
28,67,50,0,0.08,-1.00
28,68,50,0,0.14,-1.00
28,69,50,0,0.16,-1.00
28,70,50,0,0.12,-1.00
28,71,50,0,0.02,-1.00
28,72,50,0,0.06,-1.00
28,73,50,0,0.06,-1.00
28,74,50,0,0.04,-1.00
28,75,50,0,0.02,-1.00
28,76,50,0,0.02,-1.00
28,77,50,0,0.00,-1.00
28,78,50,0,0.04,-1.00
28,79,50,0,0.00,-1.00
28,80,50,0,0.04,-1.00
28,81,50,0,0.00,-1.00
28,82,50,0,0.00,-1.00
28,83,50,0,0.00,-1.00
28,84,50,0,0.00,-1.00
28,85,50,0,0.00,-1.00
28,86,50,0,0.00,-1.00
28,87,50,0,0.00,-1.00
28,88,50,0,0.00,-1.00
28,89,50,0,0.00,-1.00
28,90,50,0,0.00,-1.00
28,91,50,0,0.02,-1.00
28,92,50,0,0.02,-1.00
28,93,50,0,0.02,-1.00
28,94,50,0,0.02,-1.00
28,95,50,0,0.10,-1.00
28,96,50,0,0.08,-1.00
28,97,50,0,0.10,-1.00
28,98,50,0,0.10,-1.00
28,99,50,0,0.04,-1.00
28,100,50,0,0.02,-1.00
28,101,50,0,0.00,-1.00
28,102,50,0,0.02,-1.00
28,103,50,0,0.00,-1.00
28,104,50,0,0.00,-1.00
28,105,50,0,0.00,-1.00
28,106,50,0,0.02,-1.00
28,107,50,0,0.04,-1.00
28,108,50,0,0.04,-1.00
28,109,50,0,0.04,-1.00
28,110,50,0,0.00,-1.00
28,111,50,0,0.04,-1.00
28,112,50,0,0.02,-1.00
28,113,50,0,0.00,-1.00
28,114,50,0,0.00,-1.00
28,115,50,0,0.00,-1.00
28,116,50,0,0.00,-1.00
28,117,50,0,0.06,-1.00
28,118,50,0,0.14,-1.00
28,119,50,0,0.22,-1.00
28,120,50,0,0.34,-1.00
28,121,50,0,0.32,-1.00
28,122,50,0,0.32,-1.00
28,123,50,0,0.20,-1.00
28,124,50,0,0.24,-1.00
28,125,50,0,0.34,-1.00
28,126,50,0,0.32,-1.00
28,127,50,0,0.36,-1.00
28,128,50,0,0.24,-1.00
28,129,50,0,0.14,-1.00
28,130,50,0,0.06,-1.00
28,131,50,0,0.08,-1.00
28,132,50,0,0.10,-1.00
28,133,50,0,0.08,-1.00
28,134,50,0,0.06,-1.00
28,135,50,0,0.04,-1.00
28,136,50,0,0.02,-1.00
28,137,50,0,0.04,-1.00
28,138,50,0,0.04,-1.00
28,139,50,0,0.02,-1.00
28,140,50,0,0.04,-1.00
28,141,50,0,0.04,-1.00
28,142,50,0,0.00,-1.00
28,143,50,0,0.02,-1.00
28,144,50,0,0.02,-1.00
28,145,50,0,0.00,-1.00
28,146,50,0,0.02,-1.00
28,147,50,0,0.02,-1.00
28,148,50,0,0.02,-1.00
28,149,50,0,0.02,-1.00
28,150,50,0,0.04,-1.00
28,151,50,0,0.10,-1.00
28,152,50,0,0.02,-1.00
28,153,50,0,0.02,-1.00
28,154,50,0,0.00,-1.00
28,155,50,0,0.00,-1.00
28,156,50,0,0.00,-1.00
28,157,50,0,0.00,-1.00
28,158,50,0,0.00,-1.00
28,159,50,0,0.00,-1.00
28,160,50,0,0.00,-1.00
28,161,50,0,0.04,-1.00
28,162,50,0,0.06,-1.00
28,163,50,0,0.02,-1.00
28,164,50,0,0.00,-1.00
28,165,50,0,0.00,-1.00
28,166,50,0,0.00,-1.00
28,167,50,0,0.00,-1.00
28,168,50,0,0.02,-1.00
28,169,50,0,0.08,-1.00
28,170,50,0,0.12,-1.00
28,171,50,0,0.14,-1.00
28,172,50,0,0.12,-1.00
28,173,50,0,0.20,-1.00
28,174,50,0,0.14,-1.00
28,175,50,0,0.24,-1.00
28,176,50,0,0.22,-1.00
28,177,50,0,0.22,-1.00
28,178,50,0,0.18,-1.00
28,179,50,0,0.18,-1.00
28,180,50,0,0.18,-1.00
28,181,50,0,0.18,-1.00
28,182,50,0,0.22,-1.00
28,183,50,0,0.30,-1.00
28,184,50,0,0.38,-1.00
28,185,50,0,0.44,-1.00
28,186,50,0,0.34,-1.00
28,187,50,0,0.36,-1.00
28,188,50,0,0.32,-1.00
28,189,50,0,0.34,-1.00
28,190,50,0,0.42,-1.00
28,191,50,0,0.44,-1.00
28,192,50,0,0.54,-1.00
28,193,50,0,0.48,-1.00
28,194,50,0,0.44,-1.00
28,195,50,0,0.44,-1.00
28,196,50,0,0.56,-1.00
28,197,50,0,0.52,-1.00
28,198,50,0,0.44,-1.00
28,199,50,0,0.30,-1.00
28,200,50,0,0.14,-1.00
28,201,50,0,0.18,-1.00
28,202,50,0,0.04,-1.00
28,203,50,0,0.06,-1.00
28,204,50,0,0.02,-1.00
28,205,50,0,0.02,-1.00
28,206,50,0,0.06,-1.00
28,207,50,0,0.06,-1.00
28,208,50,0,0.02,-1.00
28,209,50,0,0.06,-1.00
28,210,50,0,0.06,-1.00
28,211,50,0,0.12,-1.00
28,212,50,0,0.12,-1.00
28,213,50,0,0.12,-1.00
28,214,50,0,0.14,-1.00
28,215,50,0,0.08,-1.00
28,216,50,0,0.08,-1.00
28,217,50,0,0.12,-1.00
28,218,50,0,0.08,-1.00
28,219,50,0,0.12,-1.00
28,220,50,0,0.16,-1.00
28,221,50,0,0.06,-1.00
28,222,50,0,0.02,-1.00
28,223,50,0,0.00,-1.00
28,224,50,0,0.00,-1.00
28,225,50,0,0.04,-1.00
28,226,50,0,0.02,-1.00
28,227,50,0,0.00,-1.00
28,228,50,0,0.02,-1.00
28,229,50,0,0.02,-1.00
28,230,50,0,0.02,-1.00
28,231,50,0,0.04,-1.00
28,232,50,0,0.04,-1.00
28,233,50,0,0.06,-1.00
28,234,50,0,0.04,-1.00
28,235,50,0,0.00,-1.00
28,236,50,0,0.00,-1.00
28,237,50,0,0.00,-1.00
28,238,50,0,0.00,-1.00
28,239,50,0,0.00,-1.00
28,240,50,0,0.00,-1.00
28,241,50,0,0.00,-1.00
28,242,50,0,0.00,-1.00
28,243,50,0,0.04,-1.00
28,244,50,0,0.06,-1.00
28,245,50,0,0.06,-1.00
28,246,50,0,0.06,-1.00
28,247,50,0,0.06,-1.00
28,248,50,0,0.08,-1.00
28,249,50,0,0.04,-1.00
28,250,50,0,0.08,-1.00
28,251,50,0,0.06,-1.00
28,252,50,0,0.08,-1.00
28,253,50,0,0.10,-1.00
28,254,50,0,0.12,-1.00
28,255,50,0,0.16,-1.00
28,256,50,0,0.26,-1.00
28,257,50,0,0.18,-1.00
28,258,50,0,0.10,-1.00
28,259,50,0,0.06,-1.00
28,260,50,0,0.00,-1.00
28,261,50,0,0.00,-1.00
28,262,50,0,0.00,-1.00
28,263,50,0,0.00,-1.00
28,264,50,0,0.00,-1.00
28,265,50,0,0.00,-1.00
28,266,50,0,0.00,-1.00
28,267,50,0,0.00,-1.00
28,268,50,0,0.00,-1.00
28,269,50,0,0.00,-1.00
28,270,50,0,0.08,-1.00
28,271,50,0,0.08,-1.00
28,272,50,0,0.06,-1.00
28,273,50,0,0.08,-1.00
28,274,50,0,0.06,-1.00
28,275,50,0,0.06,-1.00
28,276,50,0,0.04,-1.00
28,277,50,0,0.02,-1.00
28,278,50,0,0.04,-1.00
28,279,50,0,0.00,-1.00
28,280,50,0,0.00,-1.00
28,281,50,0,0.02,-1.00
28,282,50,0,0.04,-1.00
28,283,50,0,0.04,-1.00
28,284,50,0,0.08,-1.00
28,285,50,0,0.04,-1.00
28,286,50,0,0.04,-1.00
28,287,50,0,0.00,-1.00
28,288,50,0,0.02,-1.00
28,289,50,0,0.00,-1.00
28,290,50,0,0.02,-1.00
28,291,50,0,0.04,-1.00
28,292,50,0,0.04,-1.00
28,293,50,0,0.08,-1.00
28,294,50,0,0.08,-1.00
28,295,50,0,0.04,-1.00
28,296,50,0,0.04,-1.00
28,297,50,0,0.00,-1.00
28,298,50,0,0.04,-1.00
28,299,50,0,0.00,-1.00
28,300,50,0,0.00,-1.00
28,301,50,0,0.02,-1.00
28,302,50,0,0.02,-1.00
28,303,50,0,0.00,-1.00
28,304,50,0,0.00,-1.00
28,305,50,0,0.00,-1.00
28,306,50,0,0.00,-1.00
28,307,50,0,0.02,-1.00
28,308,50,0,0.00,-1.00
28,309,50,0,0.08,-1.00
28,310,50,0,0.10,-1.00
28,311,50,0,0.06,-1.00
28,312,50,0,0.06,-1.00
28,313,50,0,0.02,-1.00
28,314,50,0,0.02,-1.00
28,315,50,0,0.02,-1.00
28,316,50,0,0.04,-1.00
28,317,50,0,0.06,-1.00
28,318,50,0,0.06,-1.00
28,319,50,0,0.02,-1.00
28,320,50,0,0.12,-1.00
28,321,50,0,0.18,-1.00
28,322,50,0,0.14,-1.00
28,323,50,0,0.18,-1.00
28,324,50,0,0.16,-1.00
28,325,50,0,0.32,-1.00
28,326,50,0,0.26,-1.00
28,327,50,0,0.24,-1.00
28,328,50,0,0.22,-1.00
28,329,50,0,0.24,-1.00
28,330,50,0,0.28,-1.00
28,331,50,0,0.18,-1.00
28,332,50,0,0.22,-1.00
28,333,50,0,0.16,-1.00
28,334,50,0,0.18,-1.00
28,335,50,0,0.20,-1.00
28,336,50,0,0.18,-1.00
28,337,50,0,0.18,-1.00
28,338,50,0,0.00,-1.00
28,339,50,0,0.00,-1.00
28,340,50,0,0.00,-1.00
28,341,50,0,0.00,-1.00
28,342,50,0,0.00,-1.00
28,343,50,0,0.00,-1.00
28,344,50,0,0.00,-1.00
28,345,50,0,0.00,-1.00
28,346,50,0,0.00,-1.00
28,347,50,0,0.00,-1.00
28,348,50,0,0.00,-1.00
28,349,50,0,0.00,-1.00
28,350,50,0,0.00,-1.00
28,351,50,0,0.02,-1.00
28,352,50,0,0.04,-1.00
28,353,50,0,0.00,-1.00
28,354,50,0,0.00,-1.00
28,355,50,0,0.06,-1.00
28,356,50,0,0.08,-1.00
28,357,50,0,0.04,-1.00
28,358,50,0,0.08,-1.00
28,359,50,0,0.12,-1.00
28,360,50,0,0.08,-1.00
28,361,50,0,0.06,-1.00
28,362,50,0,0.06,-1.00
28,363,50,0,0.08,-1.00
28,364,50,0,0.18,-1.00
28,365,50,0,0.14,-1.00
28,366,50,0,0.18,-1.00
28,367,50,0,0.28,-1.00
28,368,50,0,0.22,-1.00
28,369,50,0,0.26,-1.00
28,370,50,0,0.18,-1.00
28,371,50,0,0.12,-1.00
28,372,50,0,0.10,-1.00
28,373,50,0,0.06,-1.00
28,374,50,0,0.10,-1.00
28,375,50,0,0.04,-1.00
28,376,50,0,0.04,-1.00
28,377,50,0,0.02,-1.00
28,378,50,0,0.06,-1.00
28,379,50,0,0.06,-1.00
28,380,50,0,0.06,-1.00
28,381,50,0,0.10,-1.00
28,382,50,0,0.04,-1.00
28,383,50,0,0.08,-1.00
28,384,50,0,0.02,-1.00
28,385,50,0,0.00,-1.00
28,386,50,0,0.00,-1.00
28,387,50,0,0.00,-1.00
28,388,50,0,0.02,-1.00
28,389,50,0,0.06,-1.00
28,390,50,0,0.08,-1.00
28,391,50,0,0.06,-1.00
28,392,50,0,0.06,-1.00
28,393,50,0,0.04,-1.00
28,394,50,0,0.08,-1.00
28,395,50,0,0.06,-1.00
28,396,50,0,0.06,-1.00
28,397,50,0,0.04,-1.00
28,398,50,0,0.04,-1.00
28,399,50,0,0.06,-1.00
28,400,50,0,0.04,-1.00
28,401,50,0,0.06,-1.00
28,402,50,0,0.04,-1.00
28,403,50,0,0.10,-1.00
28,404,50,0,0.14,-1.00
28,405,50,0,0.18,-1.00
28,406,50,0,0.14,-1.00
28,407,50,0,0.24,-1.00
28,408,50,0,0.26,-1.00
28,409,50,0,0.20,-1.00
28,410,50,0,0.16,-1.00
28,411,50,0,0.10,-1.00
28,412,50,0,0.08,-1.00
28,413,50,0,0.06,-1.00
28,414,50,0,0.02,-1.00
28,415,50,0,0.02,-1.00
28,416,50,0,0.06,-1.00
28,417,50,0,0.04,-1.00
28,418,50,0,0.02,-1.00
28,419,50,0,0.02,-1.00
28,420,50,0,0.00,-1.00
28,421,50,0,0.00,-1.00
28,422,50,0,0.00,-1.00
28,423,50,0,0.00,-1.00
28,424,50,0,0.00,-1.00
28,425,50,0,0.00,-1.00
28,426,50,0,0.00,-1.00
28,427,50,0,0.00,-1.00
28,428,50,0,0.00,-1.00
28,429,50,0,0.00,-1.00
28,430,50,0,0.00,-1.00
28,431,50,0,0.00,-1.00
28,432,50,0,0.00,-1.00
28,433,50,0,0.08,-1.00
28,434,50,0,0.08,-1.00
28,435,50,0,0.06,-1.00
28,436,50,0,0.08,-1.00
28,437,50,0,0.12,-1.00
28,438,50,0,0.20,-1.00
28,439,50,0,0.16,-1.00
28,440,50,0,0.16,-1.00
28,441,50,0,0.14,-1.00
28,442,50,0,0.08,-1.00
28,443,50,0,0.06,-1.00
28,444,50,0,0.06,-1.00
28,445,50,0,0.10,-1.00
28,446,50,0,0.20,-1.00
28,447,50,0,0.08,-1.00
28,448,50,0,0.10,-1.00
28,449,50,0,0.12,-1.00
28,450,50,0,0.10,-1.00
28,451,50,0,0.12,-1.00
28,452,50,0,0.10,-1.00
28,453,50,0,0.10,-1.00
28,454,50,0,0.12,-1.00
28,455,50,0,0.06,-1.00
28,456,50,0,0.10,-1.00
28,457,50,0,0.24,-1.00
28,458,50,0,0.24,-1.00
28,459,50,0,0.26,-1.00
28,460,50,0,0.14,-1.00
28,461,50,0,0.10,-1.00
28,462,50,0,0.16,-1.00
28,463,50,0,0.08,-1.00
28,464,50,0,0.04,-1.00
28,465,50,0,0.04,-1.00
28,466,50,0,0.02,-1.00
28,467,50,0,0.04,-1.00
28,468,50,0,0.04,-1.00
28,469,50,0,0.10,-1.00
28,470,50,0,0.06,-1.00
28,471,50,0,0.06,-1.00
28,472,50,0,0.08,-1.00
28,473,50,0,0.12,-1.00
28,474,50,0,0.08,-1.00
28,475,50,0,0.04,-1.00
28,476,50,0,0.04,-1.00
28,477,50,0,0.08,-1.00
28,478,50,0,0.12,-1.00
28,479,50,0,0.12,-1.00
28,480,50,0,0.12,-1.00
28,481,50,0,0.14,-1.00
28,482,50,0,0.10,-1.00
28,483,50,0,0.12,-1.00
28,484,50,0,0.18,-1.00
28,485,50,0,0.22,-1.00
28,486,50,0,0.24,-1.00
28,487,50,0,0.24,-1.00
28,488,50,0,0.22,-1.00
28,489,50,0,0.26,-1.00
28,490,50,0,0.34,-1.00
28,491,50,0,0.28,-1.00
28,492,50,0,0.28,-1.00
28,493,50,0,0.32,-1.00
28,494,50,0,0.22,-1.00
28,495,50,0,0.16,-1.00
28,496,50,0,0.24,-1.00
28,497,50,0,0.22,-1.00
28,498,50,0,0.14,-1.00
28,499,50,0,0.14,-1.00
28,500,50,0,0.20,-1.00
29,1,50,0,0.02,-1.00
29,2,50,0,0.04,-1.00
29,3,50,0,0.04,-1.00
29,4,50,0,0.04,-1.00
29,5,50,0,0.04,-1.00
29,6,50,0,0.08,-1.00
29,7,50,0,0.08,-1.00
29,8,50,0,0.10,-1.00
29,9,50,0,0.10,-1.00
29,10,50,0,0.10,-1.00
29,11,50,0,0.06,-1.00
29,12,50,0,0.10,-1.00
29,13,50,0,0.12,-1.00
29,14,50,0,0.20,-1.00
29,15,50,0,0.14,-1.00
29,16,50,0,0.18,-1.00
29,17,50,0,0.28,-1.00
29,18,50,0,0.28,-1.00
29,19,50,0,0.16,-1.00
29,20,50,0,0.12,-1.00
29,21,50,0,0.08,-1.00
29,22,50,0,0.06,-1.00
29,23,50,0,0.04,-1.00
29,24,50,0,0.04,-1.00
29,25,50,0,0.02,-1.00
29,26,50,0,0.02,-1.00
29,27,50,0,0.00,-1.00
29,28,50,0,0.00,-1.00
29,29,50,0,0.00,-1.00
29,30,50,0,0.00,-1.00
29,31,50,0,0.00,-1.00
29,32,50,0,0.06,-1.00
29,33,50,0,0.08,-1.00
29,34,50,0,0.02,-1.00
29,35,50,0,0.02,-1.00
29,36,50,0,0.04,-1.00
29,37,50,0,0.06,-1.00
29,38,50,0,0.02,-1.00
29,39,50,0,0.00,-1.00
29,40,50,0,0.00,-1.00
29,41,50,0,0.02,-1.00
29,42,50,0,0.00,-1.00
29,43,50,0,0.00,-1.00
29,44,50,0,0.00,-1.00
29,45,50,0,0.00,-1.00
29,46,50,0,0.00,-1.00
29,47,50,0,0.00,-1.00
29,48,50,0,0.00,-1.00
29,49,50,0,0.00,-1.00
29,50,50,0,0.00,-1.00
29,51,50,0,0.00,-1.00
29,52,50,0,0.00,-1.00
29,53,50,0,0.00,-1.00
29,54,50,0,0.00,-1.00
29,55,50,0,0.00,-1.00
29,56,50,0,0.00,-1.00
29,57,50,0,0.02,-1.00
29,58,50,0,0.04,-1.00
29,59,50,0,0.10,-1.00
29,60,50,0,0.08,-1.00
29,61,50,0,0.14,-1.00
29,62,50,0,0.14,-1.00
29,63,50,0,0.08,-1.00
29,64,50,0,0.06,-1.00
29,65,50,0,0.04,-1.00
29,66,50,0,0.04,-1.00
29,67,50,0,0.02,-1.00
29,68,50,0,0.04,-1.00
29,69,50,0,0.04,-1.00
29,70,50,0,0.06,-1.00
29,71,50,0,0.06,-1.00
29,72,50,0,0.08,-1.00
29,73,50,0,0.12,-1.00
29,74,50,0,0.10,-1.00
29,75,50,0,0.08,-1.00
29,76,50,0,0.18,-1.00
29,77,50,0,0.12,-1.00
29,78,50,0,0.16,-1.00
29,79,50,0,0.12,-1.00
29,80,50,0,0.06,-1.00
29,81,50,0,0.16,-1.00
29,82,50,0,0.12,-1.00
29,83,50,0,0.12,-1.00
29,84,50,0,0.12,-1.00
29,85,50,0,0.16,-1.00
29,86,50,0,0.24,-1.00
29,87,50,0,0.16,-1.00
29,88,50,0,0.16,-1.00
29,89,50,0,0.20,-1.00
29,90,50,0,0.22,-1.00
29,91,50,0,0.20,-1.00
29,92,50,0,0.10,-1.00
29,93,50,0,0.16,-1.00
29,94,50,0,0.10,-1.00
29,95,50,0,0.06,-1.00
29,96,50,0,0.10,-1.00
29,97,50,0,0.08,-1.00
29,98,50,0,0.06,-1.00
29,99,50,0,0.02,-1.00
29,100,50,0,0.00,-1.00
29,101,50,0,0.00,-1.00
29,102,50,0,0.02,-1.00
29,103,50,0,0.02,-1.00
29,104,50,0,0.02,-1.00
29,105,50,0,0.04,-1.00
29,106,50,0,0.02,-1.00
29,107,50,0,0.00,-1.00
29,108,50,0,0.02,-1.00
29,109,50,0,0.02,-1.00
29,110,50,0,0.08,-1.00
29,111,50,0,0.10,-1.00
29,112,50,0,0.06,-1.00
29,113,50,0,0.06,-1.00
29,114,50,0,0.02,-1.00
29,115,50,0,0.10,-1.00
29,116,50,0,0.08,-1.00
29,117,50,0,0.08,-1.00
29,118,50,0,0.06,-1.00
29,119,50,0,0.08,-1.00
29,120,50,0,0.06,-1.00
29,121,50,0,0.10,-1.00
29,122,50,0,0.04,-1.00
29,123,50,0,0.02,-1.00
29,124,50,0,0.00,-1.00
29,125,50,0,0.02,-1.00
29,126,50,0,0.08,-1.00
29,127,50,0,0.08,-1.00
29,128,50,0,0.08,-1.00
29,129,50,0,0.10,-1.00
29,130,50,0,0.06,-1.00
29,131,50,0,0.06,-1.00
29,132,50,0,0.04,-1.00
29,133,50,0,0.06,-1.00
29,134,50,0,0.04,-1.00
29,135,50,0,0.02,-1.00
29,136,50,0,0.00,-1.00
29,137,50,0,0.02,-1.00
29,138,50,0,0.04,-1.00
29,139,50,0,0.02,-1.00
29,140,50,0,0.02,-1.00
29,141,50,0,0.00,-1.00
29,142,50,0,0.00,-1.00
29,143,50,0,0.00,-1.00
29,144,50,0,0.00,-1.00
29,145,50,0,0.00,-1.00
29,146,50,0,0.00,-1.00
29,147,50,0,0.02,-1.00
29,148,50,0,0.02,-1.00
29,149,50,0,0.02,-1.00
29,150,50,0,0.00,-1.00
29,151,50,0,0.04,-1.00
29,152,50,0,0.00,-1.00
29,153,50,0,0.02,-1.00
29,154,50,0,0.06,-1.00
29,155,50,0,0.04,-1.00
29,156,50,0,0.16,-1.00
29,157,50,0,0.08,-1.00
29,158,50,0,0.04,-1.00
29,159,50,0,0.02,-1.00
29,160,50,0,0.00,-1.00
29,161,50,0,0.04,-1.00
29,162,50,0,0.00,-1.00
29,163,50,0,0.00,-1.00
29,164,50,0,0.00,-1.00
29,165,50,0,0.00,-1.00
29,166,50,0,0.00,-1.00
29,167,50,0,0.04,-1.00
29,168,50,0,0.04,-1.00
29,169,50,0,0.00,-1.00
29,170,50,0,0.04,-1.00
29,171,50,0,0.08,-1.00
29,172,50,0,0.12,-1.00
29,173,50,0,0.12,-1.00
29,174,50,0,0.10,-1.00
29,175,50,0,0.06,-1.00
29,176,50,0,0.10,-1.00
29,177,50,0,0.06,-1.00
29,178,50,0,0.00,-1.00
29,179,50,0,0.00,-1.00
29,180,50,0,0.00,-1.00
29,181,50,0,0.00,-1.00
29,182,50,0,0.00,-1.00
29,183,50,0,0.00,-1.00
29,184,50,0,0.00,-1.00
29,185,50,0,0.00,-1.00
29,186,50,0,0.00,-1.00
29,187,50,0,0.00,-1.00
29,188,50,0,0.00,-1.00
29,189,50,0,0.00,-1.00
29,190,50,0,0.00,-1.00
29,191,50,0,0.04,-1.00
29,192,50,0,0.06,-1.00
29,193,50,0,0.06,-1.00
29,194,50,0,0.04,-1.00
29,195,50,0,0.08,-1.00
29,196,50,0,0.06,-1.00
29,197,50,0,0.12,-1.00
29,198,50,0,0.06,-1.00
29,199,50,0,0.12,-1.00
29,200,50,0,0.16,-1.00
29,201,50,0,0.14,-1.00
29,202,50,0,0.10,-1.00
29,203,50,0,0.12,-1.00
29,204,50,0,0.08,-1.00
29,205,50,0,0.10,-1.00
29,206,50,0,0.10,-1.00
29,207,50,0,0.10,-1.00
29,208,50,0,0.06,-1.00
29,209,50,0,0.06,-1.00
29,210,50,0,0.02,-1.00
29,211,50,0,0.10,-1.00
29,212,50,0,0.08,-1.00
29,213,50,0,0.18,-1.00
29,214,50,0,0.18,-1.00
29,215,50,0,0.18,-1.00
29,216,50,0,0.24,-1.00
29,217,50,0,0.18,-1.00
29,218,50,0,0.22,-1.00
29,219,50,0,0.22,-1.00
29,220,50,0,0.18,-1.00
29,221,50,0,0.20,-1.00
29,222,50,0,0.18,-1.00
29,223,50,0,0.18,-1.00
29,224,50,0,0.14,-1.00
29,225,50,0,0.08,-1.00
29,226,50,0,0.08,-1.00
29,227,50,0,0.14,-1.00
29,228,50,0,0.08,-1.00
29,229,50,0,0.08,-1.00
29,230,50,0,0.06,-1.00
29,231,50,0,0.04,-1.00
29,232,50,0,0.02,-1.00
29,233,50,0,0.00,-1.00
29,234,50,0,0.00,-1.00
29,235,50,0,0.00,-1.00
29,236,50,0,0.00,-1.00
29,237,50,0,0.00,-1.00
29,238,50,0,0.00,-1.00
29,239,50,0,0.00,-1.00
29,240,50,0,0.00,-1.00
29,241,50,0,0.00,-1.00
29,242,50,0,0.02,-1.00
29,243,50,0,0.06,-1.00
29,244,50,0,0.02,-1.00
29,245,50,0,0.04,-1.00
29,246,50,0,0.02,-1.00
29,247,50,0,0.00,-1.00
29,248,50,0,0.00,-1.00
29,249,50,0,0.02,-1.00
29,250,50,0,0.02,-1.00
29,251,50,0,0.06,-1.00
29,252,50,0,0.00,-1.00
29,253,50,0,0.04,-1.00
29,254,50,0,0.04,-1.00
29,255,50,0,0.10,-1.00
29,256,50,0,0.06,-1.00
29,257,50,0,0.04,-1.00
29,258,50,0,0.06,-1.00
29,259,50,0,0.02,-1.00
29,260,50,0,0.00,-1.00
29,261,50,0,0.04,-1.00
29,262,50,0,0.06,-1.00
29,263,50,0,0.06,-1.00
29,264,50,0,0.02,-1.00
29,265,50,0,0.00,-1.00
29,266,50,0,0.00,-1.00
29,267,50,0,0.04,-1.00
29,268,50,0,0.02,-1.00
29,269,50,0,0.00,-1.00
29,270,50,0,0.00,-1.00
29,271,50,0,0.00,-1.00
29,272,50,0,0.00,-1.00
29,273,50,0,0.00,-1.00
29,274,50,0,0.00,-1.00
29,275,50,0,0.00,-1.00
29,276,50,0,0.00,-1.00
29,277,50,0,0.02,-1.00
29,278,50,0,0.04,-1.00
29,279,50,0,0.08,-1.00
29,280,50,0,0.06,-1.00
29,281,50,0,0.04,-1.00
29,282,50,0,0.04,-1.00
29,283,50,0,0.00,-1.00
29,284,50,0,0.00,-1.00
29,285,50,0,0.08,-1.00
29,286,50,0,0.10,-1.00
29,287,50,0,0.10,-1.00
29,288,50,0,0.12,-1.00
29,289,50,0,0.14,-1.00
29,290,50,0,0.18,-1.00
29,291,50,0,0.18,-1.00
29,292,50,0,0.12,-1.00
29,293,50,0,0.16,-1.00
29,294,50,0,0.18,-1.00
29,295,50,0,0.18,-1.00
29,296,50,0,0.26,-1.00
29,297,50,0,0.12,-1.00
29,298,50,0,0.06,-1.00
29,299,50,0,0.08,-1.00
29,300,50,0,0.10,-1.00
29,301,50,0,0.16,-1.00
29,302,50,0,0.10,-1.00
29,303,50,0,0.10,-1.00
29,304,50,0,0.24,-1.00
29,305,50,0,0.22,-1.00
29,306,50,0,0.28,-1.00
29,307,50,0,0.22,-1.00
29,308,50,0,0.20,-1.00
29,309,50,0,0.18,-1.00
29,310,50,0,0.24,-1.00
29,311,50,0,0.24,-1.00
29,312,50,0,0.16,-1.00
29,313,50,0,0.20,-1.00
29,314,50,0,0.28,-1.00
29,315,50,0,0.40,-1.00
29,316,50,0,0.40,-1.00
29,317,50,0,0.40,-1.00
29,318,50,0,0.34,-1.00
29,319,50,0,0.26,-1.00
29,320,50,0,0.30,-1.00
29,321,50,0,0.28,-1.00
29,322,50,0,0.18,-1.00
29,323,50,0,0.26,-1.00
29,324,50,0,0.28,-1.00
29,325,50,0,0.34,-1.00
29,326,50,0,0.24,-1.00
29,327,50,0,0.22,-1.00
29,328,50,0,0.10,-1.00
29,329,50,0,0.14,-1.00
29,330,50,0,0.18,-1.00
29,331,50,0,0.20,-1.00
29,332,50,0,0.12,-1.00
29,333,50,0,0.10,-1.00
29,334,50,0,0.04,-1.00
29,335,50,0,0.00,-1.00
29,336,50,0,0.00,-1.00
29,337,50,0,0.00,-1.00
29,338,50,0,0.06,-1.00
29,339,50,0,0.08,-1.00
29,340,50,0,0.08,-1.00
29,341,50,0,0.14,-1.00
29,342,50,0,0.20,-1.00
29,343,50,0,0.14,-1.00
29,344,50,0,0.10,-1.00
29,345,50,0,0.02,-1.00
29,346,50,0,0.04,-1.00
29,347,50,0,0.04,-1.00
29,348,50,0,0.04,-1.00
29,349,50,0,0.04,-1.00
29,350,50,0,0.08,-1.00
29,351,50,0,0.04,-1.00
29,352,50,0,0.08,-1.00
29,353,50,0,0.14,-1.00
29,354,50,0,0.06,-1.00
29,355,50,0,0.02,-1.00
29,356,50,0,0.00,-1.00
29,357,50,0,0.02,-1.00
29,358,50,0,0.00,-1.00
29,359,50,0,0.06,-1.00
29,360,50,0,0.14,-1.00
29,361,50,0,0.22,-1.00
29,362,50,0,0.26,-1.00
29,363,50,0,0.18,-1.00
29,364,50,0,0.26,-1.00
29,365,50,0,0.20,-1.00
29,366,50,0,0.18,-1.00
29,367,50,0,0.10,-1.00
29,368,50,0,0.20,-1.00
29,369,50,0,0.20,-1.00
29,370,50,0,0.20,-1.00
29,371,50,0,0.22,-1.00
29,372,50,0,0.32,-1.00
29,373,50,0,0.18,-1.00
29,374,50,0,0.24,-1.00
29,375,50,0,0.28,-1.00
29,376,50,0,0.26,-1.00
29,377,50,0,0.16,-1.00
29,378,50,0,0.26,-1.00
29,379,50,0,0.18,-1.00
29,380,50,0,0.12,-1.00
29,381,50,0,0.04,-1.00
29,382,50,0,0.00,-1.00
29,383,50,0,0.00,-1.00
29,384,50,0,0.00,-1.00
29,385,50,0,0.00,-1.00
29,386,50,0,0.00,-1.00
29,387,50,0,0.00,-1.00
29,388,50,0,0.00,-1.00
29,389,50,0,0.02,-1.00
29,390,50,0,0.00,-1.00
29,391,50,0,0.04,-1.00
29,392,50,0,0.00,-1.00
29,393,50,0,0.00,-1.00
29,394,50,0,0.00,-1.00
29,395,50,0,0.00,-1.00
29,396,50,0,0.00,-1.00
29,397,50,0,0.02,-1.00
29,398,50,0,0.00,-1.00
29,399,50,0,0.04,-1.00
29,400,50,0,0.08,-1.00
29,401,50,0,0.02,-1.00
29,402,50,0,0.00,-1.00
29,403,50,0,0.00,-1.00
29,404,50,0,0.00,-1.00
29,405,50,0,0.00,-1.00
29,406,50,0,0.00,-1.00
29,407,50,0,0.00,-1.00
29,408,50,0,0.00,-1.00
29,409,50,0,0.00,-1.00
29,410,50,0,0.00,-1.00
29,411,50,0,0.04,-1.00
29,412,50,0,0.06,-1.00
29,413,50,0,0.06,-1.00
29,414,50,0,0.04,-1.00
29,415,50,0,0.04,-1.00
29,416,50,0,0.06,-1.00
29,417,50,0,0.04,-1.00
29,418,50,0,0.00,-1.00
29,419,50,0,0.02,-1.00
29,420,50,0,0.02,-1.00
29,421,50,0,0.00,-1.00
29,422,50,0,0.08,-1.00
29,423,50,0,0.08,-1.00
29,424,50,0,0.06,-1.00
29,425,50,0,0.00,-1.00
29,426,50,0,0.00,-1.00
29,427,50,0,0.00,-1.00
29,428,50,0,0.00,-1.00
29,429,50,0,0.02,-1.00
29,430,50,0,0.02,-1.00
29,431,50,0,0.04,-1.00
29,432,50,0,0.04,-1.00
29,433,50,0,0.00,-1.00
29,434,50,0,0.00,-1.00
29,435,50,0,0.00,-1.00
29,436,50,0,0.00,-1.00
29,437,50,0,0.00,-1.00
29,438,50,0,0.00,-1.00
29,439,50,0,0.00,-1.00
29,440,50,0,0.00,-1.00
29,441,50,0,0.00,-1.00
29,442,50,0,0.02,-1.00
29,443,50,0,0.02,-1.00
29,444,50,0,0.02,-1.00
29,445,50,0,0.06,-1.00
29,446,50,0,0.06,-1.00
29,447,50,0,0.00,-1.00
29,448,50,0,0.00,-1.00
29,449,50,0,0.00,-1.00
29,450,50,0,0.02,-1.00
29,451,50,0,0.04,-1.00
29,452,50,0,0.06,-1.00
29,453,50,0,0.10,-1.00
29,454,50,0,0.22,-1.00
29,455,50,0,0.18,-1.00
29,456,50,0,0.18,-1.00
29,457,50,0,0.08,-1.00
29,458,50,0,0.08,-1.00
29,459,50,0,0.04,-1.00
29,460,50,0,0.00,-1.00
29,461,50,0,0.06,-1.00
29,462,50,0,0.02,-1.00
29,463,50,0,0.02,-1.00
29,464,50,0,0.02,-1.00
29,465,50,0,0.00,-1.00
29,466,50,0,0.00,-1.00
29,467,50,0,0.00,-1.00
29,468,50,0,0.00,-1.00
29,469,50,0,0.00,-1.00
29,470,50,0,0.02,-1.00
29,471,50,0,0.04,-1.00
29,472,50,0,0.02,-1.00
29,473,50,0,0.02,-1.00
29,474,50,0,0.06,-1.00
29,475,50,0,0.02,-1.00
29,476,50,0,0.02,-1.00
29,477,50,0,0.00,-1.00
29,478,50,0,0.04,-1.00
29,479,50,0,0.04,-1.00
29,480,50,0,0.10,-1.00
29,481,50,0,0.10,-1.00
29,482,50,0,0.02,-1.00
29,483,50,0,0.02,-1.00
29,484,50,0,0.02,-1.00
29,485,50,0,0.04,-1.00
29,486,50,0,0.02,-1.00
29,487,50,0,0.04,-1.00
29,488,50,0,0.06,-1.00
29,489,50,0,0.10,-1.00
29,490,50,0,0.08,-1.00
29,491,50,0,0.06,-1.00
29,492,50,0,0.00,-1.00
29,493,50,0,0.00,-1.00
29,494,50,0,0.00,-1.00
29,495,50,0,0.00,-1.00
29,496,50,0,0.00,-1.00
29,497,50,0,0.00,-1.00
29,498,50,0,0.00,-1.00
29,499,50,0,0.00,-1.00
29,500,50,0,0.00,-1.00
30,1,50,0,0.00,-1.00
30,2,50,0,0.00,-1.00
30,3,50,0,0.02,-1.00
30,4,50,0,0.04,-1.00
30,5,50,0,0.02,-1.00
30,6,50,0,0.00,-1.00
30,7,50,0,0.02,-1.00
30,8,50,0,0.10,-1.00
30,9,50,0,0.04,-1.00
30,10,50,0,0.00,-1.00
30,11,50,0,0.02,-1.00
30,12,50,0,0.00,-1.00
30,13,50,0,0.00,-1.00
30,14,50,0,0.00,-1.00
30,15,50,0,0.00,-1.00
30,16,50,0,0.00,-1.00
30,17,50,0,0.00,-1.00
30,18,50,0,0.00,-1.00
30,19,50,0,0.06,-1.00
30,20,50,0,0.04,-1.00
30,21,50,0,0.04,-1.00
30,22,50,0,0.06,-1.00
30,23,50,0,0.04,-1.00
30,24,50,0,0.12,-1.00
30,25,50,0,0.10,-1.00
30,26,50,0,0.14,-1.00
30,27,50,0,0.14,-1.00
30,28,50,0,0.12,-1.00
30,29,50,0,0.06,-1.00
30,30,50,0,0.02,-1.00
30,31,50,0,0.02,-1.00
30,32,50,0,0.02,-1.00
30,33,50,0,0.02,-1.00
30,34,50,0,0.04,-1.00
30,35,50,0,0.04,-1.00
30,36,50,0,0.04,-1.00
30,37,50,0,0.08,-1.00
30,38,50,0,0.12,-1.00
30,39,50,0,0.10,-1.00
30,40,50,0,0.10,-1.00
30,41,50,0,0.06,-1.00
30,42,50,0,0.10,-1.00
30,43,50,0,0.10,-1.00
30,44,50,0,0.04,-1.00
30,45,50,0,0.04,-1.00
30,46,50,0,0.02,-1.00
30,47,50,0,0.02,-1.00
30,48,50,0,0.00,-1.00
30,49,50,0,0.00,-1.00
30,50,50,0,0.00,-1.00
30,51,50,0,0.06,-1.00
30,52,50,0,0.00,-1.00
30,53,50,0,0.04,-1.00
30,54,50,0,0.12,-1.00
30,55,50,0,0.16,-1.00
30,56,50,0,0.18,-1.00
30,57,50,0,0.16,-1.00
30,58,50,0,0.20,-1.00
30,59,50,0,0.22,-1.00
30,60,50,0,0.24,-1.00
30,61,50,0,0.26,-1.00
30,62,50,0,0.38,-1.00
30,63,50,0,0.28,-1.00
30,64,50,0,0.22,-1.00
30,65,50,0,0.20,-1.00
30,66,50,0,0.16,-1.00
30,67,50,0,0.18,-1.00
30,68,50,0,0.14,-1.00
30,69,50,0,0.08,-1.00
30,70,50,0,0.06,-1.00
30,71,50,0,0.06,-1.00
30,72,50,0,0.14,-1.00
30,73,50,0,0.16,-1.00
30,74,50,0,0.24,-1.00
30,75,50,0,0.12,-1.00
30,76,50,0,0.08,-1.00
30,77,50,0,0.00,-1.00
30,78,50,0,0.02,-1.00
30,79,50,0,0.08,-1.00
30,80,50,0,0.02,-1.00
30,81,50,0,0.06,-1.00
30,82,50,0,0.06,-1.00
30,83,50,0,0.06,-1.00
30,84,50,0,0.08,-1.00
30,85,50,0,0.10,-1.00
30,86,50,0,0.22,-1.00
30,87,50,0,0.10,-1.00
30,88,50,0,0.12,-1.00
30,89,50,0,0.10,-1.00
30,90,50,0,0.14,-1.00
30,91,50,0,0.10,-1.00
30,92,50,0,0.04,-1.00
30,93,50,0,0.02,-1.00
30,94,50,0,0.00,-1.00
30,95,50,0,0.00,-1.00
30,96,50,0,0.00,-1.00
30,97,50,0,0.00,-1.00
30,98,50,0,0.00,-1.00
30,99,50,0,0.00,-1.00
30,100,50,0,0.00,-1.00
30,101,50,0,0.00,-1.00
30,102,50,0,0.02,-1.00
30,103,50,0,0.00,-1.00
30,104,50,0,0.00,-1.00
30,105,50,0,0.00,-1.00
30,106,50,0,0.00,-1.00
30,107,50,0,0.02,-1.00
30,108,50,0,0.02,-1.00
30,109,50,0,0.06,-1.00
30,110,50,0,0.02,-1.00
30,111,50,0,0.04,-1.00
30,112,50,0,0.06,-1.00
30,113,50,0,0.18,-1.00
30,114,50,0,0.16,-1.00
30,115,50,0,0.04,-1.00
30,116,50,0,0.00,-1.00
30,117,50,0,0.00,-1.00
30,118,50,0,0.02,-1.00
30,119,50,0,0.00,-1.00
30,120,50,0,0.00,-1.00
30,121,50,0,0.00,-1.00
30,122,50,0,0.00,-1.00
30,123,50,0,0.00,-1.00
30,124,50,0,0.02,-1.00
30,125,50,0,0.02,-1.00
30,126,50,0,0.00,-1.00
30,127,50,0,0.00,-1.00
30,128,50,0,0.06,-1.00
30,129,50,0,0.06,-1.00
30,130,50,0,0.00,-1.00
30,131,50,0,0.00,-1.00
30,132,50,0,0.00,-1.00
30,133,50,0,0.00,-1.00
30,134,50,0,0.00,-1.00
30,135,50,0,0.00,-1.00
30,136,50,0,0.00,-1.00
30,137,50,0,0.00,-1.00
30,138,50,0,0.00,-1.00
30,139,50,0,0.00,-1.00
30,140,50,0,0.04,-1.00
30,141,50,0,0.02,-1.00
30,142,50,0,0.02,-1.00
30,143,50,0,0.02,-1.00
30,144,50,0,0.02,-1.00
30,145,50,0,0.04,-1.00
30,146,50,0,0.10,-1.00
30,147,50,0,0.08,-1.00
30,148,50,0,0.10,-1.00
30,149,50,0,0.12,-1.00
30,150,50,0,0.12,-1.00
30,151,50,0,0.10,-1.00
30,152,50,0,0.14,-1.00
30,153,50,0,0.08,-1.00
30,154,50,0,0.02,-1.00
30,155,50,0,0.00,-1.00
30,156,50,0,0.00,-1.00
30,157,50,0,0.02,-1.00
30,158,50,0,0.06,-1.00
30,159,50,0,0.04,-1.00
30,160,50,0,0.06,-1.00
30,161,50,0,0.08,-1.00
30,162,50,0,0.12,-1.00
30,163,50,0,0.14,-1.00
30,164,50,0,0.16,-1.00
30,165,50,0,0.22,-1.00
30,166,50,0,0.24,-1.00
30,167,50,0,0.36,-1.00
30,168,50,0,0.46,-1.00
30,169,50,0,0.36,-1.00
30,170,50,0,0.26,-1.00
30,171,50,0,0.22,-1.00
30,172,50,0,0.06,-1.00
30,173,50,0,0.08,-1.00
30,174,50,0,0.06,-1.00
30,175,50,0,0.08,-1.00
30,176,50,0,0.16,-1.00
30,177,50,0,0.12,-1.00
30,178,50,0,0.10,-1.00
30,179,50,0,0.06,-1.00
30,180,50,0,0.08,-1.00
30,181,50,0,0.06,-1.00
30,182,50,0,0.02,-1.00
30,183,50,0,0.06,-1.00
30,184,50,0,0.12,-1.00
30,185,50,0,0.14,-1.00
30,186,50,0,0.24,-1.00
30,187,50,0,0.16,-1.00
30,188,50,0,0.12,-1.00
30,189,50,0,0.04,-1.00
30,190,50,0,0.04,-1.00
30,191,50,0,0.02,-1.00
30,192,50,0,0.00,-1.00
30,193,50,0,0.00,-1.00
30,194,50,0,0.02,-1.00
30,195,50,0,0.02,-1.00
30,196,50,0,0.02,-1.00
30,197,50,0,0.04,-1.00
30,198,50,0,0.04,-1.00
30,199,50,0,0.06,-1.00
30,200,50,0,0.18,-1.00
30,201,50,0,0.24,-1.00
30,202,50,0,0.24,-1.00
30,203,50,0,0.22,-1.00
30,204,50,0,0.28,-1.00
30,205,50,0,0.24,-1.00
30,206,50,0,0.22,-1.00
30,207,50,0,0.22,-1.00
30,208,50,0,0.26,-1.00
30,209,50,0,0.22,-1.00
30,210,50,0,0.16,-1.00
30,211,50,0,0.10,-1.00
30,212,50,0,0.10,-1.00
30,213,50,0,0.10,-1.00
30,214,50,0,0.14,-1.00
30,215,50,0,0.14,-1.00
30,216,50,0,0.16,-1.00
30,217,50,0,0.18,-1.00
30,218,50,0,0.16,-1.00
30,219,50,0,0.16,-1.00
30,220,50,0,0.04,-1.00
30,221,50,0,0.02,-1.00
30,222,50,0,0.06,-1.00
30,223,50,0,0.04,-1.00
30,224,50,0,0.02,-1.00
30,225,50,0,0.02,-1.00
30,226,50,0,0.02,-1.00
30,227,50,0,0.04,-1.00
30,228,50,0,0.12,-1.00
30,229,50,0,0.10,-1.00
30,230,50,0,0.10,-1.00
30,231,50,0,0.16,-1.00
30,232,50,0,0.16,-1.00
30,233,50,0,0.20,-1.00
30,234,50,0,0.16,-1.00
30,235,50,0,0.16,-1.00
30,236,50,0,0.24,-1.00
30,237,50,0,0.12,-1.00
30,238,50,0,0.08,-1.00
30,239,50,0,0.06,-1.00
30,240,50,0,0.04,-1.00
30,241,50,0,0.04,-1.00
30,242,50,0,0.12,-1.00
30,243,50,0,0.10,-1.00
30,244,50,0,0.10,-1.00
30,245,50,0,0.04,-1.00
30,246,50,0,0.04,-1.00
30,247,50,0,0.08,-1.00
30,248,50,0,0.10,-1.00
30,249,50,0,0.06,-1.00
30,250,50,0,0.12,-1.00
30,251,50,0,0.10,-1.00
30,252,50,0,0.08,-1.00
30,253,50,0,0.06,-1.00
30,254,50,0,0.06,-1.00
30,255,50,0,0.02,-1.00
30,256,50,0,0.06,-1.00
30,257,50,0,0.10,-1.00
30,258,50,0,0.04,-1.00
30,259,50,0,0.04,-1.00
30,260,50,0,0.04,-1.00
30,261,50,0,0.06,-1.00
30,262,50,0,0.08,-1.00
30,263,50,0,0.06,-1.00
30,264,50,0,0.04,-1.00
30,265,50,0,0.04,-1.00
30,266,50,0,0.08,-1.00
30,267,50,0,0.08,-1.00
30,268,50,0,0.08,-1.00
30,269,50,0,0.04,-1.00
30,270,50,0,0.06,-1.00
30,271,50,0,0.06,-1.00
30,272,50,0,0.04,-1.00
30,273,50,0,0.10,-1.00
30,274,50,0,0.06,-1.00
30,275,50,0,0.12,-1.00
30,276,50,0,0.16,-1.00
30,277,50,0,0.20,-1.00
30,278,50,0,0.12,-1.00
30,279,50,0,0.22,-1.00
30,280,50,0,0.20,-1.00
30,281,50,0,0.28,-1.00
30,282,50,0,0.12,-1.00
30,283,50,0,0.12,-1.00
30,284,50,0,0.10,-1.00
30,285,50,0,0.08,-1.00
30,286,50,0,0.08,-1.00
30,287,50,0,0.12,-1.00
30,288,50,0,0.20,-1.00
30,289,50,0,0.10,-1.00
30,290,50,0,0.08,-1.00
30,291,50,0,0.10,-1.00
30,292,50,0,0.12,-1.00
30,293,50,0,0.12,-1.00
30,294,50,0,0.20,-1.00
30,295,50,0,0.16,-1.00
30,296,50,0,0.14,-1.00
30,297,50,0,0.24,-1.00
30,298,50,0,0.32,-1.00
30,299,50,0,0.42,-1.00
30,300,50,0,0.38,-1.00
30,301,50,0,0.38,-1.00
30,302,50,0,0.38,-1.00
30,303,50,0,0.38,-1.00
30,304,50,0,0.46,-1.00
30,305,50,0,0.52,-1.00
30,306,50,0,0.60,-1.00
30,307,50,0,0.66,-1.00
30,308,50,0,0.98,-1.00
30,309,50,0,0.78,-1.00
30,310,50,0,0.76,-1.00
30,311,50,0,0.64,-1.00
30,312,50,0,0.62,-1.00
30,313,50,0,0.68,-1.00
30,314,50,0,0.60,-1.00
30,315,50,0,0.58,-1.00
30,316,50,0,0.68,-1.00
30,317,50,0,0.54,-1.00
30,318,50,0,0.46,-1.00
30,319,50,0,0.40,-1.00
30,320,50,0,0.38,-1.00
30,321,50,0,0.46,-1.00
30,322,50,0,0.56,-1.00
30,323,50,0,0.66,-1.00
30,324,50,0,0.70,-1.00
30,325,50,0,0.80,-1.00
30,326,50,0,0.78,-1.00
30,327,50,0,0.74,-1.00
30,328,50,0,0.60,-1.00
30,329,50,0,0.66,-1.00
30,330,50,0,0.68,-1.00
30,331,50,0,0.36,-1.00
30,332,50,0,0.38,-1.00
30,333,50,0,0.34,-1.00
30,334,50,0,0.34,-1.00
30,335,50,0,0.24,-1.00
30,336,50,0,0.18,-1.00
30,337,50,0,0.12,-1.00
30,338,50,0,0.06,-1.00
30,339,50,0,0.02,-1.00
30,340,50,0,0.02,-1.00
30,341,50,0,0.00,-1.00
30,342,50,0,0.00,-1.00
30,343,50,0,0.00,-1.00
30,344,50,0,0.00,-1.00
30,345,50,0,0.00,-1.00
30,346,50,0,0.00,-1.00
30,347,50,0,0.00,-1.00
30,348,50,0,0.00,-1.00
30,349,50,0,0.00,-1.00
30,350,50,0,0.00,-1.00
30,351,50,0,0.02,-1.00
30,352,50,0,0.04,-1.00
30,353,50,0,0.04,-1.00
30,354,50,0,0.08,-1.00
30,355,50,0,0.14,-1.00
30,356,50,0,0.14,-1.00
30,357,50,0,0.22,-1.00
30,358,50,0,0.18,-1.00
30,359,50,0,0.30,-1.00
30,360,50,0,0.32,-1.00
30,361,50,0,0.46,-1.00
30,362,50,0,0.38,-1.00
30,363,50,0,0.44,-1.00
30,364,50,0,0.48,-1.00
30,365,50,0,0.36,-1.00
30,366,50,0,0.40,-1.00
30,367,50,0,0.42,-1.00
30,368,50,0,0.36,-1.00
30,369,50,0,0.26,-1.00
30,370,50,0,0.30,-1.00
30,371,50,0,0.34,-1.00
30,372,50,0,0.36,-1.00
30,373,50,0,0.38,-1.00
30,374,50,0,0.32,-1.00
30,375,50,0,0.34,-1.00
30,376,50,0,0.30,-1.00
30,377,50,0,0.20,-1.00
30,378,50,0,0.10,-1.00
30,379,50,0,0.06,-1.00
30,380,50,0,0.04,-1.00
30,381,50,0,0.06,-1.00
30,382,50,0,0.04,-1.00
30,383,50,0,0.00,-1.00
30,384,50,0,0.00,-1.00
30,385,50,0,0.00,-1.00
30,386,50,0,0.00,-1.00
30,387,50,0,0.00,-1.00
30,388,50,0,0.00,-1.00
30,389,50,0,0.00,-1.00
30,390,50,0,0.00,-1.00
30,391,50,0,0.00,-1.00
30,392,50,0,0.02,-1.00
30,393,50,0,0.02,-1.00
30,394,50,0,0.02,-1.00
30,395,50,0,0.02,-1.00
30,396,50,0,0.08,-1.00
30,397,50,0,0.06,-1.00
30,398,50,0,0.04,-1.00
30,399,50,0,0.00,-1.00
30,400,50,0,0.00,-1.00
30,401,50,0,0.00,-1.00
30,402,50,0,0.00,-1.00
30,403,50,0,0.02,-1.00
30,404,50,0,0.00,-1.00
30,405,50,0,0.00,-1.00
30,406,50,0,0.00,-1.00
30,407,50,0,0.00,-1.00
30,408,50,0,0.00,-1.00
30,409,50,0,0.00,-1.00
30,410,50,0,0.00,-1.00
30,411,50,0,0.00,-1.00
30,412,50,0,0.00,-1.00
30,413,50,0,0.04,-1.00
30,414,50,0,0.10,-1.00
30,415,50,0,0.14,-1.00
30,416,50,0,0.20,-1.00
30,417,50,0,0.18,-1.00
30,418,50,0,0.10,-1.00
30,419,50,0,0.16,-1.00
30,420,50,0,0.16,-1.00
30,421,50,0,0.10,-1.00
30,422,50,0,0.14,-1.00
30,423,50,0,0.10,-1.00
30,424,50,0,0.06,-1.00
30,425,50,0,0.06,-1.00
30,426,50,0,0.14,-1.00
30,427,50,0,0.22,-1.00
30,428,50,0,0.18,-1.00
30,429,50,0,0.20,-1.00
30,430,50,0,0.20,-1.00
30,431,50,0,0.12,-1.00
30,432,50,0,0.14,-1.00
30,433,50,0,0.14,-1.00
30,434,50,0,0.18,-1.00
30,435,50,0,0.18,-1.00
30,436,50,0,0.14,-1.00
30,437,50,0,0.22,-1.00
30,438,50,0,0.22,-1.00
30,439,50,0,0.28,-1.00
30,440,50,0,0.26,-1.00
30,441,50,0,0.24,-1.00
30,442,50,0,0.20,-1.00
30,443,50,0,0.16,-1.00
30,444,50,0,0.22,-1.00
30,445,50,0,0.16,-1.00
30,446,50,0,0.14,-1.00
30,447,50,0,0.16,-1.00
30,448,50,0,0.12,-1.00
30,449,50,0,0.14,-1.00
30,450,50,0,0.12,-1.00
30,451,50,0,0.14,-1.00
30,452,50,0,0.08,-1.00
30,453,50,0,0.08,-1.00
30,454,50,0,0.06,-1.00
30,455,50,0,0.08,-1.00
30,456,50,0,0.06,-1.00
30,457,50,0,0.04,-1.00
30,458,50,0,0.04,-1.00
30,459,50,0,0.00,-1.00
30,460,50,0,0.02,-1.00
30,461,50,0,0.00,-1.00
30,462,50,0,0.00,-1.00
30,463,50,0,0.00,-1.00
30,464,50,0,0.00,-1.00
30,465,50,0,0.00,-1.00
30,466,50,0,0.00,-1.00
30,467,50,0,0.04,-1.00
30,468,50,0,0.08,-1.00
30,469,50,0,0.06,-1.00
30,470,50,0,0.06,-1.00
30,471,50,0,0.06,-1.00
30,472,50,0,0.02,-1.00
30,473,50,0,0.08,-1.00
30,474,50,0,0.10,-1.00
30,475,50,0,0.06,-1.00
30,476,50,0,0.04,-1.00
30,477,50,0,0.04,-1.00
30,478,50,0,0.06,-1.00
30,479,50,0,0.10,-1.00
30,480,50,0,0.10,-1.00
30,481,50,0,0.10,-1.00
30,482,50,0,0.08,-1.00
30,483,50,0,0.08,-1.00
30,484,50,0,0.06,-1.00
30,485,50,0,0.08,-1.00
30,486,50,0,0.08,-1.00
30,487,50,0,0.12,-1.00
30,488,50,0,0.06,-1.00
30,489,50,0,0.10,-1.00
30,490,50,0,0.08,-1.00
30,491,50,0,0.16,-1.00
30,492,50,0,0.14,-1.00
30,493,50,0,0.20,-1.00
30,494,50,0,0.22,-1.00
30,495,50,0,0.14,-1.00
30,496,50,0,0.18,-1.00
30,497,50,0,0.22,-1.00
30,498,50,0,0.30,-1.00
30,499,50,0,0.34,-1.00
30,500,50,0,0.26,-1.00
31,1,50,0,0.00,-1.00
31,2,50,0,0.00,-1.00
31,3,50,0,0.00,-1.00
31,4,50,0,0.00,-1.00
31,5,50,0,0.00,-1.00
31,6,50,0,0.00,-1.00
31,7,50,0,0.02,-1.00
31,8,50,0,0.02,-1.00
31,9,50,0,0.00,-1.00
31,10,50,0,0.00,-1.00
31,11,50,0,0.02,-1.00
31,12,50,0,0.00,-1.00
31,13,50,0,0.00,-1.00
31,14,50,0,0.00,-1.00
31,15,50,0,0.00,-1.00
31,16,50,0,0.04,-1.00
31,17,50,0,0.02,-1.00
31,18,50,0,0.00,-1.00
31,19,50,0,0.00,-1.00
31,20,50,0,0.00,-1.00
31,21,50,0,0.06,-1.00
31,22,50,0,0.12,-1.00
31,23,50,0,0.18,-1.00
31,24,50,0,0.14,-1.00
31,25,50,0,0.16,-1.00
31,26,50,0,0.12,-1.00
31,27,50,0,0.12,-1.00
31,28,50,0,0.06,-1.00
31,29,50,0,0.04,-1.00
31,30,50,0,0.04,-1.00
31,31,50,0,0.02,-1.00
31,32,50,0,0.02,-1.00
31,33,50,0,0.00,-1.00
31,34,50,0,0.00,-1.00
31,35,50,0,0.00,-1.00
31,36,50,0,0.00,-1.00
31,37,50,0,0.00,-1.00
31,38,50,0,0.00,-1.00
31,39,50,0,0.00,-1.00
31,40,50,0,0.02,-1.00
31,41,50,0,0.04,-1.00
31,42,50,0,0.02,-1.00
31,43,50,0,0.00,-1.00
31,44,50,0,0.00,-1.00
31,45,50,0,0.06,-1.00
31,46,50,0,0.04,-1.00
31,47,50,0,0.08,-1.00
31,48,50,0,0.08,-1.00
31,49,50,0,0.02,-1.00
31,50,50,0,0.02,-1.00
31,51,50,0,0.06,-1.00
31,52,50,0,0.04,-1.00
31,53,50,0,0.04,-1.00
31,54,50,0,0.02,-1.00
31,55,50,0,0.00,-1.00
31,56,50,0,0.00,-1.00
31,57,50,0,0.00,-1.00
31,58,50,0,0.00,-1.00
31,59,50,0,0.00,-1.00
31,60,50,0,0.00,-1.00
31,61,50,0,0.00,-1.00
31,62,50,0,0.02,-1.00
31,63,50,0,0.06,-1.00
31,64,50,0,0.10,-1.00
31,65,50,0,0.08,-1.00
31,66,50,0,0.08,-1.00
31,67,50,0,0.04,-1.00
31,68,50,0,0.02,-1.00
31,69,50,0,0.04,-1.00
31,70,50,0,0.02,-1.00
31,71,50,0,0.00,-1.00
31,72,50,0,0.04,-1.00
31,73,50,0,0.04,-1.00
31,74,50,0,0.02,-1.00
31,75,50,0,0.04,-1.00
31,76,50,0,0.02,-1.00
31,77,50,0,0.00,-1.00
31,78,50,0,0.00,-1.00
31,79,50,0,0.02,-1.00
31,80,50,0,0.04,-1.00
31,81,50,0,0.06,-1.00
31,82,50,0,0.06,-1.00
31,83,50,0,0.10,-1.00
31,84,50,0,0.12,-1.00
31,85,50,0,0.02,-1.00
31,86,50,0,0.04,-1.00
31,87,50,0,0.12,-1.00
31,88,50,0,0.16,-1.00
31,89,50,0,0.12,-1.00
31,90,50,0,0.10,-1.00
31,91,50,0,0.12,-1.00
31,92,50,0,0.12,-1.00
31,93,50,0,0.12,-1.00
31,94,50,0,0.12,-1.00
31,95,50,0,0.16,-1.00
31,96,50,0,0.08,-1.00
31,97,50,0,0.04,-1.00
31,98,50,0,0.02,-1.00
31,99,50,0,0.04,-1.00
31,100,50,0,0.04,-1.00
31,101,50,0,0.00,-1.00
31,102,50,0,0.02,-1.00
31,103,50,0,0.00,-1.00
31,104,50,0,0.02,-1.00
31,105,50,0,0.02,-1.00
31,106,50,0,0.04,-1.00
31,107,50,0,0.06,-1.00
31,108,50,0,0.04,-1.00
31,109,50,0,0.04,-1.00
31,110,50,0,0.02,-1.00
31,111,50,0,0.00,-1.00
31,112,50,0,0.00,-1.00
31,113,50,0,0.00,-1.00
31,114,50,0,0.02,-1.00
31,115,50,0,0.02,-1.00
31,116,50,0,0.04,-1.00
31,117,50,0,0.02,-1.00
31,118,50,0,0.00,-1.00
31,119,50,0,0.00,-1.00
31,120,50,0,0.00,-1.00
31,121,50,0,0.00,-1.00
31,122,50,0,0.02,-1.00
31,123,50,0,0.00,-1.00
31,124,50,0,0.00,-1.00
31,125,50,0,0.02,-1.00
31,126,50,0,0.00,-1.00
31,127,50,0,0.00,-1.00
31,128,50,0,0.00,-1.00
31,129,50,0,0.02,-1.00
31,130,50,0,0.04,-1.00
31,131,50,0,0.00,-1.00
31,132,50,0,0.04,-1.00
31,133,50,0,0.00,-1.00
31,134,50,0,0.00,-1.00
31,135,50,0,0.06,-1.00
31,136,50,0,0.02,-1.00
31,137,50,0,0.00,-1.00
31,138,50,0,0.00,-1.00
31,139,50,0,0.00,-1.00
31,140,50,0,0.04,-1.00
31,141,50,0,0.02,-1.00
31,142,50,0,0.06,-1.00
31,143,50,0,0.00,-1.00
31,144,50,0,0.00,-1.00
31,145,50,0,0.00,-1.00
31,146,50,0,0.00,-1.00
31,147,50,0,0.04,-1.00
31,148,50,0,0.04,-1.00
31,149,50,0,0.02,-1.00
31,150,50,0,0.00,-1.00
31,151,50,0,0.00,-1.00
31,152,50,0,0.02,-1.00
31,153,50,0,0.00,-1.00
31,154,50,0,0.02,-1.00
31,155,50,0,0.02,-1.00
31,156,50,0,0.02,-1.00
31,157,50,0,0.00,-1.00
31,158,50,0,0.02,-1.00
31,159,50,0,0.00,-1.00
31,160,50,0,0.00,-1.00
31,161,50,0,0.00,-1.00
31,162,50,0,0.06,-1.00
31,163,50,0,0.08,-1.00
31,164,50,0,0.02,-1.00
31,165,50,0,0.04,-1.00
31,166,50,0,0.02,-1.00
31,167,50,0,0.00,-1.00
31,168,50,0,0.00,-1.00
31,169,50,0,0.08,-1.00
31,170,50,0,0.06,-1.00
31,171,50,0,0.06,-1.00
31,172,50,0,0.06,-1.00
31,173,50,0,0.12,-1.00
31,174,50,0,0.16,-1.00
31,175,50,0,0.10,-1.00
31,176,50,0,0.14,-1.00
31,177,50,0,0.12,-1.00
31,178,50,0,0.10,-1.00
31,179,50,0,0.04,-1.00
31,180,50,0,0.02,-1.00
31,181,50,0,0.04,-1.00
31,182,50,0,0.00,-1.00
31,183,50,0,0.00,-1.00
31,184,50,0,0.00,-1.00
31,185,50,0,0.06,-1.00
31,186,50,0,0.08,-1.00
31,187,50,0,0.04,-1.00
31,188,50,0,0.02,-1.00
31,189,50,0,0.00,-1.00
31,190,50,0,0.00,-1.00
31,191,50,0,0.02,-1.00
31,192,50,0,0.02,-1.00
31,193,50,0,0.02,-1.00
31,194,50,0,0.00,-1.00
31,195,50,0,0.00,-1.00
31,196,50,0,0.00,-1.00
31,197,50,0,0.00,-1.00
31,198,50,0,0.00,-1.00
31,199,50,0,0.00,-1.00
31,200,50,0,0.00,-1.00
31,201,50,0,0.00,-1.00
31,202,50,0,0.00,-1.00
31,203,50,0,0.00,-1.00
31,204,50,0,0.00,-1.00
31,205,50,0,0.02,-1.00
31,206,50,0,0.00,-1.00
31,207,50,0,0.00,-1.00
31,208,50,0,0.02,-1.00
31,209,50,0,0.02,-1.00
31,210,50,0,0.04,-1.00
31,211,50,0,0.04,-1.00
31,212,50,0,0.02,-1.00
31,213,50,0,0.02,-1.00
31,214,50,0,0.02,-1.00
31,215,50,0,0.02,-1.00
31,216,50,0,0.04,-1.00
31,217,50,0,0.02,-1.00
31,218,50,0,0.04,-1.00
31,219,50,0,0.04,-1.00
31,220,50,0,0.08,-1.00
31,221,50,0,0.12,-1.00
31,222,50,0,0.12,-1.00
31,223,50,0,0.14,-1.00
31,224,50,0,0.14,-1.00
31,225,50,0,0.18,-1.00
31,226,50,0,0.24,-1.00
31,227,50,0,0.20,-1.00
31,228,50,0,0.24,-1.00
31,229,50,0,0.18,-1.00
31,230,50,0,0.06,-1.00
31,231,50,0,0.02,-1.00
31,232,50,0,0.02,-1.00
31,233,50,0,0.04,-1.00
31,234,50,0,0.00,-1.00
31,235,50,0,0.00,-1.00
31,236,50,0,0.00,-1.00
31,237,50,0,0.00,-1.00
31,238,50,0,0.00,-1.00
31,239,50,0,0.00,-1.00
31,240,50,0,0.00,-1.00
31,241,50,0,0.00,-1.00
31,242,50,0,0.00,-1.00
31,243,50,0,0.02,-1.00
31,244,50,0,0.00,-1.00
31,245,50,0,0.00,-1.00
31,246,50,0,0.00,-1.00
31,247,50,0,0.00,-1.00
31,248,50,0,0.00,-1.00
31,249,50,0,0.00,-1.00
31,250,50,0,0.00,-1.00
31,251,50,0,0.00,-1.00
31,252,50,0,0.00,-1.00
31,253,50,0,0.00,-1.00
31,254,50,0,0.00,-1.00
31,255,50,0,0.00,-1.00
31,256,50,0,0.00,-1.00
31,257,50,0,0.00,-1.00
31,258,50,0,0.00,-1.00
31,259,50,0,0.00,-1.00
31,260,50,0,0.04,-1.00
31,261,50,0,0.06,-1.00
31,262,50,0,0.04,-1.00
31,263,50,0,0.08,-1.00
31,264,50,0,0.04,-1.00
31,265,50,0,0.02,-1.00
31,266,50,0,0.04,-1.00
31,267,50,0,0.16,-1.00
31,268,50,0,0.24,-1.00
31,269,50,0,0.28,-1.00
31,270,50,0,0.20,-1.00
31,271,50,0,0.20,-1.00
31,272,50,0,0.10,-1.00
31,273,50,0,0.16,-1.00
31,274,50,0,0.22,-1.00
31,275,50,0,0.22,-1.00
31,276,50,0,0.30,-1.00
31,277,50,0,0.34,-1.00
31,278,50,0,0.42,-1.00
31,279,50,0,0.52,-1.00
31,280,50,0,0.46,-1.00
31,281,50,0,0.42,-1.00
31,282,50,0,0.28,-1.00
31,283,50,0,0.34,-1.00
31,284,50,0,0.30,-1.00
31,285,50,0,0.18,-1.00
31,286,50,0,0.20,-1.00
31,287,50,0,0.10,-1.00
31,288,50,0,0.12,-1.00
31,289,50,0,0.12,-1.00
31,290,50,0,0.02,-1.00
31,291,50,0,0.00,-1.00
31,292,50,0,0.00,-1.00
31,293,50,0,0.06,-1.00
31,294,50,0,0.06,-1.00
31,295,50,0,0.04,-1.00
31,296,50,0,0.06,-1.00
31,297,50,0,0.04,-1.00
31,298,50,0,0.02,-1.00
31,299,50,0,0.06,-1.00
31,300,50,0,0.02,-1.00
31,301,50,0,0.02,-1.00
31,302,50,0,0.02,-1.00
31,303,50,0,0.02,-1.00
31,304,50,0,0.00,-1.00
31,305,50,0,0.02,-1.00
31,306,50,0,0.02,-1.00
31,307,50,0,0.00,-1.00
31,308,50,0,0.00,-1.00
31,309,50,0,0.00,-1.00
31,310,50,0,0.00,-1.00
31,311,50,0,0.00,-1.00
31,312,50,0,0.00,-1.00
31,313,50,0,0.00,-1.00
31,314,50,0,0.00,-1.00
31,315,50,0,0.00,-1.00
31,316,50,0,0.06,-1.00
31,317,50,0,0.00,-1.00
31,318,50,0,0.00,-1.00
31,319,50,0,0.00,-1.00
31,320,50,0,0.02,-1.00
31,321,50,0,0.06,-1.00
31,322,50,0,0.06,-1.00
31,323,50,0,0.06,-1.00
31,324,50,0,0.14,-1.00
31,325,50,0,0.10,-1.00
31,326,50,0,0.06,-1.00
31,327,50,0,0.02,-1.00
31,328,50,0,0.02,-1.00
31,329,50,0,0.06,-1.00
31,330,50,0,0.00,-1.00
31,331,50,0,0.00,-1.00
31,332,50,0,0.00,-1.00
31,333,50,0,0.00,-1.00
31,334,50,0,0.02,-1.00
31,335,50,0,0.04,-1.00
31,336,50,0,0.02,-1.00
31,337,50,0,0.02,-1.00
31,338,50,0,0.02,-1.00
31,339,50,0,0.02,-1.00
31,340,50,0,0.02,-1.00
31,341,50,0,0.02,-1.00
31,342,50,0,0.04,-1.00
31,343,50,0,0.08,-1.00
31,344,50,0,0.10,-1.00
31,345,50,0,0.08,-1.00
31,346,50,0,0.08,-1.00
31,347,50,0,0.16,-1.00
31,348,50,0,0.20,-1.00
31,349,50,0,0.08,-1.00
31,350,50,0,0.02,-1.00
31,351,50,0,0.06,-1.00
31,352,50,0,0.06,-1.00
31,353,50,0,0.06,-1.00
31,354,50,0,0.02,-1.00
31,355,50,0,0.02,-1.00
31,356,50,0,0.02,-1.00
31,357,50,0,0.00,-1.00
31,358,50,0,0.00,-1.00
31,359,50,0,0.00,-1.00
31,360,50,0,0.00,-1.00
31,361,50,0,0.06,-1.00
31,362,50,0,0.02,-1.00
31,363,50,0,0.00,-1.00
31,364,50,0,0.00,-1.00
31,365,50,0,0.00,-1.00
31,366,50,0,0.04,-1.00
31,367,50,0,0.06,-1.00
31,368,50,0,0.12,-1.00
31,369,50,0,0.12,-1.00
31,370,50,0,0.10,-1.00
31,371,50,0,0.10,-1.00
31,372,50,0,0.04,-1.00
31,373,50,0,0.02,-1.00
31,374,50,0,0.02,-1.00
31,375,50,0,0.02,-1.00
31,376,50,0,0.02,-1.00
31,377,50,0,0.02,-1.00
31,378,50,0,0.02,-1.00
31,379,50,0,0.00,-1.00
31,380,50,0,0.00,-1.00
31,381,50,0,0.00,-1.00
31,382,50,0,0.00,-1.00
31,383,50,0,0.00,-1.00
31,384,50,0,0.00,-1.00
31,385,50,0,0.00,-1.00
31,386,50,0,0.00,-1.00
31,387,50,0,0.00,-1.00
31,388,50,0,0.00,-1.00
31,389,50,0,0.00,-1.00
31,390,50,0,0.02,-1.00
31,391,50,0,0.06,-1.00
31,392,50,0,0.08,-1.00
31,393,50,0,0.02,-1.00
31,394,50,0,0.06,-1.00
31,395,50,0,0.06,-1.00
31,396,50,0,0.08,-1.00
31,397,50,0,0.04,-1.00
31,398,50,0,0.10,-1.00
31,399,50,0,0.06,-1.00
31,400,50,0,0.02,-1.00
31,401,50,0,0.06,-1.00
31,402,50,0,0.12,-1.00
31,403,50,0,0.12,-1.00
31,404,50,0,0.06,-1.00
31,405,50,0,0.06,-1.00
31,406,50,0,0.04,-1.00
31,407,50,0,0.04,-1.00
31,408,50,0,0.06,-1.00
31,409,50,0,0.04,-1.00
31,410,50,0,0.08,-1.00
31,411,50,0,0.06,-1.00
31,412,50,0,0.04,-1.00
31,413,50,0,0.00,-1.00
31,414,50,0,0.04,-1.00
31,415,50,0,0.02,-1.00
31,416,50,0,0.02,-1.00
31,417,50,0,0.00,-1.00
31,418,50,0,0.00,-1.00
31,419,50,0,0.02,-1.00
31,420,50,0,0.00,-1.00
31,421,50,0,0.00,-1.00
31,422,50,0,0.00,-1.00
31,423,50,0,0.00,-1.00
31,424,50,0,0.00,-1.00
31,425,50,0,0.00,-1.00
31,426,50,0,0.00,-1.00
31,427,50,0,0.00,-1.00
31,428,50,0,0.02,-1.00
31,429,50,0,0.04,-1.00
31,430,50,0,0.02,-1.00
31,431,50,0,0.02,-1.00
31,432,50,0,0.00,-1.00
31,433,50,0,0.00,-1.00
31,434,50,0,0.00,-1.00
31,435,50,0,0.00,-1.00
31,436,50,0,0.00,-1.00
31,437,50,0,0.00,-1.00
31,438,50,0,0.04,-1.00
31,439,50,0,0.08,-1.00
31,440,50,0,0.12,-1.00
31,441,50,0,0.08,-1.00
31,442,50,0,0.00,-1.00
31,443,50,0,0.00,-1.00
31,444,50,0,0.02,-1.00
31,445,50,0,0.02,-1.00
31,446,50,0,0.00,-1.00
31,447,50,0,0.06,-1.00
31,448,50,0,0.10,-1.00
31,449,50,0,0.18,-1.00
31,450,50,0,0.22,-1.00
31,451,50,0,0.16,-1.00
31,452,50,0,0.20,-1.00
31,453,50,0,0.30,-1.00
31,454,50,0,0.32,-1.00
31,455,50,0,0.30,-1.00
31,456,50,0,0.20,-1.00
31,457,50,0,0.10,-1.00
31,458,50,0,0.08,-1.00
31,459,50,0,0.14,-1.00
31,460,50,0,0.22,-1.00
31,461,50,0,0.16,-1.00
31,462,50,0,0.08,-1.00
31,463,50,0,0.02,-1.00
31,464,50,0,0.00,-1.00
31,465,50,0,0.00,-1.00
31,466,50,0,0.00,-1.00
31,467,50,0,0.02,-1.00
31,468,50,0,0.02,-1.00
31,469,50,0,0.04,-1.00
31,470,50,0,0.04,-1.00
31,471,50,0,0.04,-1.00
31,472,50,0,0.02,-1.00
31,473,50,0,0.02,-1.00
31,474,50,0,0.00,-1.00
31,475,50,0,0.02,-1.00
31,476,50,0,0.02,-1.00
31,477,50,0,0.14,-1.00
31,478,50,0,0.12,-1.00
31,479,50,0,0.14,-1.00
31,480,50,0,0.28,-1.00
31,481,50,0,0.38,-1.00
31,482,50,0,0.34,-1.00
31,483,50,0,0.42,-1.00
31,484,50,0,0.26,-1.00
31,485,50,0,0.16,-1.00
31,486,50,0,0.20,-1.00
31,487,50,0,0.16,-1.00
31,488,50,0,0.08,-1.00
31,489,50,0,0.12,-1.00
31,490,50,0,0.08,-1.00
31,491,50,0,0.04,-1.00
31,492,50,0,0.08,-1.00
31,493,50,0,0.16,-1.00
31,494,50,0,0.14,-1.00
31,495,50,0,0.16,-1.00
31,496,50,0,0.12,-1.00
31,497,50,0,0.12,-1.00
31,498,50,0,0.10,-1.00
31,499,50,0,0.16,-1.00
31,500,50,0,0.08,-1.00
32,1,50,0,0.00,-1.00
32,2,50,0,0.02,-1.00
32,3,50,0,0.00,-1.00
32,4,50,0,0.04,-1.00
32,5,50,0,0.08,-1.00
32,6,50,0,0.14,-1.00
32,7,50,0,0.08,-1.00
32,8,50,0,0.12,-1.00
32,9,50,0,0.12,-1.00
32,10,50,0,0.10,-1.00
32,11,50,0,0.10,-1.00
32,12,50,0,0.10,-1.00
32,13,50,0,0.04,-1.00
32,14,50,0,0.12,-1.00
32,15,50,0,0.08,-1.00
32,16,50,0,0.06,-1.00
32,17,50,0,0.04,-1.00
32,18,50,0,0.06,-1.00
32,19,50,0,0.04,-1.00
32,20,50,0,0.06,-1.00
32,21,50,0,0.18,-1.00
32,22,50,0,0.14,-1.00
32,23,50,0,0.12,-1.00
32,24,50,0,0.10,-1.00
32,25,50,0,0.14,-1.00
32,26,50,0,0.26,-1.00
32,27,50,0,0.22,-1.00
32,28,50,0,0.20,-1.00
32,29,50,0,0.16,-1.00
32,30,50,0,0.12,-1.00
32,31,50,0,0.16,-1.00
32,32,50,0,0.18,-1.00
32,33,50,0,0.16,-1.00
32,34,50,0,0.16,-1.00
32,35,50,0,0.14,-1.00
32,36,50,0,0.10,-1.00
32,37,50,0,0.02,-1.00
32,38,50,0,0.04,-1.00
32,39,50,0,0.02,-1.00
32,40,50,0,0.04,-1.00
32,41,50,0,0.06,-1.00
32,42,50,0,0.10,-1.00
32,43,50,0,0.08,-1.00
32,44,50,0,0.08,-1.00
32,45,50,0,0.08,-1.00
32,46,50,0,0.06,-1.00
32,47,50,0,0.06,-1.00
32,48,50,0,0.06,-1.00
32,49,50,0,0.04,-1.00
32,50,50,0,0.00,-1.00
32,51,50,0,0.00,-1.00
32,52,50,0,0.02,-1.00
32,53,50,0,0.00,-1.00
32,54,50,0,0.02,-1.00
32,55,50,0,0.06,-1.00
32,56,50,0,0.00,-1.00
32,57,50,0,0.00,-1.00
32,58,50,0,0.00,-1.00
32,59,50,0,0.02,-1.00
32,60,50,0,0.00,-1.00
32,61,50,0,0.00,-1.00
32,62,50,0,0.00,-1.00
32,63,50,0,0.00,-1.00
32,64,50,0,0.00,-1.00
32,65,50,0,0.00,-1.00
32,66,50,0,0.02,-1.00
32,67,50,0,0.02,-1.00
32,68,50,0,0.02,-1.00
32,69,50,0,0.00,-1.00
32,70,50,0,0.00,-1.00
32,71,50,0,0.00,-1.00
32,72,50,0,0.02,-1.00
32,73,50,0,0.06,-1.00
32,74,50,0,0.12,-1.00
32,75,50,0,0.08,-1.00
32,76,50,0,0.06,-1.00
32,77,50,0,0.00,-1.00
32,78,50,0,0.00,-1.00
32,79,50,0,0.00,-1.00
32,80,50,0,0.00,-1.00
32,81,50,0,0.00,-1.00
32,82,50,0,0.00,-1.00
32,83,50,0,0.00,-1.00
32,84,50,0,0.00,-1.00
32,85,50,0,0.00,-1.00
32,86,50,0,0.02,-1.00
32,87,50,0,0.02,-1.00
32,88,50,0,0.06,-1.00
32,89,50,0,0.08,-1.00
32,90,50,0,0.08,-1.00
32,91,50,0,0.12,-1.00
32,92,50,0,0.12,-1.00
32,93,50,0,0.08,-1.00
32,94,50,0,0.16,-1.00
32,95,50,0,0.22,-1.00
32,96,50,0,0.10,-1.00
32,97,50,0,0.08,-1.00
32,98,50,0,0.10,-1.00
32,99,50,0,0.06,-1.00
32,100,50,0,0.04,-1.00
32,101,50,0,0.02,-1.00
32,102,50,0,0.00,-1.00
32,103,50,0,0.02,-1.00
32,104,50,0,0.00,-1.00
32,105,50,0,0.00,-1.00
32,106,50,0,0.00,-1.00
32,107,50,0,0.00,-1.00
32,108,50,0,0.00,-1.00
32,109,50,0,0.00,-1.00
32,110,50,0,0.00,-1.00
32,111,50,0,0.04,-1.00
32,112,50,0,0.10,-1.00
32,113,50,0,0.12,-1.00
32,114,50,0,0.16,-1.00
32,115,50,0,0.24,-1.00
32,116,50,0,0.30,-1.00
32,117,50,0,0.32,-1.00
32,118,50,0,0.40,-1.00
32,119,50,0,0.46,-1.00
32,120,50,0,0.46,-1.00
32,121,50,0,0.44,-1.00
32,122,50,0,0.42,-1.00
32,123,50,0,0.52,-1.00
32,124,50,0,0.50,-1.00
32,125,50,0,0.52,-1.00
32,126,50,0,0.46,-1.00
32,127,50,0,0.48,-1.00
32,128,50,0,0.38,-1.00
32,129,50,0,0.30,-1.00
32,130,50,0,0.22,-1.00
32,131,50,0,0.24,-1.00
32,132,50,0,0.14,-1.00
32,133,50,0,0.12,-1.00
32,134,50,0,0.18,-1.00
32,135,50,0,0.12,-1.00
32,136,50,0,0.08,-1.00
32,137,50,0,0.02,-1.00
32,138,50,0,0.02,-1.00
32,139,50,0,0.04,-1.00
32,140,50,0,0.04,-1.00
32,141,50,0,0.06,-1.00
32,142,50,0,0.06,-1.00
32,143,50,0,0.02,-1.00
32,144,50,0,0.06,-1.00
32,145,50,0,0.02,-1.00
32,146,50,0,0.04,-1.00
32,147,50,0,0.02,-1.00
32,148,50,0,0.00,-1.00
32,149,50,0,0.00,-1.00
32,150,50,0,0.02,-1.00
32,151,50,0,0.02,-1.00
32,152,50,0,0.00,-1.00
32,153,50,0,0.00,-1.00
32,154,50,0,0.00,-1.00
32,155,50,0,0.00,-1.00
32,156,50,0,0.00,-1.00
32,157,50,0,0.00,-1.00
32,158,50,0,0.00,-1.00
32,159,50,0,0.02,-1.00
32,160,50,0,0.04,-1.00
32,161,50,0,0.04,-1.00
32,162,50,0,0.02,-1.00
32,163,50,0,0.04,-1.00
32,164,50,0,0.06,-1.00
32,165,50,0,0.06,-1.00
32,166,50,0,0.02,-1.00
32,167,50,0,0.00,-1.00
32,168,50,0,0.00,-1.00
32,169,50,0,0.04,-1.00
32,170,50,0,0.10,-1.00
32,171,50,0,0.06,-1.00
32,172,50,0,0.06,-1.00
32,173,50,0,0.02,-1.00
32,174,50,0,0.00,-1.00
32,175,50,0,0.06,-1.00
32,176,50,0,0.10,-1.00
32,177,50,0,0.06,-1.00
32,178,50,0,0.08,-1.00
32,179,50,0,0.22,-1.00
32,180,50,0,0.26,-1.00
32,181,50,0,0.20,-1.00
32,182,50,0,0.18,-1.00
32,183,50,0,0.18,-1.00
32,184,50,0,0.18,-1.00
32,185,50,0,0.16,-1.00
32,186,50,0,0.18,-1.00
32,187,50,0,0.20,-1.00
32,188,50,0,0.24,-1.00
32,189,50,0,0.20,-1.00
32,190,50,0,0.30,-1.00
32,191,50,0,0.36,-1.00
32,192,50,0,0.22,-1.00
32,193,50,0,0.22,-1.00
32,194,50,0,0.16,-1.00
32,195,50,0,0.12,-1.00
32,196,50,0,0.14,-1.00
32,197,50,0,0.16,-1.00
32,198,50,0,0.16,-1.00
32,199,50,0,0.18,-1.00
32,200,50,0,0.16,-1.00
32,201,50,0,0.20,-1.00
32,202,50,0,0.12,-1.00
32,203,50,0,0.22,-1.00
32,204,50,0,0.22,-1.00
32,205,50,0,0.16,-1.00
32,206,50,0,0.18,-1.00
32,207,50,0,0.22,-1.00
32,208,50,0,0.22,-1.00
32,209,50,0,0.36,-1.00
32,210,50,0,0.30,-1.00
32,211,50,0,0.30,-1.00
32,212,50,0,0.32,-1.00
32,213,50,0,0.22,-1.00
32,214,50,0,0.20,-1.00
32,215,50,0,0.24,-1.00
32,216,50,0,0.22,-1.00
32,217,50,0,0.24,-1.00
32,218,50,0,0.26,-1.00
32,219,50,0,0.34,-1.00
32,220,50,0,0.40,-1.00
32,221,50,0,0.46,-1.00
32,222,50,0,0.46,-1.00
32,223,50,0,0.56,-1.00
32,224,50,0,0.56,-1.00
32,225,50,0,0.48,-1.00
32,226,50,0,0.36,-1.00
32,227,50,0,0.36,-1.00
32,228,50,0,0.40,-1.00
32,229,50,0,0.30,-1.00
32,230,50,0,0.26,-1.00
32,231,50,0,0.32,-1.00
32,232,50,0,0.24,-1.00
32,233,50,0,0.14,-1.00
32,234,50,0,0.16,-1.00
32,235,50,0,0.14,-1.00
32,236,50,0,0.12,-1.00
32,237,50,0,0.12,-1.00
32,238,50,0,0.06,-1.00
32,239,50,0,0.12,-1.00
32,240,50,0,0.14,-1.00
32,241,50,0,0.10,-1.00
32,242,50,0,0.08,-1.00
32,243,50,0,0.06,-1.00
32,244,50,0,0.12,-1.00
32,245,50,0,0.22,-1.00
32,246,50,0,0.26,-1.00
32,247,50,0,0.20,-1.00
32,248,50,0,0.22,-1.00
32,249,50,0,0.22,-1.00
32,250,50,0,0.18,-1.00
32,251,50,0,0.10,-1.00
32,252,50,0,0.08,-1.00
32,253,50,0,0.02,-1.00
32,254,50,0,0.00,-1.00
32,255,50,0,0.00,-1.00
32,256,50,0,0.00,-1.00
32,257,50,0,0.00,-1.00
32,258,50,0,0.00,-1.00
32,259,50,0,0.00,-1.00
32,260,50,0,0.02,-1.00
32,261,50,0,0.02,-1.00
32,262,50,0,0.00,-1.00
32,263,50,0,0.00,-1.00
32,264,50,0,0.00,-1.00
32,265,50,0,0.00,-1.00
32,266,50,0,0.00,-1.00
32,267,50,0,0.00,-1.00
32,268,50,0,0.00,-1.00
32,269,50,0,0.06,-1.00
32,270,50,0,0.00,-1.00
32,271,50,0,0.00,-1.00
32,272,50,0,0.04,-1.00
32,273,50,0,0.12,-1.00
32,274,50,0,0.06,-1.00
32,275,50,0,0.12,-1.00
32,276,50,0,0.14,-1.00
32,277,50,0,0.06,-1.00
32,278,50,0,0.10,-1.00
32,279,50,0,0.08,-1.00
32,280,50,0,0.02,-1.00
32,281,50,0,0.04,-1.00
32,282,50,0,0.04,-1.00
32,283,50,0,0.08,-1.00
32,284,50,0,0.10,-1.00
32,285,50,0,0.16,-1.00
32,286,50,0,0.14,-1.00
32,287,50,0,0.12,-1.00
32,288,50,0,0.14,-1.00
32,289,50,0,0.06,-1.00
32,290,50,0,0.10,-1.00
32,291,50,0,0.12,-1.00
32,292,50,0,0.12,-1.00
32,293,50,0,0.20,-1.00
32,294,50,0,0.26,-1.00
32,295,50,0,0.34,-1.00
32,296,50,0,0.32,-1.00
32,297,50,0,0.36,-1.00
32,298,50,0,0.40,-1.00
32,299,50,0,0.30,-1.00
32,300,50,0,0.38,-1.00
32,301,50,0,0.32,-1.00
32,302,50,0,0.22,-1.00
32,303,50,0,0.18,-1.00
32,304,50,0,0.22,-1.00
32,305,50,0,0.22,-1.00
32,306,50,0,0.22,-1.00
32,307,50,0,0.16,-1.00
32,308,50,0,0.14,-1.00
32,309,50,0,0.14,-1.00
32,310,50,0,0.14,-1.00
32,311,50,0,0.14,-1.00
32,312,50,0,0.16,-1.00
32,313,50,0,0.20,-1.00
32,314,50,0,0.26,-1.00
32,315,50,0,0.24,-1.00
32,316,50,0,0.28,-1.00
32,317,50,0,0.36,-1.00
32,318,50,0,0.28,-1.00
32,319,50,0,0.32,-1.00
32,320,50,0,0.28,-1.00
32,321,50,0,0.28,-1.00
32,322,50,0,0.24,-1.00
32,323,50,0,0.18,-1.00
32,324,50,0,0.18,-1.00
32,325,50,0,0.16,-1.00
32,326,50,0,0.14,-1.00
32,327,50,0,0.18,-1.00
32,328,50,0,0.10,-1.00
32,329,50,0,0.06,-1.00
32,330,50,0,0.08,-1.00
32,331,50,0,0.06,-1.00
32,332,50,0,0.06,-1.00
32,333,50,0,0.04,-1.00
32,334,50,0,0.06,-1.00
32,335,50,0,0.08,-1.00
32,336,50,0,0.06,-1.00
32,337,50,0,0.08,-1.00
32,338,50,0,0.12,-1.00
32,339,50,0,0.02,-1.00
32,340,50,0,0.00,-1.00
32,341,50,0,0.00,-1.00
32,342,50,0,0.00,-1.00
32,343,50,0,0.02,-1.00
32,344,50,0,0.10,-1.00
32,345,50,0,0.04,-1.00
32,346,50,0,0.06,-1.00
32,347,50,0,0.06,-1.00
32,348,50,0,0.06,-1.00
32,349,50,0,0.06,-1.00
32,350,50,0,0.08,-1.00
32,351,50,0,0.06,-1.00
32,352,50,0,0.10,-1.00
32,353,50,0,0.14,-1.00
32,354,50,0,0.12,-1.00
32,355,50,0,0.10,-1.00
32,356,50,0,0.14,-1.00
32,357,50,0,0.06,-1.00
32,358,50,0,0.04,-1.00
32,359,50,0,0.06,-1.00
32,360,50,0,0.04,-1.00
32,361,50,0,0.08,-1.00
32,362,50,0,0.14,-1.00
32,363,50,0,0.10,-1.00
32,364,50,0,0.08,-1.00
32,365,50,0,0.08,-1.00
32,366,50,0,0.04,-1.00
32,367,50,0,0.04,-1.00
32,368,50,0,0.12,-1.00
32,369,50,0,0.10,-1.00
32,370,50,0,0.10,-1.00
32,371,50,0,0.16,-1.00
32,372,50,0,0.14,-1.00
32,373,50,0,0.16,-1.00
32,374,50,0,0.30,-1.00
32,375,50,0,0.30,-1.00
32,376,50,0,0.30,-1.00
32,377,50,0,0.30,-1.00
32,378,50,0,0.28,-1.00
32,379,50,0,0.22,-1.00
32,380,50,0,0.22,-1.00
32,381,50,0,0.30,-1.00
32,382,50,0,0.32,-1.00
32,383,50,0,0.34,-1.00
32,384,50,0,0.30,-1.00
32,385,50,0,0.24,-1.00
32,386,50,0,0.32,-1.00
32,387,50,0,0.38,-1.00
32,388,50,0,0.42,-1.00
32,389,50,0,0.42,-1.00
32,390,50,0,0.42,-1.00
32,391,50,0,0.46,-1.00
32,392,50,0,0.40,-1.00
32,393,50,0,0.30,-1.00
32,394,50,0,0.28,-1.00
32,395,50,0,0.24,-1.00
32,396,50,0,0.24,-1.00
32,397,50,0,0.18,-1.00
32,398,50,0,0.18,-1.00
32,399,50,0,0.14,-1.00
32,400,50,0,0.08,-1.00
32,401,50,0,0.04,-1.00
32,402,50,0,0.04,-1.00
32,403,50,0,0.04,-1.00
32,404,50,0,0.04,-1.00
32,405,50,0,0.08,-1.00
32,406,50,0,0.10,-1.00
32,407,50,0,0.16,-1.00
32,408,50,0,0.12,-1.00
32,409,50,0,0.02,-1.00
32,410,50,0,0.00,-1.00
32,411,50,0,0.00,-1.00
32,412,50,0,0.02,-1.00
32,413,50,0,0.02,-1.00
32,414,50,0,0.08,-1.00
32,415,50,0,0.12,-1.00
32,416,50,0,0.12,-1.00
32,417,50,0,0.06,-1.00
32,418,50,0,0.10,-1.00
32,419,50,0,0.06,-1.00
32,420,50,0,0.10,-1.00
32,421,50,0,0.08,-1.00
32,422,50,0,0.18,-1.00
32,423,50,0,0.24,-1.00
32,424,50,0,0.12,-1.00
32,425,50,0,0.10,-1.00
32,426,50,0,0.12,-1.00
32,427,50,0,0.14,-1.00
32,428,50,0,0.16,-1.00
32,429,50,0,0.18,-1.00
32,430,50,0,0.16,-1.00
32,431,50,0,0.14,-1.00
32,432,50,0,0.18,-1.00
32,433,50,0,0.24,-1.00
32,434,50,0,0.28,-1.00
32,435,50,0,0.24,-1.00
32,436,50,0,0.28,-1.00
32,437,50,0,0.14,-1.00
32,438,50,0,0.28,-1.00
32,439,50,0,0.18,-1.00
32,440,50,0,0.26,-1.00
32,441,50,0,0.22,-1.00
32,442,50,0,0.30,-1.00
32,443,50,0,0.28,-1.00
32,444,50,0,0.32,-1.00
32,445,50,0,0.26,-1.00
32,446,50,0,0.28,-1.00
32,447,50,0,0.28,-1.00
32,448,50,0,0.28,-1.00
32,449,50,0,0.32,-1.00
32,450,50,0,0.24,-1.00
32,451,50,0,0.26,-1.00
32,452,50,0,0.22,-1.00
32,453,50,0,0.24,-1.00
32,454,50,0,0.28,-1.00
32,455,50,0,0.22,-1.00
32,456,50,0,0.26,-1.00
32,457,50,0,0.26,-1.00
32,458,50,0,0.22,-1.00
32,459,50,0,0.30,-1.00
32,460,50,0,0.30,-1.00
32,461,50,0,0.32,-1.00
32,462,50,0,0.24,-1.00
32,463,50,0,0.30,-1.00
32,464,50,0,0.20,-1.00
32,465,50,0,0.14,-1.00
32,466,50,0,0.08,-1.00
32,467,50,0,0.12,-1.00
32,468,50,0,0.08,-1.00
32,469,50,0,0.16,-1.00
32,470,50,0,0.16,-1.00
32,471,50,0,0.14,-1.00
32,472,50,0,0.12,-1.00
32,473,50,0,0.06,-1.00
32,474,50,0,0.08,-1.00
32,475,50,0,0.04,-1.00
32,476,50,0,0.06,-1.00
32,477,50,0,0.08,-1.00
32,478,50,0,0.12,-1.00
32,479,50,0,0.10,-1.00
32,480,50,0,0.06,-1.00
32,481,50,0,0.14,-1.00
32,482,50,0,0.20,-1.00
32,483,50,0,0.26,-1.00
32,484,50,0,0.12,-1.00
32,485,50,0,0.08,-1.00
32,486,50,0,0.08,-1.00
32,487,50,0,0.06,-1.00
32,488,50,0,0.14,-1.00
32,489,50,0,0.22,-1.00
32,490,50,0,0.28,-1.00
32,491,50,0,0.26,-1.00
32,492,50,0,0.32,-1.00
32,493,50,0,0.28,-1.00
32,494,50,0,0.26,-1.00
32,495,50,0,0.30,-1.00
32,496,50,0,0.24,-1.00
32,497,50,0,0.14,-1.00
32,498,50,0,0.12,-1.00
32,499,50,0,0.18,-1.00
32,500,50,0,0.12,-1.00
33,1,50,0,0.00,-1.00
33,2,50,0,0.00,-1.00
33,3,50,0,0.00,-1.00
33,4,50,0,0.00,-1.00
33,5,50,0,0.00,-1.00
33,6,50,0,0.04,-1.00
33,7,50,0,0.14,-1.00
33,8,50,0,0.18,-1.00
33,9,50,0,0.20,-1.00
33,10,50,0,0.18,-1.00
33,11,50,0,0.20,-1.00
33,12,50,0,0.14,-1.00
33,13,50,0,0.20,-1.00
33,14,50,0,0.20,-1.00
33,15,50,0,0.20,-1.00
33,16,50,0,0.16,-1.00
33,17,50,0,0.10,-1.00
33,18,50,0,0.04,-1.00
33,19,50,0,0.02,-1.00
33,20,50,0,0.02,-1.00
33,21,50,0,0.02,-1.00
33,22,50,0,0.00,-1.00
33,23,50,0,0.02,-1.00
33,24,50,0,0.06,-1.00
33,25,50,0,0.04,-1.00
33,26,50,0,0.02,-1.00
33,27,50,0,0.06,-1.00
33,28,50,0,0.08,-1.00
33,29,50,0,0.04,-1.00
33,30,50,0,0.02,-1.00
33,31,50,0,0.02,-1.00
33,32,50,0,0.02,-1.00
33,33,50,0,0.02,-1.00
33,34,50,0,0.04,-1.00
33,35,50,0,0.00,-1.00
33,36,50,0,0.00,-1.00
33,37,50,0,0.00,-1.00
33,38,50,0,0.00,-1.00
33,39,50,0,0.06,-1.00
33,40,50,0,0.06,-1.00
33,41,50,0,0.02,-1.00
33,42,50,0,0.08,-1.00
33,43,50,0,0.04,-1.00
33,44,50,0,0.00,-1.00
33,45,50,0,0.00,-1.00
33,46,50,0,0.00,-1.00
33,47,50,0,0.00,-1.00
33,48,50,0,0.04,-1.00
33,49,50,0,0.02,-1.00
33,50,50,0,0.02,-1.00
33,51,50,0,0.02,-1.00
33,52,50,0,0.02,-1.00
33,53,50,0,0.02,-1.00
33,54,50,0,0.02,-1.00
33,55,50,0,0.02,-1.00
33,56,50,0,0.02,-1.00
33,57,50,0,0.04,-1.00
33,58,50,0,0.04,-1.00
33,59,50,0,0.08,-1.00
33,60,50,0,0.06,-1.00
33,61,50,0,0.14,-1.00
33,62,50,0,0.20,-1.00
33,63,50,0,0.18,-1.00
33,64,50,0,0.20,-1.00
33,65,50,0,0.28,-1.00
33,66,50,0,0.28,-1.00
33,67,50,0,0.26,-1.00
33,68,50,0,0.22,-1.00
33,69,50,0,0.20,-1.00
33,70,50,0,0.14,-1.00
33,71,50,0,0.06,-1.00
33,72,50,0,0.04,-1.00
33,73,50,0,0.02,-1.00
33,74,50,0,0.02,-1.00
33,75,50,0,0.04,-1.00
33,76,50,0,0.06,-1.00
33,77,50,0,0.10,-1.00
33,78,50,0,0.06,-1.00
33,79,50,0,0.02,-1.00
33,80,50,0,0.02,-1.00
33,81,50,0,0.04,-1.00
33,82,50,0,0.08,-1.00
33,83,50,0,0.04,-1.00
33,84,50,0,0.04,-1.00
33,85,50,0,0.08,-1.00
33,86,50,0,0.04,-1.00
33,87,50,0,0.00,-1.00
33,88,50,0,0.00,-1.00
33,89,50,0,0.00,-1.00
33,90,50,0,0.00,-1.00
33,91,50,0,0.00,-1.00
33,92,50,0,0.00,-1.00
33,93,50,0,0.06,-1.00
33,94,50,0,0.08,-1.00
33,95,50,0,0.06,-1.00
33,96,50,0,0.00,-1.00
33,97,50,0,0.00,-1.00
33,98,50,0,0.00,-1.00
33,99,50,0,0.00,-1.00
33,100,50,0,0.04,-1.00
33,101,50,0,0.02,-1.00
33,102,50,0,0.00,-1.00
33,103,50,0,0.00,-1.00
33,104,50,0,0.00,-1.00
33,105,50,0,0.04,-1.00
33,106,50,0,0.04,-1.00
33,107,50,0,0.00,-1.00
33,108,50,0,0.00,-1.00
33,109,50,0,0.00,-1.00
33,110,50,0,0.02,-1.00
33,111,50,0,0.02,-1.00
33,112,50,0,0.00,-1.00
33,113,50,0,0.04,-1.00
33,114,50,0,0.08,-1.00
33,115,50,0,0.02,-1.00
33,116,50,0,0.00,-1.00
33,117,50,0,0.00,-1.00
33,118,50,0,0.00,-1.00
33,119,50,0,0.00,-1.00
33,120,50,0,0.00,-1.00
33,121,50,0,0.00,-1.00
33,122,50,0,0.00,-1.00
33,123,50,0,0.00,-1.00
33,124,50,0,0.00,-1.00
33,125,50,0,0.00,-1.00
33,126,50,0,0.04,-1.00
33,127,50,0,0.10,-1.00
33,128,50,0,0.18,-1.00
33,129,50,0,0.22,-1.00
33,130,50,0,0.16,-1.00
33,131,50,0,0.12,-1.00
33,132,50,0,0.16,-1.00
33,133,50,0,0.14,-1.00
33,134,50,0,0.10,-1.00
33,135,50,0,0.06,-1.00
33,136,50,0,0.06,-1.00
33,137,50,0,0.14,-1.00
33,138,50,0,0.10,-1.00
33,139,50,0,0.20,-1.00
33,140,50,0,0.22,-1.00
33,141,50,0,0.20,-1.00
33,142,50,0,0.20,-1.00
33,143,50,0,0.14,-1.00
33,144,50,0,0.12,-1.00
33,145,50,0,0.06,-1.00
33,146,50,0,0.06,-1.00
33,147,50,0,0.02,-1.00
33,148,50,0,0.02,-1.00
33,149,50,0,0.04,-1.00
33,150,50,0,0.02,-1.00
33,151,50,0,0.06,-1.00
33,152,50,0,0.10,-1.00
33,153,50,0,0.10,-1.00
33,154,50,0,0.08,-1.00
33,155,50,0,0.08,-1.00
33,156,50,0,0.08,-1.00
33,157,50,0,0.08,-1.00
33,158,50,0,0.08,-1.00
33,159,50,0,0.10,-1.00
33,160,50,0,0.18,-1.00
33,161,50,0,0.08,-1.00
33,162,50,0,0.08,-1.00
33,163,50,0,0.10,-1.00
33,164,50,0,0.12,-1.00
33,165,50,0,0.10,-1.00
33,166,50,0,0.06,-1.00
33,167,50,0,0.00,-1.00
33,168,50,0,0.00,-1.00
33,169,50,0,0.00,-1.00
33,170,50,0,0.00,-1.00
33,171,50,0,0.00,-1.00
33,172,50,0,0.00,-1.00
33,173,50,0,0.02,-1.00
33,174,50,0,0.04,-1.00
33,175,50,0,0.04,-1.00
33,176,50,0,0.02,-1.00
33,177,50,0,0.00,-1.00
33,178,50,0,0.00,-1.00
33,179,50,0,0.00,-1.00
33,180,50,0,0.00,-1.00
33,181,50,0,0.00,-1.00
33,182,50,0,0.00,-1.00
33,183,50,0,0.02,-1.00
33,184,50,0,0.02,-1.00
33,185,50,0,0.04,-1.00
33,186,50,0,0.06,-1.00
33,187,50,0,0.06,-1.00
33,188,50,0,0.04,-1.00
33,189,50,0,0.10,-1.00
33,190,50,0,0.12,-1.00
33,191,50,0,0.08,-1.00
33,192,50,0,0.00,-1.00
33,193,50,0,0.00,-1.00
33,194,50,0,0.00,-1.00
33,195,50,0,0.00,-1.00
33,196,50,0,0.00,-1.00
33,197,50,0,0.00,-1.00
33,198,50,0,0.02,-1.00
33,199,50,0,0.00,-1.00
33,200,50,0,0.00,-1.00
33,201,50,0,0.00,-1.00
33,202,50,0,0.00,-1.00
33,203,50,0,0.00,-1.00
33,204,50,0,0.00,-1.00
33,205,50,0,0.00,-1.00
33,206,50,0,0.02,-1.00
33,207,50,0,0.02,-1.00
33,208,50,0,0.02,-1.00
33,209,50,0,0.00,-1.00
33,210,50,0,0.00,-1.00
33,211,50,0,0.00,-1.00
33,212,50,0,0.00,-1.00
33,213,50,0,0.00,-1.00
33,214,50,0,0.02,-1.00
33,215,50,0,0.00,-1.00
33,216,50,0,0.00,-1.00
33,217,50,0,0.00,-1.00
33,218,50,0,0.00,-1.00
33,219,50,0,0.00,-1.00
33,220,50,0,0.04,-1.00
33,221,50,0,0.06,-1.00
33,222,50,0,0.02,-1.00
33,223,50,0,0.00,-1.00
33,224,50,0,0.00,-1.00
33,225,50,0,0.02,-1.00
33,226,50,0,0.00,-1.00
33,227,50,0,0.02,-1.00
33,228,50,0,0.06,-1.00
33,229,50,0,0.04,-1.00
33,230,50,0,0.12,-1.00
33,231,50,0,0.06,-1.00
33,232,50,0,0.06,-1.00
33,233,50,0,0.06,-1.00
33,234,50,0,0.08,-1.00
33,235,50,0,0.12,-1.00
33,236,50,0,0.04,-1.00
33,237,50,0,0.02,-1.00
33,238,50,0,0.00,-1.00
33,239,50,0,0.00,-1.00
33,240,50,0,0.00,-1.00
33,241,50,0,0.00,-1.00
33,242,50,0,0.02,-1.00
33,243,50,0,0.00,-1.00
33,244,50,0,0.02,-1.00
33,245,50,0,0.02,-1.00
33,246,50,0,0.00,-1.00
33,247,50,0,0.00,-1.00
33,248,50,0,0.00,-1.00
33,249,50,0,0.00,-1.00
33,250,50,0,0.00,-1.00
33,251,50,0,0.00,-1.00
33,252,50,0,0.02,-1.00
33,253,50,0,0.04,-1.00
33,254,50,0,0.00,-1.00
33,255,50,0,0.00,-1.00
33,256,50,0,0.00,-1.00
33,257,50,0,0.00,-1.00
33,258,50,0,0.02,-1.00
33,259,50,0,0.04,-1.00
33,260,50,0,0.02,-1.00
33,261,50,0,0.00,-1.00
33,262,50,0,0.04,-1.00
33,263,50,0,0.02,-1.00
33,264,50,0,0.02,-1.00
33,265,50,0,0.02,-1.00
33,266,50,0,0.00,-1.00
33,267,50,0,0.00,-1.00
33,268,50,0,0.00,-1.00
33,269,50,0,0.00,-1.00
33,270,50,0,0.00,-1.00
33,271,50,0,0.02,-1.00
33,272,50,0,0.04,-1.00
33,273,50,0,0.08,-1.00
33,274,50,0,0.10,-1.00
33,275,50,0,0.16,-1.00
33,276,50,0,0.08,-1.00
33,277,50,0,0.10,-1.00
33,278,50,0,0.06,-1.00
33,279,50,0,0.10,-1.00
33,280,50,0,0.04,-1.00
33,281,50,0,0.06,-1.00
33,282,50,0,0.08,-1.00
33,283,50,0,0.14,-1.00
33,284,50,0,0.20,-1.00
33,285,50,0,0.16,-1.00
33,286,50,0,0.20,-1.00
33,287,50,0,0.28,-1.00
33,288,50,0,0.20,-1.00
33,289,50,0,0.22,-1.00
33,290,50,0,0.30,-1.00
33,291,50,0,0.34,-1.00
33,292,50,0,0.42,-1.00
33,293,50,0,0.38,-1.00
33,294,50,0,0.38,-1.00
33,295,50,0,0.42,-1.00
33,296,50,0,0.32,-1.00
33,297,50,0,0.32,-1.00
33,298,50,0,0.32,-1.00
33,299,50,0,0.20,-1.00
33,300,50,0,0.18,-1.00
33,301,50,0,0.14,-1.00
33,302,50,0,0.14,-1.00
33,303,50,0,0.12,-1.00
33,304,50,0,0.24,-1.00
33,305,50,0,0.16,-1.00
33,306,50,0,0.12,-1.00
33,307,50,0,0.10,-1.00
33,308,50,0,0.06,-1.00
33,309,50,0,0.06,-1.00
33,310,50,0,0.10,-1.00
33,311,50,0,0.16,-1.00
33,312,50,0,0.10,-1.00
33,313,50,0,0.10,-1.00
33,314,50,0,0.14,-1.00
33,315,50,0,0.12,-1.00
33,316,50,0,0.16,-1.00
33,317,50,0,0.12,-1.00
33,318,50,0,0.18,-1.00
33,319,50,0,0.14,-1.00
33,320,50,0,0.20,-1.00
33,321,50,0,0.18,-1.00
33,322,50,0,0.18,-1.00
33,323,50,0,0.16,-1.00
33,324,50,0,0.18,-1.00
33,325,50,0,0.10,-1.00
33,326,50,0,0.08,-1.00
33,327,50,0,0.04,-1.00
33,328,50,0,0.02,-1.00
33,329,50,0,0.02,-1.00
33,330,50,0,0.00,-1.00
33,331,50,0,0.04,-1.00
33,332,50,0,0.02,-1.00
33,333,50,0,0.04,-1.00
33,334,50,0,0.00,-1.00
33,335,50,0,0.00,-1.00
33,336,50,0,0.04,-1.00
33,337,50,0,0.08,-1.00
33,338,50,0,0.08,-1.00
33,339,50,0,0.04,-1.00
33,340,50,0,0.00,-1.00
33,341,50,0,0.00,-1.00
33,342,50,0,0.00,-1.00
33,343,50,0,0.00,-1.00
33,344,50,0,0.00,-1.00
33,345,50,0,0.00,-1.00
33,346,50,0,0.00,-1.00
33,347,50,0,0.02,-1.00
33,348,50,0,0.02,-1.00
33,349,50,0,0.02,-1.00
33,350,50,0,0.04,-1.00
33,351,50,0,0.00,-1.00
33,352,50,0,0.00,-1.00
33,353,50,0,0.00,-1.00
33,354,50,0,0.00,-1.00
33,355,50,0,0.00,-1.00
33,356,50,0,0.00,-1.00
33,357,50,0,0.00,-1.00
33,358,50,0,0.00,-1.00
33,359,50,0,0.00,-1.00
33,360,50,0,0.00,-1.00
33,361,50,0,0.00,-1.00
33,362,50,0,0.00,-1.00
33,363,50,0,0.04,-1.00
33,364,50,0,0.08,-1.00
33,365,50,0,0.08,-1.00
33,366,50,0,0.06,-1.00
33,367,50,0,0.04,-1.00
33,368,50,0,0.06,-1.00
33,369,50,0,0.22,-1.00
33,370,50,0,0.32,-1.00
33,371,50,0,0.48,-1.00
33,372,50,0,0.32,-1.00
33,373,50,0,0.12,-1.00
33,374,50,0,0.12,-1.00
33,375,50,0,0.06,-1.00
33,376,50,0,0.18,-1.00
33,377,50,0,0.18,-1.00
33,378,50,0,0.12,-1.00
33,379,50,0,0.12,-1.00
33,380,50,0,0.06,-1.00
33,381,50,0,0.18,-1.00
33,382,50,0,0.06,-1.00
33,383,50,0,0.06,-1.00
33,384,50,0,0.06,-1.00
33,385,50,0,0.06,-1.00
33,386,50,0,0.06,-1.00
33,387,50,0,0.06,-1.00
33,388,50,0,0.12,-1.00
33,389,50,0,0.08,-1.00
33,390,50,0,0.08,-1.00
33,391,50,0,0.02,-1.00
33,392,50,0,0.02,-1.00
33,393,50,0,0.02,-1.00
33,394,50,0,0.04,-1.00
33,395,50,0,0.00,-1.00
33,396,50,0,0.00,-1.00
33,397,50,0,0.00,-1.00
33,398,50,0,0.00,-1.00
33,399,50,0,0.00,-1.00
33,400,50,0,0.00,-1.00
33,401,50,0,0.00,-1.00
33,402,50,0,0.02,-1.00
33,403,50,0,0.00,-1.00
33,404,50,0,0.04,-1.00
33,405,50,0,0.08,-1.00
33,406,50,0,0.08,-1.00
33,407,50,0,0.02,-1.00
33,408,50,0,0.00,-1.00
33,409,50,0,0.00,-1.00
33,410,50,0,0.00,-1.00
33,411,50,0,0.00,-1.00
33,412,50,0,0.00,-1.00
33,413,50,0,0.00,-1.00
33,414,50,0,0.00,-1.00
33,415,50,0,0.02,-1.00
33,416,50,0,0.02,-1.00
33,417,50,0,0.00,-1.00
33,418,50,0,0.00,-1.00
33,419,50,0,0.00,-1.00
33,420,50,0,0.00,-1.00
33,421,50,0,0.06,-1.00
33,422,50,0,0.06,-1.00
33,423,50,0,0.10,-1.00
33,424,50,0,0.10,-1.00
33,425,50,0,0.14,-1.00
33,426,50,0,0.18,-1.00
33,427,50,0,0.16,-1.00
33,428,50,0,0.22,-1.00
33,429,50,0,0.32,-1.00
33,430,50,0,0.30,-1.00
33,431,50,0,0.20,-1.00
33,432,50,0,0.16,-1.00
33,433,50,0,0.16,-1.00
33,434,50,0,0.20,-1.00
33,435,50,0,0.20,-1.00
33,436,50,0,0.22,-1.00
33,437,50,0,0.20,-1.00
33,438,50,0,0.16,-1.00
33,439,50,0,0.22,-1.00
33,440,50,0,0.18,-1.00
33,441,50,0,0.18,-1.00
33,442,50,0,0.12,-1.00
33,443,50,0,0.08,-1.00
33,444,50,0,0.08,-1.00
33,445,50,0,0.10,-1.00
33,446,50,0,0.14,-1.00
33,447,50,0,0.18,-1.00
33,448,50,0,0.14,-1.00
33,449,50,0,0.20,-1.00
33,450,50,0,0.22,-1.00
33,451,50,0,0.20,-1.00
33,452,50,0,0.18,-1.00
33,453,50,0,0.12,-1.00
33,454,50,0,0.10,-1.00
33,455,50,0,0.08,-1.00
33,456,50,0,0.06,-1.00
33,457,50,0,0.04,-1.00
33,458,50,0,0.02,-1.00
33,459,50,0,0.06,-1.00
33,460,50,0,0.04,-1.00
33,461,50,0,0.08,-1.00
33,462,50,0,0.02,-1.00
33,463,50,0,0.02,-1.00
33,464,50,0,0.04,-1.00
33,465,50,0,0.08,-1.00
33,466,50,0,0.08,-1.00
33,467,50,0,0.14,-1.00
33,468,50,0,0.12,-1.00
33,469,50,0,0.18,-1.00
33,470,50,0,0.16,-1.00
33,471,50,0,0.18,-1.00
33,472,50,0,0.26,-1.00
33,473,50,0,0.30,-1.00
33,474,50,0,0.22,-1.00
33,475,50,0,0.26,-1.00
33,476,50,0,0.26,-1.00
33,477,50,0,0.26,-1.00
33,478,50,0,0.30,-1.00
33,479,50,0,0.32,-1.00
33,480,50,0,0.30,-1.00
33,481,50,0,0.26,-1.00
33,482,50,0,0.12,-1.00
33,483,50,0,0.08,-1.00
33,484,50,0,0.02,-1.00
33,485,50,0,0.00,-1.00
33,486,50,0,0.00,-1.00
33,487,50,0,0.00,-1.00
33,488,50,0,0.00,-1.00
33,489,50,0,0.00,-1.00
33,490,50,0,0.00,-1.00
33,491,50,0,0.02,-1.00
33,492,50,0,0.04,-1.00
33,493,50,0,0.10,-1.00
33,494,50,0,0.06,-1.00
33,495,50,0,0.02,-1.00
33,496,50,0,0.04,-1.00
33,497,50,0,0.10,-1.00
33,498,50,0,0.06,-1.00
33,499,50,0,0.08,-1.00
33,500,50,0,0.08,-1.00
34,1,50,0,0.00,-1.00
34,2,50,0,0.00,-1.00
34,3,50,0,0.00,-1.00
34,4,50,0,0.00,-1.00
34,5,50,0,0.00,-1.00
34,6,50,0,0.00,-1.00
34,7,50,0,0.00,-1.00
34,8,50,0,0.00,-1.00
34,9,50,0,0.00,-1.00
34,10,50,0,0.00,-1.00
34,11,50,0,0.00,-1.00
34,12,50,0,0.00,-1.00
34,13,50,0,0.00,-1.00
34,14,50,0,0.00,-1.00
34,15,50,0,0.00,-1.00
34,16,50,0,0.00,-1.00
34,17,50,0,0.00,-1.00
34,18,50,0,0.06,-1.00
34,19,50,0,0.10,-1.00
34,20,50,0,0.04,-1.00
34,21,50,0,0.02,-1.00
34,22,50,0,0.02,-1.00
34,23,50,0,0.00,-1.00
34,24,50,0,0.00,-1.00
34,25,50,0,0.02,-1.00
34,26,50,0,0.04,-1.00
34,27,50,0,0.00,-1.00
34,28,50,0,0.04,-1.00
34,29,50,0,0.04,-1.00
34,30,50,0,0.08,-1.00
34,31,50,0,0.18,-1.00
34,32,50,0,0.10,-1.00
34,33,50,0,0.06,-1.00
34,34,50,0,0.12,-1.00
34,35,50,0,0.08,-1.00
34,36,50,0,0.06,-1.00
34,37,50,0,0.10,-1.00
34,38,50,0,0.14,-1.00
34,39,50,0,0.12,-1.00
34,40,50,0,0.12,-1.00
34,41,50,0,0.12,-1.00
34,42,50,0,0.14,-1.00
34,43,50,0,0.18,-1.00
34,44,50,0,0.30,-1.00
34,45,50,0,0.34,-1.00
34,46,50,0,0.32,-1.00
34,47,50,0,0.16,-1.00
34,48,50,0,0.14,-1.00
34,49,50,0,0.12,-1.00
34,50,50,0,0.08,-1.00
34,51,50,0,0.08,-1.00
34,52,50,0,0.04,-1.00
34,53,50,0,0.14,-1.00
34,54,50,0,0.18,-1.00
34,55,50,0,0.14,-1.00
34,56,50,0,0.14,-1.00
34,57,50,0,0.12,-1.00
34,58,50,0,0.08,-1.00
34,59,50,0,0.04,-1.00
34,60,50,0,0.02,-1.00
34,61,50,0,0.02,-1.00
34,62,50,0,0.02,-1.00
34,63,50,0,0.02,-1.00
34,64,50,0,0.00,-1.00
34,65,50,0,0.00,-1.00
34,66,50,0,0.00,-1.00
34,67,50,0,0.00,-1.00
34,68,50,0,0.00,-1.00
34,69,50,0,0.00,-1.00
34,70,50,0,0.00,-1.00
34,71,50,0,0.00,-1.00
34,72,50,0,0.00,-1.00
34,73,50,0,0.00,-1.00
34,74,50,0,0.06,-1.00
34,75,50,0,0.06,-1.00
34,76,50,0,0.10,-1.00
34,77,50,0,0.08,-1.00
34,78,50,0,0.08,-1.00
34,79,50,0,0.16,-1.00
34,80,50,0,0.22,-1.00
34,81,50,0,0.22,-1.00
34,82,50,0,0.18,-1.00
34,83,50,0,0.16,-1.00
34,84,50,0,0.14,-1.00
34,85,50,0,0.14,-1.00
34,86,50,0,0.08,-1.00
34,87,50,0,0.12,-1.00
34,88,50,0,0.12,-1.00
34,89,50,0,0.16,-1.00
34,90,50,0,0.16,-1.00
34,91,50,0,0.20,-1.00
34,92,50,0,0.20,-1.00
34,93,50,0,0.22,-1.00
34,94,50,0,0.24,-1.00
34,95,50,0,0.24,-1.00
34,96,50,0,0.30,-1.00
34,97,50,0,0.34,-1.00
34,98,50,0,0.22,-1.00
34,99,50,0,0.16,-1.00
34,100,50,0,0.22,-1.00
34,101,50,0,0.22,-1.00
34,102,50,0,0.22,-1.00
34,103,50,0,0.24,-1.00
34,104,50,0,0.24,-1.00
34,105,50,0,0.18,-1.00
34,106,50,0,0.16,-1.00
34,107,50,0,0.06,-1.00
34,108,50,0,0.08,-1.00
34,109,50,0,0.12,-1.00
34,110,50,0,0.16,-1.00
34,111,50,0,0.00,-1.00
34,112,50,0,0.00,-1.00
34,113,50,0,0.00,-1.00
34,114,50,0,0.00,-1.00
34,115,50,0,0.00,-1.00
34,116,50,0,0.00,-1.00
34,117,50,0,0.00,-1.00
34,118,50,0,0.00,-1.00
34,119,50,0,0.00,-1.00
34,120,50,0,0.00,-1.00
34,121,50,0,0.00,-1.00
34,122,50,0,0.00,-1.00
34,123,50,0,0.00,-1.00
34,124,50,0,0.02,-1.00
34,125,50,0,0.02,-1.00
34,126,50,0,0.04,-1.00
34,127,50,0,0.04,-1.00
34,128,50,0,0.00,-1.00
34,129,50,0,0.00,-1.00
34,130,50,0,0.00,-1.00
34,131,50,0,0.00,-1.00
34,132,50,0,0.00,-1.00
34,133,50,0,0.02,-1.00
34,134,50,0,0.04,-1.00
34,135,50,0,0.02,-1.00
34,136,50,0,0.04,-1.00
34,137,50,0,0.10,-1.00
34,138,50,0,0.04,-1.00
34,139,50,0,0.14,-1.00
34,140,50,0,0.10,-1.00
34,141,50,0,0.12,-1.00
34,142,50,0,0.14,-1.00
34,143,50,0,0.08,-1.00
34,144,50,0,0.04,-1.00
34,145,50,0,0.02,-1.00
34,146,50,0,0.00,-1.00
34,147,50,0,0.04,-1.00
34,148,50,0,0.06,-1.00
34,149,50,0,0.12,-1.00
34,150,50,0,0.02,-1.00
34,151,50,0,0.10,-1.00
34,152,50,0,0.02,-1.00
34,153,50,0,0.02,-1.00
34,154,50,0,0.00,-1.00
34,155,50,0,0.00,-1.00
34,156,50,0,0.00,-1.00
34,157,50,0,0.02,-1.00
34,158,50,0,0.04,-1.00
34,159,50,0,0.00,-1.00
34,160,50,0,0.00,-1.00
34,161,50,0,0.02,-1.00
34,162,50,0,0.00,-1.00
34,163,50,0,0.00,-1.00
34,164,50,0,0.00,-1.00
34,165,50,0,0.00,-1.00
34,166,50,0,0.00,-1.00
34,167,50,0,0.00,-1.00
34,168,50,0,0.00,-1.00
34,169,50,0,0.00,-1.00
34,170,50,0,0.00,-1.00
34,171,50,0,0.00,-1.00
34,172,50,0,0.00,-1.00
34,173,50,0,0.02,-1.00
34,174,50,0,0.02,-1.00
34,175,50,0,0.06,-1.00
34,176,50,0,0.06,-1.00
34,177,50,0,0.08,-1.00
34,178,50,0,0.04,-1.00
34,179,50,0,0.04,-1.00
34,180,50,0,0.08,-1.00
34,181,50,0,0.06,-1.00
34,182,50,0,0.04,-1.00
34,183,50,0,0.02,-1.00
34,184,50,0,0.04,-1.00
34,185,50,0,0.04,-1.00
34,186,50,0,0.02,-1.00
34,187,50,0,0.00,-1.00
34,188,50,0,0.00,-1.00
34,189,50,0,0.00,-1.00
34,190,50,0,0.02,-1.00
34,191,50,0,0.00,-1.00
34,192,50,0,0.00,-1.00
34,193,50,0,0.06,-1.00
34,194,50,0,0.20,-1.00
34,195,50,0,0.22,-1.00
34,196,50,0,0.18,-1.00
34,197,50,0,0.28,-1.00
34,198,50,0,0.20,-1.00
34,199,50,0,0.16,-1.00
34,200,50,0,0.22,-1.00
34,201,50,0,0.30,-1.00
34,202,50,0,0.18,-1.00
34,203,50,0,0.18,-1.00
34,204,50,0,0.18,-1.00
34,205,50,0,0.10,-1.00
34,206,50,0,0.12,-1.00
34,207,50,0,0.08,-1.00
34,208,50,0,0.08,-1.00
34,209,50,0,0.08,-1.00
34,210,50,0,0.06,-1.00
34,211,50,0,0.06,-1.00
34,212,50,0,0.12,-1.00
34,213,50,0,0.16,-1.00
34,214,50,0,0.18,-1.00
34,215,50,0,0.10,-1.00
34,216,50,0,0.08,-1.00
34,217,50,0,0.10,-1.00
34,218,50,0,0.14,-1.00
34,219,50,0,0.06,-1.00
34,220,50,0,0.08,-1.00
34,221,50,0,0.14,-1.00
34,222,50,0,0.16,-1.00
34,223,50,0,0.10,-1.00
34,224,50,0,0.06,-1.00
34,225,50,0,0.06,-1.00
34,226,50,0,0.04,-1.00
34,227,50,0,0.08,-1.00
34,228,50,0,0.10,-1.00
34,229,50,0,0.06,-1.00
34,230,50,0,0.02,-1.00
34,231,50,0,0.00,-1.00
34,232,50,0,0.00,-1.00
34,233,50,0,0.00,-1.00
34,234,50,0,0.00,-1.00
34,235,50,0,0.00,-1.00
34,236,50,0,0.00,-1.00
34,237,50,0,0.02,-1.00
34,238,50,0,0.06,-1.00
34,239,50,0,0.06,-1.00
34,240,50,0,0.06,-1.00
34,241,50,0,0.08,-1.00
34,242,50,0,0.12,-1.00
34,243,50,0,0.06,-1.00
34,244,50,0,0.08,-1.00
34,245,50,0,0.10,-1.00
34,246,50,0,0.10,-1.00
34,247,50,0,0.08,-1.00
34,248,50,0,0.04,-1.00
34,249,50,0,0.02,-1.00
34,250,50,0,0.00,-1.00
34,251,50,0,0.00,-1.00
34,252,50,0,0.00,-1.00
34,253,50,0,0.00,-1.00
34,254,50,0,0.00,-1.00
34,255,50,0,0.00,-1.00
34,256,50,0,0.02,-1.00
34,257,50,0,0.00,-1.00
34,258,50,0,0.00,-1.00
34,259,50,0,0.00,-1.00
34,260,50,0,0.00,-1.00
34,261,50,0,0.00,-1.00
34,262,50,0,0.04,-1.00
34,263,50,0,0.08,-1.00
34,264,50,0,0.06,-1.00
34,265,50,0,0.06,-1.00
34,266,50,0,0.06,-1.00
34,267,50,0,0.02,-1.00
34,268,50,0,0.00,-1.00
34,269,50,0,0.00,-1.00
34,270,50,0,0.02,-1.00
34,271,50,0,0.02,-1.00
34,272,50,0,0.04,-1.00
34,273,50,0,0.12,-1.00
34,274,50,0,0.16,-1.00
34,275,50,0,0.18,-1.00
34,276,50,0,0.12,-1.00
34,277,50,0,0.12,-1.00
34,278,50,0,0.10,-1.00
34,279,50,0,0.04,-1.00
34,280,50,0,0.02,-1.00
34,281,50,0,0.02,-1.00
34,282,50,0,0.04,-1.00
34,283,50,0,0.06,-1.00
34,284,50,0,0.06,-1.00
34,285,50,0,0.08,-1.00
34,286,50,0,0.14,-1.00
34,287,50,0,0.14,-1.00
34,288,50,0,0.14,-1.00
34,289,50,0,0.16,-1.00
34,290,50,0,0.12,-1.00
34,291,50,0,0.12,-1.00
34,292,50,0,0.06,-1.00
34,293,50,0,0.06,-1.00
34,294,50,0,0.08,-1.00
34,295,50,0,0.16,-1.00
34,296,50,0,0.14,-1.00
34,297,50,0,0.10,-1.00
34,298,50,0,0.12,-1.00
34,299,50,0,0.12,-1.00
34,300,50,0,0.10,-1.00
34,301,50,0,0.06,-1.00
34,302,50,0,0.06,-1.00
34,303,50,0,0.08,-1.00
34,304,50,0,0.02,-1.00
34,305,50,0,0.00,-1.00
34,306,50,0,0.06,-1.00
34,307,50,0,0.06,-1.00
34,308,50,0,0.06,-1.00
34,309,50,0,0.12,-1.00
34,310,50,0,0.06,-1.00
34,311,50,0,0.04,-1.00
34,312,50,0,0.06,-1.00
34,313,50,0,0.08,-1.00
34,314,50,0,0.02,-1.00
34,315,50,0,0.00,-1.00
34,316,50,0,0.02,-1.00
34,317,50,0,0.06,-1.00
34,318,50,0,0.08,-1.00
34,319,50,0,0.06,-1.00
34,320,50,0,0.04,-1.00
34,321,50,0,0.02,-1.00
34,322,50,0,0.02,-1.00
34,323,50,0,0.06,-1.00
34,324,50,0,0.06,-1.00
34,325,50,0,0.06,-1.00
34,326,50,0,0.08,-1.00
34,327,50,0,0.06,-1.00
34,328,50,0,0.04,-1.00
34,329,50,0,0.02,-1.00
34,330,50,0,0.02,-1.00
34,331,50,0,0.02,-1.00
34,332,50,0,0.00,-1.00
34,333,50,0,0.00,-1.00
34,334,50,0,0.00,-1.00
34,335,50,0,0.00,-1.00
34,336,50,0,0.02,-1.00
34,337,50,0,0.02,-1.00
34,338,50,0,0.06,-1.00
34,339,50,0,0.12,-1.00
34,340,50,0,0.10,-1.00
34,341,50,0,0.10,-1.00
34,342,50,0,0.10,-1.00
34,343,50,0,0.16,-1.00
34,344,50,0,0.10,-1.00
34,345,50,0,0.22,-1.00
34,346,50,0,0.40,-1.00
34,347,50,0,0.62,-1.00
34,348,50,0,0.30,-1.00
34,349,50,0,0.20,-1.00
34,350,50,0,0.08,-1.00
34,351,50,0,0.16,-1.00
34,352,50,0,0.10,-1.00
34,353,50,0,0.12,-1.00
34,354,50,0,0.14,-1.00
34,355,50,0,0.22,-1.00
34,356,50,0,0.20,-1.00
34,357,50,0,0.28,-1.00
34,358,50,0,0.18,-1.00
34,359,50,0,0.14,-1.00
34,360,50,0,0.20,-1.00
34,361,50,0,0.16,-1.00
34,362,50,0,0.20,-1.00
34,363,50,0,0.22,-1.00
34,364,50,0,0.10,-1.00
34,365,50,0,0.06,-1.00
34,366,50,0,0.06,-1.00
34,367,50,0,0.10,-1.00
34,368,50,0,0.12,-1.00
34,369,50,0,0.14,-1.00
34,370,50,0,0.18,-1.00
34,371,50,0,0.12,-1.00
34,372,50,0,0.18,-1.00
34,373,50,0,0.14,-1.00
34,374,50,0,0.10,-1.00
34,375,50,0,0.14,-1.00
34,376,50,0,0.14,-1.00
34,377,50,0,0.04,-1.00
34,378,50,0,0.06,-1.00
34,379,50,0,0.06,-1.00
34,380,50,0,0.04,-1.00
34,381,50,0,0.04,-1.00
34,382,50,0,0.04,-1.00
34,383,50,0,0.06,-1.00
34,384,50,0,0.02,-1.00
34,385,50,0,0.02,-1.00
34,386,50,0,0.02,-1.00
34,387,50,0,0.00,-1.00
34,388,50,0,0.00,-1.00
34,389,50,0,0.00,-1.00
34,390,50,0,0.00,-1.00
34,391,50,0,0.04,-1.00
34,392,50,0,0.08,-1.00
34,393,50,0,0.02,-1.00
34,394,50,0,0.02,-1.00
34,395,50,0,0.00,-1.00
34,396,50,0,0.00,-1.00
34,397,50,0,0.00,-1.00
34,398,50,0,0.00,-1.00
34,399,50,0,0.00,-1.00
34,400,50,0,0.00,-1.00
34,401,50,0,0.04,-1.00
34,402,50,0,0.06,-1.00
34,403,50,0,0.14,-1.00
34,404,50,0,0.20,-1.00
34,405,50,0,0.20,-1.00
34,406,50,0,0.20,-1.00
34,407,50,0,0.18,-1.00
34,408,50,0,0.30,-1.00
34,409,50,0,0.14,-1.00
34,410,50,0,0.12,-1.00
34,411,50,0,0.10,-1.00
34,412,50,0,0.08,-1.00
34,413,50,0,0.12,-1.00
34,414,50,0,0.16,-1.00
34,415,50,0,0.12,-1.00
34,416,50,0,0.04,-1.00
34,417,50,0,0.02,-1.00
34,418,50,0,0.02,-1.00
34,419,50,0,0.02,-1.00
34,420,50,0,0.04,-1.00
34,421,50,0,0.04,-1.00
34,422,50,0,0.04,-1.00
34,423,50,0,0.02,-1.00
34,424,50,0,0.02,-1.00
34,425,50,0,0.06,-1.00
34,426,50,0,0.08,-1.00
34,427,50,0,0.10,-1.00
34,428,50,0,0.12,-1.00
34,429,50,0,0.10,-1.00
34,430,50,0,0.08,-1.00
34,431,50,0,0.20,-1.00
34,432,50,0,0.18,-1.00
34,433,50,0,0.16,-1.00
34,434,50,0,0.14,-1.00
34,435,50,0,0.20,-1.00
34,436,50,0,0.28,-1.00
34,437,50,0,0.24,-1.00
34,438,50,0,0.14,-1.00
34,439,50,0,0.06,-1.00
34,440,50,0,0.10,-1.00
34,441,50,0,0.16,-1.00
34,442,50,0,0.10,-1.00
34,443,50,0,0.12,-1.00
34,444,50,0,0.12,-1.00
34,445,50,0,0.10,-1.00
34,446,50,0,0.10,-1.00
34,447,50,0,0.10,-1.00
34,448,50,0,0.10,-1.00
34,449,50,0,0.14,-1.00
34,450,50,0,0.10,-1.00
34,451,50,0,0.06,-1.00
34,452,50,0,0.02,-1.00
34,453,50,0,0.02,-1.00
34,454,50,0,0.06,-1.00
34,455,50,0,0.06,-1.00
34,456,50,0,0.06,-1.00
34,457,50,0,0.08,-1.00
34,458,50,0,0.10,-1.00
34,459,50,0,0.06,-1.00
34,460,50,0,0.04,-1.00
34,461,50,0,0.08,-1.00
34,462,50,0,0.16,-1.00
34,463,50,0,0.22,-1.00
34,464,50,0,0.20,-1.00
34,465,50,0,0.20,-1.00
34,466,50,0,0.10,-1.00
34,467,50,0,0.08,-1.00
34,468,50,0,0.08,-1.00
34,469,50,0,0.10,-1.00
34,470,50,0,0.16,-1.00
34,471,50,0,0.26,-1.00
34,472,50,0,0.24,-1.00
34,473,50,0,0.26,-1.00
34,474,50,0,0.24,-1.00
34,475,50,0,0.26,-1.00
34,476,50,0,0.30,-1.00
34,477,50,0,0.42,-1.00
34,478,50,0,0.52,-1.00
34,479,50,0,0.56,-1.00
34,480,50,0,0.66,-1.00
34,481,50,0,0.42,-1.00
34,482,50,0,0.42,-1.00
34,483,50,0,0.44,-1.00
34,484,50,0,0.38,-1.00
34,485,50,0,0.34,-1.00
34,486,50,0,0.30,-1.00
34,487,50,0,0.20,-1.00
34,488,50,0,0.18,-1.00
34,489,50,0,0.14,-1.00
34,490,50,0,0.30,-1.00
34,491,50,0,0.32,-1.00
34,492,50,0,0.24,-1.00
34,493,50,0,0.16,-1.00
34,494,50,0,0.08,-1.00
34,495,50,0,0.02,-1.00
34,496,50,0,0.02,-1.00
34,497,50,0,0.04,-1.00
34,498,50,0,0.04,-1.00
34,499,50,0,0.04,-1.00
34,500,50,0,0.06,-1.00
35,1,50,0,0.00,-1.00
35,2,50,0,0.02,-1.00
35,3,50,0,0.00,-1.00
35,4,50,0,0.04,-1.00
35,5,50,0,0.08,-1.00
35,6,50,0,0.10,-1.00
35,7,50,0,0.10,-1.00
35,8,50,0,0.12,-1.00
35,9,50,0,0.22,-1.00
35,10,50,0,0.18,-1.00
35,11,50,0,0.20,-1.00
35,12,50,0,0.22,-1.00
35,13,50,0,0.24,-1.00
35,14,50,0,0.24,-1.00
35,15,50,0,0.20,-1.00
35,16,50,0,0.26,-1.00
35,17,50,0,0.32,-1.00
35,18,50,0,0.40,-1.00
35,19,50,0,0.36,-1.00
35,20,50,0,0.30,-1.00
35,21,50,0,0.28,-1.00
35,22,50,0,0.26,-1.00
35,23,50,0,0.28,-1.00
35,24,50,0,0.26,-1.00
35,25,50,0,0.22,-1.00
35,26,50,0,0.20,-1.00
35,27,50,0,0.18,-1.00
35,28,50,0,0.24,-1.00
35,29,50,0,0.30,-1.00
35,30,50,0,0.24,-1.00
35,31,50,0,0.46,-1.00
35,32,50,0,0.76,-1.00
35,33,50,0,0.62,-1.00
35,34,50,0,0.54,-1.00
35,35,50,0,0.52,-1.00
35,36,50,0,0.50,-1.00
35,37,50,0,0.38,-1.00
35,38,50,0,0.22,-1.00
35,39,50,0,0.22,-1.00
35,40,50,0,0.30,-1.00
35,41,50,0,0.20,-1.00
35,42,50,0,0.20,-1.00
35,43,50,0,0.30,-1.00
35,44,50,0,0.30,-1.00
35,45,50,0,0.28,-1.00
35,46,50,0,0.24,-1.00
35,47,50,0,0.24,-1.00
35,48,50,0,0.22,-1.00
35,49,50,0,0.30,-1.00
35,50,50,0,0.34,-1.00
35,51,50,0,0.40,-1.00
35,52,50,0,0.42,-1.00
35,53,50,0,0.26,-1.00
35,54,50,0,0.22,-1.00
35,55,50,0,0.26,-1.00
35,56,50,0,0.30,-1.00
35,57,50,0,0.30,-1.00
35,58,50,0,0.22,-1.00
35,59,50,0,0.26,-1.00
35,60,50,0,0.14,-1.00
35,61,50,0,0.20,-1.00
35,62,50,0,0.28,-1.00
35,63,50,0,0.18,-1.00
35,64,50,0,0.18,-1.00
35,65,50,0,0.18,-1.00
35,66,50,0,0.12,-1.00
35,67,50,0,0.08,-1.00
35,68,50,0,0.10,-1.00
35,69,50,0,0.06,-1.00
35,70,50,0,0.04,-1.00
35,71,50,0,0.00,-1.00
35,72,50,0,0.00,-1.00
35,73,50,0,0.00,-1.00
35,74,50,0,0.00,-1.00
35,75,50,0,0.02,-1.00
35,76,50,0,0.04,-1.00
35,77,50,0,0.02,-1.00
35,78,50,0,0.04,-1.00
35,79,50,0,0.02,-1.00
35,80,50,0,0.06,-1.00
35,81,50,0,0.08,-1.00
35,82,50,0,0.06,-1.00
35,83,50,0,0.04,-1.00
35,84,50,0,0.00,-1.00
35,85,50,0,0.00,-1.00
35,86,50,0,0.00,-1.00
35,87,50,0,0.06,-1.00
35,88,50,0,0.06,-1.00
35,89,50,0,0.06,-1.00
35,90,50,0,0.08,-1.00
35,91,50,0,0.12,-1.00
35,92,50,0,0.16,-1.00
35,93,50,0,0.16,-1.00
35,94,50,0,0.14,-1.00
35,95,50,0,0.08,-1.00
35,96,50,0,0.10,-1.00
35,97,50,0,0.14,-1.00
35,98,50,0,0.04,-1.00
35,99,50,0,0.06,-1.00
35,100,50,0,0.04,-1.00
35,101,50,0,0.06,-1.00
35,102,50,0,0.04,-1.00
35,103,50,0,0.02,-1.00
35,104,50,0,0.02,-1.00
35,105,50,0,0.02,-1.00
35,106,50,0,0.02,-1.00
35,107,50,0,0.06,-1.00
35,108,50,0,0.06,-1.00
35,109,50,0,0.02,-1.00
35,110,50,0,0.00,-1.00
35,111,50,0,0.00,-1.00
35,112,50,0,0.00,-1.00
35,113,50,0,0.00,-1.00
35,114,50,0,0.02,-1.00
35,115,50,0,0.00,-1.00
35,116,50,0,0.00,-1.00
35,117,50,0,0.08,-1.00
35,118,50,0,0.08,-1.00
35,119,50,0,0.04,-1.00
35,120,50,0,0.04,-1.00
35,121,50,0,0.08,-1.00
35,122,50,0,0.00,-1.00
35,123,50,0,0.00,-1.00
35,124,50,0,0.00,-1.00
35,125,50,0,0.00,-1.00
35,126,50,0,0.02,-1.00
35,127,50,0,0.04,-1.00
35,128,50,0,0.04,-1.00
35,129,50,0,0.04,-1.00
35,130,50,0,0.02,-1.00
35,131,50,0,0.02,-1.00
35,132,50,0,0.04,-1.00
35,133,50,0,0.08,-1.00
35,134,50,0,0.04,-1.00
35,135,50,0,0.06,-1.00
35,136,50,0,0.08,-1.00
35,137,50,0,0.06,-1.00
35,138,50,0,0.04,-1.00
35,139,50,0,0.02,-1.00
35,140,50,0,0.02,-1.00
35,141,50,0,0.06,-1.00
35,142,50,0,0.02,-1.00
35,143,50,0,0.08,-1.00
35,144,50,0,0.00,-1.00
35,145,50,0,0.00,-1.00
35,146,50,0,0.04,-1.00
35,147,50,0,0.04,-1.00
35,148,50,0,0.04,-1.00
35,149,50,0,0.02,-1.00
35,150,50,0,0.04,-1.00
35,151,50,0,0.08,-1.00
35,152,50,0,0.10,-1.00
35,153,50,0,0.12,-1.00
35,154,50,0,0.10,-1.00
35,155,50,0,0.12,-1.00
35,156,50,0,0.10,-1.00
35,157,50,0,0.10,-1.00
35,158,50,0,0.14,-1.00
35,159,50,0,0.08,-1.00
35,160,50,0,0.10,-1.00
35,161,50,0,0.06,-1.00
35,162,50,0,0.14,-1.00
35,163,50,0,0.18,-1.00
35,164,50,0,0.20,-1.00
35,165,50,0,0.12,-1.00
35,166,50,0,0.08,-1.00
35,167,50,0,0.12,-1.00
35,168,50,0,0.00,-1.00
35,169,50,0,0.00,-1.00
35,170,50,0,0.00,-1.00
35,171,50,0,0.00,-1.00
35,172,50,0,0.00,-1.00
35,173,50,0,0.00,-1.00
35,174,50,0,0.00,-1.00
35,175,50,0,0.00,-1.00
35,176,50,0,0.00,-1.00
35,177,50,0,0.00,-1.00
35,178,50,0,0.00,-1.00
35,179,50,0,0.00,-1.00
35,180,50,0,0.00,-1.00
35,181,50,0,0.04,-1.00
35,182,50,0,0.02,-1.00
35,183,50,0,0.00,-1.00
35,184,50,0,0.00,-1.00
35,185,50,0,0.00,-1.00
35,186,50,0,0.06,-1.00
35,187,50,0,0.04,-1.00
35,188,50,0,0.04,-1.00
35,189,50,0,0.04,-1.00
35,190,50,0,0.06,-1.00
35,191,50,0,0.06,-1.00
35,192,50,0,0.02,-1.00
35,193,50,0,0.04,-1.00
35,194,50,0,0.08,-1.00
35,195,50,0,0.00,-1.00
35,196,50,0,0.00,-1.00
35,197,50,0,0.02,-1.00
35,198,50,0,0.04,-1.00
35,199,50,0,0.08,-1.00
35,200,50,0,0.18,-1.00
35,201,50,0,0.16,-1.00
35,202,50,0,0.10,-1.00
35,203,50,0,0.12,-1.00
35,204,50,0,0.16,-1.00
35,205,50,0,0.06,-1.00
35,206,50,0,0.12,-1.00
35,207,50,0,0.18,-1.00
35,208,50,0,0.20,-1.00
35,209,50,0,0.16,-1.00
35,210,50,0,0.12,-1.00
35,211,50,0,0.08,-1.00
35,212,50,0,0.12,-1.00
35,213,50,0,0.16,-1.00
35,214,50,0,0.06,-1.00
35,215,50,0,0.06,-1.00
35,216,50,0,0.06,-1.00
35,217,50,0,0.04,-1.00
35,218,50,0,0.08,-1.00
35,219,50,0,0.08,-1.00
35,220,50,0,0.08,-1.00
35,221,50,0,0.00,-1.00
35,222,50,0,0.00,-1.00
35,223,50,0,0.02,-1.00
35,224,50,0,0.00,-1.00
35,225,50,0,0.02,-1.00
35,226,50,0,0.00,-1.00
35,227,50,0,0.06,-1.00
35,228,50,0,0.10,-1.00
35,229,50,0,0.08,-1.00
35,230,50,0,0.02,-1.00
35,231,50,0,0.04,-1.00
35,232,50,0,0.08,-1.00
35,233,50,0,0.14,-1.00
35,234,50,0,0.14,-1.00
35,235,50,0,0.18,-1.00
35,236,50,0,0.22,-1.00
35,237,50,0,0.22,-1.00
35,238,50,0,0.22,-1.00
35,239,50,0,0.20,-1.00
35,240,50,0,0.30,-1.00
35,241,50,0,0.24,-1.00
35,242,50,0,0.28,-1.00
35,243,50,0,0.26,-1.00
35,244,50,0,0.36,-1.00
35,245,50,0,0.28,-1.00
35,246,50,0,0.28,-1.00
35,247,50,0,0.26,-1.00
35,248,50,0,0.22,-1.00
35,249,50,0,0.22,-1.00
35,250,50,0,0.14,-1.00
35,251,50,0,0.12,-1.00
35,252,50,0,0.14,-1.00
35,253,50,0,0.12,-1.00
35,254,50,0,0.18,-1.00
35,255,50,0,0.20,-1.00
35,256,50,0,0.14,-1.00
35,257,50,0,0.18,-1.00
35,258,50,0,0.22,-1.00
35,259,50,0,0.30,-1.00
35,260,50,0,0.20,-1.00
35,261,50,0,0.24,-1.00
35,262,50,0,0.22,-1.00
35,263,50,0,0.34,-1.00
35,264,50,0,0.30,-1.00
35,265,50,0,0.30,-1.00
35,266,50,0,0.28,-1.00
35,267,50,0,0.32,-1.00
35,268,50,0,0.32,-1.00
35,269,50,0,0.34,-1.00
35,270,50,0,0.30,-1.00
35,271,50,0,0.16,-1.00
35,272,50,0,0.12,-1.00
35,273,50,0,0.12,-1.00
35,274,50,0,0.10,-1.00
35,275,50,0,0.08,-1.00
35,276,50,0,0.04,-1.00
35,277,50,0,0.08,-1.00
35,278,50,0,0.04,-1.00
35,279,50,0,0.02,-1.00
35,280,50,0,0.02,-1.00
35,281,50,0,0.02,-1.00
35,282,50,0,0.06,-1.00
35,283,50,0,0.02,-1.00
35,284,50,0,0.00,-1.00
35,285,50,0,0.00,-1.00
35,286,50,0,0.00,-1.00
35,287,50,0,0.00,-1.00
35,288,50,0,0.00,-1.00
35,289,50,0,0.00,-1.00
35,290,50,0,0.00,-1.00
35,291,50,0,0.00,-1.00
35,292,50,0,0.00,-1.00
35,293,50,0,0.02,-1.00
35,294,50,0,0.00,-1.00
35,295,50,0,0.00,-1.00
35,296,50,0,0.00,-1.00
35,297,50,0,0.00,-1.00
35,298,50,0,0.00,-1.00
35,299,50,0,0.00,-1.00
35,300,50,0,0.02,-1.00
35,301,50,0,0.02,-1.00
35,302,50,0,0.02,-1.00
35,303,50,0,0.14,-1.00
35,304,50,0,0.08,-1.00
35,305,50,0,0.10,-1.00
35,306,50,0,0.06,-1.00
35,307,50,0,0.04,-1.00
35,308,50,0,0.08,-1.00
35,309,50,0,0.14,-1.00
35,310,50,0,0.16,-1.00
35,311,50,0,0.20,-1.00
35,312,50,0,0.32,-1.00
35,313,50,0,0.34,-1.00
35,314,50,0,0.34,-1.00
35,315,50,0,0.34,-1.00
35,316,50,0,0.18,-1.00
35,317,50,0,0.12,-1.00
35,318,50,0,0.14,-1.00
35,319,50,0,0.08,-1.00
35,320,50,0,0.08,-1.00
35,321,50,0,0.12,-1.00
35,322,50,0,0.04,-1.00
35,323,50,0,0.02,-1.00
35,324,50,0,0.02,-1.00
35,325,50,0,0.04,-1.00
35,326,50,0,0.02,-1.00
35,327,50,0,0.02,-1.00
35,328,50,0,0.02,-1.00
35,329,50,0,0.00,-1.00
35,330,50,0,0.06,-1.00
35,331,50,0,0.08,-1.00
35,332,50,0,0.14,-1.00
35,333,50,0,0.26,-1.00
35,334,50,0,0.28,-1.00
35,335,50,0,0.28,-1.00
35,336,50,0,0.16,-1.00
35,337,50,0,0.08,-1.00
35,338,50,0,0.06,-1.00
35,339,50,0,0.00,-1.00
35,340,50,0,0.00,-1.00
35,341,50,0,0.00,-1.00
35,342,50,0,0.00,-1.00
35,343,50,0,0.00,-1.00
35,344,50,0,0.00,-1.00
35,345,50,0,0.06,-1.00
35,346,50,0,0.04,-1.00
35,347,50,0,0.04,-1.00
35,348,50,0,0.08,-1.00
35,349,50,0,0.14,-1.00
35,350,50,0,0.06,-1.00
35,351,50,0,0.06,-1.00
35,352,50,0,0.08,-1.00
35,353,50,0,0.14,-1.00
35,354,50,0,0.14,-1.00
35,355,50,0,0.18,-1.00
35,356,50,0,0.18,-1.00
35,357,50,0,0.18,-1.00
35,358,50,0,0.24,-1.00
35,359,50,0,0.22,-1.00
35,360,50,0,0.20,-1.00
35,361,50,0,0.22,-1.00
35,362,50,0,0.18,-1.00
35,363,50,0,0.22,-1.00
35,364,50,0,0.22,-1.00
35,365,50,0,0.10,-1.00
35,366,50,0,0.10,-1.00
35,367,50,0,0.10,-1.00
35,368,50,0,0.04,-1.00
35,369,50,0,0.02,-1.00
35,370,50,0,0.00,-1.00
35,371,50,0,0.06,-1.00
35,372,50,0,0.02,-1.00
35,373,50,0,0.00,-1.00
35,374,50,0,0.02,-1.00
35,375,50,0,0.08,-1.00
35,376,50,0,0.14,-1.00
35,377,50,0,0.14,-1.00
35,378,50,0,0.10,-1.00
35,379,50,0,0.12,-1.00
35,380,50,0,0.10,-1.00
35,381,50,0,0.12,-1.00
35,382,50,0,0.12,-1.00
35,383,50,0,0.10,-1.00
35,384,50,0,0.10,-1.00
35,385,50,0,0.26,-1.00
35,386,50,0,0.10,-1.00
35,387,50,0,0.08,-1.00
35,388,50,0,0.10,-1.00
35,389,50,0,0.14,-1.00
35,390,50,0,0.14,-1.00
35,391,50,0,0.04,-1.00
35,392,50,0,0.06,-1.00
35,393,50,0,0.02,-1.00
35,394,50,0,0.00,-1.00
35,395,50,0,0.00,-1.00
35,396,50,0,0.00,-1.00
35,397,50,0,0.04,-1.00
35,398,50,0,0.02,-1.00
35,399,50,0,0.02,-1.00
35,400,50,0,0.02,-1.00
35,401,50,0,0.00,-1.00
35,402,50,0,0.00,-1.00
35,403,50,0,0.00,-1.00
35,404,50,0,0.02,-1.00
35,405,50,0,0.04,-1.00
35,406,50,0,0.06,-1.00
35,407,50,0,0.04,-1.00
35,408,50,0,0.08,-1.00
35,409,50,0,0.10,-1.00
35,410,50,0,0.10,-1.00
35,411,50,0,0.04,-1.00
35,412,50,0,0.02,-1.00
35,413,50,0,0.00,-1.00
35,414,50,0,0.00,-1.00
35,415,50,0,0.00,-1.00
35,416,50,0,0.00,-1.00
35,417,50,0,0.04,-1.00
35,418,50,0,0.00,-1.00
35,419,50,0,0.00,-1.00
35,420,50,0,0.00,-1.00
35,421,50,0,0.02,-1.00
35,422,50,0,0.04,-1.00
35,423,50,0,0.02,-1.00
35,424,50,0,0.02,-1.00
35,425,50,0,0.00,-1.00
35,426,50,0,0.00,-1.00
35,427,50,0,0.04,-1.00
35,428,50,0,0.00,-1.00
35,429,50,0,0.02,-1.00
35,430,50,0,0.00,-1.00
35,431,50,0,0.00,-1.00
35,432,50,0,0.02,-1.00
35,433,50,0,0.02,-1.00
35,434,50,0,0.00,-1.00
35,435,50,0,0.00,-1.00
35,436,50,0,0.04,-1.00
35,437,50,0,0.04,-1.00
35,438,50,0,0.00,-1.00
35,439,50,0,0.00,-1.00
35,440,50,0,0.00,-1.00
35,441,50,0,0.00,-1.00
35,442,50,0,0.00,-1.00
35,443,50,0,0.00,-1.00
35,444,50,0,0.00,-1.00
35,445,50,0,0.04,-1.00
35,446,50,0,0.02,-1.00
35,447,50,0,0.04,-1.00
35,448,50,0,0.08,-1.00
35,449,50,0,0.04,-1.00
35,450,50,0,0.10,-1.00
35,451,50,0,0.02,-1.00
35,452,50,0,0.00,-1.00
35,453,50,0,0.00,-1.00
35,454,50,0,0.00,-1.00
35,455,50,0,0.00,-1.00
35,456,50,0,0.00,-1.00
35,457,50,0,0.00,-1.00
35,458,50,0,0.00,-1.00
35,459,50,0,0.00,-1.00
35,460,50,0,0.00,-1.00
35,461,50,0,0.06,-1.00
35,462,50,0,0.04,-1.00
35,463,50,0,0.08,-1.00
35,464,50,0,0.06,-1.00
35,465,50,0,0.04,-1.00
35,466,50,0,0.10,-1.00
35,467,50,0,0.12,-1.00
35,468,50,0,0.08,-1.00
35,469,50,0,0.06,-1.00
35,470,50,0,0.04,-1.00
35,471,50,0,0.10,-1.00
35,472,50,0,0.12,-1.00
35,473,50,0,0.12,-1.00
35,474,50,0,0.06,-1.00
35,475,50,0,0.08,-1.00
35,476,50,0,0.04,-1.00
35,477,50,0,0.04,-1.00
35,478,50,0,0.06,-1.00
35,479,50,0,0.14,-1.00
35,480,50,0,0.10,-1.00
35,481,50,0,0.14,-1.00
35,482,50,0,0.12,-1.00
35,483,50,0,0.12,-1.00
35,484,50,0,0.02,-1.00
35,485,50,0,0.02,-1.00
35,486,50,0,0.02,-1.00
35,487,50,0,0.00,-1.00
35,488,50,0,0.00,-1.00
35,489,50,0,0.00,-1.00
35,490,50,0,0.00,-1.00
35,491,50,0,0.00,-1.00
35,492,50,0,0.00,-1.00
35,493,50,0,0.00,-1.00
35,494,50,0,0.00,-1.00
35,495,50,0,0.04,-1.00
35,496,50,0,0.02,-1.00
35,497,50,0,0.02,-1.00
35,498,50,0,0.04,-1.00
35,499,50,0,0.00,-1.00
35,500,50,0,0.00,-1.00
36,1,50,0,0.00,-1.00
36,2,50,0,0.00,-1.00
36,3,50,0,0.00,-1.00
36,4,50,0,0.02,-1.00
36,5,50,0,0.06,-1.00
36,6,50,0,0.10,-1.00
36,7,50,0,0.06,-1.00
36,8,50,0,0.04,-1.00
36,9,50,0,0.04,-1.00
36,10,50,0,0.04,-1.00
36,11,50,0,0.08,-1.00
36,12,50,0,0.06,-1.00
36,13,50,0,0.04,-1.00
36,14,50,0,0.06,-1.00
36,15,50,0,0.08,-1.00
36,16,50,0,0.10,-1.00
36,17,50,0,0.08,-1.00
36,18,50,0,0.08,-1.00
36,19,50,0,0.08,-1.00
36,20,50,0,0.10,-1.00
36,21,50,0,0.16,-1.00
36,22,50,0,0.18,-1.00
36,23,50,0,0.16,-1.00
36,24,50,0,0.18,-1.00
36,25,50,0,0.18,-1.00
36,26,50,0,0.26,-1.00
36,27,50,0,0.44,-1.00
36,28,50,0,0.54,-1.00
36,29,50,0,0.52,-1.00
36,30,50,0,0.64,-1.00
36,31,50,0,0.64,-1.00
36,32,50,0,0.58,-1.00
36,33,50,0,0.54,-1.00
36,34,50,0,0.56,-1.00
36,35,50,0,0.60,-1.00
36,36,50,0,0.58,-1.00
36,37,50,0,0.54,-1.00
36,38,50,0,0.46,-1.00
36,39,50,0,0.52,-1.00
36,40,50,0,0.50,-1.00
36,41,50,0,0.58,-1.00
36,42,50,0,0.62,-1.00
36,43,50,0,0.58,-1.00
36,44,50,0,0.42,-1.00
36,45,50,0,0.44,-1.00
36,46,50,0,0.42,-1.00
36,47,50,0,0.30,-1.00
36,48,50,0,0.16,-1.00
36,49,50,0,0.20,-1.00
36,50,50,0,0.16,-1.00
36,51,50,0,0.12,-1.00
36,52,50,0,0.18,-1.00
36,53,50,0,0.16,-1.00
36,54,50,0,0.22,-1.00
36,55,50,0,0.20,-1.00
36,56,50,0,0.36,-1.00
36,57,50,0,0.44,-1.00
36,58,50,0,0.40,-1.00
36,59,50,0,0.40,-1.00
36,60,50,0,0.30,-1.00
36,61,50,0,0.24,-1.00
36,62,50,0,0.16,-1.00
36,63,50,0,0.12,-1.00
36,64,50,0,0.08,-1.00
36,65,50,0,0.06,-1.00
36,66,50,0,0.04,-1.00
36,67,50,0,0.04,-1.00
36,68,50,0,0.04,-1.00
36,69,50,0,0.10,-1.00
36,70,50,0,0.12,-1.00
36,71,50,0,0.08,-1.00
36,72,50,0,0.06,-1.00
36,73,50,0,0.02,-1.00
36,74,50,0,0.02,-1.00
36,75,50,0,0.02,-1.00
36,76,50,0,0.08,-1.00
36,77,50,0,0.10,-1.00
36,78,50,0,0.04,-1.00
36,79,50,0,0.10,-1.00
36,80,50,0,0.14,-1.00
36,81,50,0,0.14,-1.00
36,82,50,0,0.12,-1.00
36,83,50,0,0.12,-1.00
36,84,50,0,0.20,-1.00
36,85,50,0,0.16,-1.00
36,86,50,0,0.04,-1.00
36,87,50,0,0.00,-1.00
36,88,50,0,0.00,-1.00
36,89,50,0,0.00,-1.00
36,90,50,0,0.06,-1.00
36,91,50,0,0.08,-1.00
36,92,50,0,0.08,-1.00
36,93,50,0,0.12,-1.00
36,94,50,0,0.16,-1.00
36,95,50,0,0.08,-1.00
36,96,50,0,0.02,-1.00
36,97,50,0,0.02,-1.00
36,98,50,0,0.02,-1.00
36,99,50,0,0.00,-1.00
36,100,50,0,0.00,-1.00
36,101,50,0,0.00,-1.00
36,102,50,0,0.00,-1.00
36,103,50,0,0.00,-1.00
36,104,50,0,0.00,-1.00
36,105,50,0,0.00,-1.00
36,106,50,0,0.00,-1.00
36,107,50,0,0.00,-1.00
36,108,50,0,0.00,-1.00
36,109,50,0,0.00,-1.00
36,110,50,0,0.00,-1.00
36,111,50,0,0.00,-1.00
36,112,50,0,0.00,-1.00
36,113,50,0,0.00,-1.00
36,114,50,0,0.00,-1.00
36,115,50,0,0.00,-1.00
36,116,50,0,0.02,-1.00
36,117,50,0,0.04,-1.00
36,118,50,0,0.04,-1.00
36,119,50,0,0.02,-1.00
36,120,50,0,0.02,-1.00
36,121,50,0,0.00,-1.00
36,122,50,0,0.00,-1.00
36,123,50,0,0.00,-1.00
36,124,50,0,0.02,-1.00
36,125,50,0,0.02,-1.00
36,126,50,0,0.04,-1.00
36,127,50,0,0.04,-1.00
36,128,50,0,0.08,-1.00
36,129,50,0,0.06,-1.00
36,130,50,0,0.08,-1.00
36,131,50,0,0.08,-1.00
36,132,50,0,0.12,-1.00
36,133,50,0,0.12,-1.00
36,134,50,0,0.06,-1.00
36,135,50,0,0.04,-1.00
36,136,50,0,0.10,-1.00
36,137,50,0,0.18,-1.00
36,138,50,0,0.32,-1.00
36,139,50,0,0.30,-1.00
36,140,50,0,0.26,-1.00
36,141,50,0,0.26,-1.00
36,142,50,0,0.24,-1.00
36,143,50,0,0.28,-1.00
36,144,50,0,0.30,-1.00
36,145,50,0,0.30,-1.00
36,146,50,0,0.36,-1.00
36,147,50,0,0.36,-1.00
36,148,50,0,0.40,-1.00
36,149,50,0,0.24,-1.00
36,150,50,0,0.18,-1.00
36,151,50,0,0.16,-1.00
36,152,50,0,0.12,-1.00
36,153,50,0,0.16,-1.00
36,154,50,0,0.12,-1.00
36,155,50,0,0.10,-1.00
36,156,50,0,0.00,-1.00
36,157,50,0,0.00,-1.00
36,158,50,0,0.04,-1.00
36,159,50,0,0.02,-1.00
36,160,50,0,0.00,-1.00
36,161,50,0,0.04,-1.00
36,162,50,0,0.02,-1.00
36,163,50,0,0.00,-1.00
36,164,50,0,0.00,-1.00
36,165,50,0,0.06,-1.00
36,166,50,0,0.06,-1.00
36,167,50,0,0.04,-1.00
36,168,50,0,0.00,-1.00
36,169,50,0,0.00,-1.00
36,170,50,0,0.00,-1.00
36,171,50,0,0.00,-1.00
36,172,50,0,0.00,-1.00
36,173,50,0,0.00,-1.00
36,174,50,0,0.02,-1.00
36,175,50,0,0.02,-1.00
36,176,50,0,0.02,-1.00
36,177,50,0,0.02,-1.00
36,178,50,0,0.00,-1.00
36,179,50,0,0.00,-1.00
36,180,50,0,0.00,-1.00
36,181,50,0,0.02,-1.00
36,182,50,0,0.04,-1.00
36,183,50,0,0.08,-1.00
36,184,50,0,0.08,-1.00
36,185,50,0,0.08,-1.00
36,186,50,0,0.10,-1.00
36,187,50,0,0.14,-1.00
36,188,50,0,0.12,-1.00
36,189,50,0,0.12,-1.00
36,190,50,0,0.12,-1.00
36,191,50,0,0.04,-1.00
36,192,50,0,0.02,-1.00
36,193,50,0,0.02,-1.00
36,194,50,0,0.00,-1.00
36,195,50,0,0.00,-1.00
36,196,50,0,0.00,-1.00
36,197,50,0,0.04,-1.00
36,198,50,0,0.06,-1.00
36,199,50,0,0.06,-1.00
36,200,50,0,0.04,-1.00
36,201,50,0,0.08,-1.00
36,202,50,0,0.12,-1.00
36,203,50,0,0.06,-1.00
36,204,50,0,0.08,-1.00
36,205,50,0,0.08,-1.00
36,206,50,0,0.06,-1.00
36,207,50,0,0.06,-1.00
36,208,50,0,0.08,-1.00
36,209,50,0,0.06,-1.00
36,210,50,0,0.04,-1.00
36,211,50,0,0.02,-1.00
36,212,50,0,0.02,-1.00
36,213,50,0,0.04,-1.00
36,214,50,0,0.02,-1.00
36,215,50,0,0.04,-1.00
36,216,50,0,0.08,-1.00
36,217,50,0,0.08,-1.00
36,218,50,0,0.08,-1.00
36,219,50,0,0.06,-1.00
36,220,50,0,0.04,-1.00
36,221,50,0,0.02,-1.00
36,222,50,0,0.02,-1.00
36,223,50,0,0.02,-1.00
36,224,50,0,0.02,-1.00
36,225,50,0,0.04,-1.00
36,226,50,0,0.02,-1.00
36,227,50,0,0.02,-1.00
36,228,50,0,0.02,-1.00
36,229,50,0,0.02,-1.00
36,230,50,0,0.04,-1.00
36,231,50,0,0.06,-1.00
36,232,50,0,0.04,-1.00
36,233,50,0,0.02,-1.00
36,234,50,0,0.02,-1.00
36,235,50,0,0.02,-1.00
36,236,50,0,0.02,-1.00
36,237,50,0,0.00,-1.00
36,238,50,0,0.04,-1.00
36,239,50,0,0.04,-1.00
36,240,50,0,0.02,-1.00
36,241,50,0,0.08,-1.00
36,242,50,0,0.02,-1.00
36,243,50,0,0.04,-1.00
36,244,50,0,0.06,-1.00
36,245,50,0,0.04,-1.00
36,246,50,0,0.06,-1.00
36,247,50,0,0.04,-1.00
36,248,50,0,0.02,-1.00
36,249,50,0,0.02,-1.00
36,250,50,0,0.04,-1.00
36,251,50,0,0.04,-1.00
36,252,50,0,0.04,-1.00
36,253,50,0,0.08,-1.00
36,254,50,0,0.08,-1.00
36,255,50,0,0.08,-1.00
36,256,50,0,0.18,-1.00
36,257,50,0,0.16,-1.00
36,258,50,0,0.14,-1.00
36,259,50,0,0.04,-1.00
36,260,50,0,0.02,-1.00
36,261,50,0,0.08,-1.00
36,262,50,0,0.10,-1.00
36,263,50,0,0.04,-1.00
36,264,50,0,0.08,-1.00
36,265,50,0,0.06,-1.00
36,266,50,0,0.14,-1.00
36,267,50,0,0.20,-1.00
36,268,50,0,0.16,-1.00
36,269,50,0,0.08,-1.00
36,270,50,0,0.12,-1.00
36,271,50,0,0.06,-1.00
36,272,50,0,0.04,-1.00
36,273,50,0,0.06,-1.00
36,274,50,0,0.02,-1.00
36,275,50,0,0.02,-1.00
36,276,50,0,0.02,-1.00
36,277,50,0,0.00,-1.00
36,278,50,0,0.02,-1.00
36,279,50,0,0.04,-1.00
36,280,50,0,0.04,-1.00
36,281,50,0,0.02,-1.00
36,282,50,0,0.04,-1.00
36,283,50,0,0.04,-1.00
36,284,50,0,0.08,-1.00
36,285,50,0,0.12,-1.00
36,286,50,0,0.08,-1.00
36,287,50,0,0.08,-1.00
36,288,50,0,0.08,-1.00
36,289,50,0,0.06,-1.00
36,290,50,0,0.02,-1.00
36,291,50,0,0.02,-1.00
36,292,50,0,0.04,-1.00
36,293,50,0,0.00,-1.00
36,294,50,0,0.02,-1.00
36,295,50,0,0.04,-1.00
36,296,50,0,0.04,-1.00
36,297,50,0,0.10,-1.00
36,298,50,0,0.10,-1.00
36,299,50,0,0.12,-1.00
36,300,50,0,0.06,-1.00
36,301,50,0,0.06,-1.00
36,302,50,0,0.02,-1.00
36,303,50,0,0.02,-1.00
36,304,50,0,0.00,-1.00
36,305,50,0,0.00,-1.00
36,306,50,0,0.00,-1.00
36,307,50,0,0.04,-1.00
36,308,50,0,0.02,-1.00
36,309,50,0,0.02,-1.00
36,310,50,0,0.10,-1.00
36,311,50,0,0.16,-1.00
36,312,50,0,0.20,-1.00
36,313,50,0,0.14,-1.00
36,314,50,0,0.04,-1.00
36,315,50,0,0.08,-1.00
36,316,50,0,0.06,-1.00
36,317,50,0,0.08,-1.00
36,318,50,0,0.14,-1.00
36,319,50,0,0.22,-1.00
36,320,50,0,0.22,-1.00
36,321,50,0,0.16,-1.00
36,322,50,0,0.08,-1.00
36,323,50,0,0.06,-1.00
36,324,50,0,0.08,-1.00
36,325,50,0,0.08,-1.00
36,326,50,0,0.06,-1.00
36,327,50,0,0.00,-1.00
36,328,50,0,0.00,-1.00
36,329,50,0,0.02,-1.00
36,330,50,0,0.00,-1.00
36,331,50,0,0.00,-1.00
36,332,50,0,0.00,-1.00
36,333,50,0,0.00,-1.00
36,334,50,0,0.00,-1.00
36,335,50,0,0.00,-1.00
36,336,50,0,0.00,-1.00
36,337,50,0,0.00,-1.00
36,338,50,0,0.00,-1.00
36,339,50,0,0.00,-1.00
36,340,50,0,0.00,-1.00
36,341,50,0,0.00,-1.00
36,342,50,0,0.00,-1.00
36,343,50,0,0.02,-1.00
36,344,50,0,0.02,-1.00
36,345,50,0,0.04,-1.00
36,346,50,0,0.06,-1.00
36,347,50,0,0.02,-1.00
36,348,50,0,0.02,-1.00
36,349,50,0,0.02,-1.00
36,350,50,0,0.00,-1.00
36,351,50,0,0.00,-1.00
36,352,50,0,0.00,-1.00
36,353,50,0,0.00,-1.00
36,354,50,0,0.00,-1.00
36,355,50,0,0.00,-1.00
36,356,50,0,0.00,-1.00
36,357,50,0,0.00,-1.00
36,358,50,0,0.06,-1.00
36,359,50,0,0.04,-1.00
36,360,50,0,0.00,-1.00
36,361,50,0,0.00,-1.00
36,362,50,0,0.02,-1.00
36,363,50,0,0.10,-1.00
36,364,50,0,0.08,-1.00
36,365,50,0,0.08,-1.00
36,366,50,0,0.10,-1.00
36,367,50,0,0.14,-1.00
36,368,50,0,0.16,-1.00
36,369,50,0,0.22,-1.00
36,370,50,0,0.14,-1.00
36,371,50,0,0.10,-1.00
36,372,50,0,0.06,-1.00
36,373,50,0,0.06,-1.00
36,374,50,0,0.08,-1.00
36,375,50,0,0.10,-1.00
36,376,50,0,0.10,-1.00
36,377,50,0,0.06,-1.00
36,378,50,0,0.08,-1.00
36,379,50,0,0.12,-1.00
36,380,50,0,0.10,-1.00
36,381,50,0,0.18,-1.00
36,382,50,0,0.06,-1.00
36,383,50,0,0.08,-1.00
36,384,50,0,0.06,-1.00
36,385,50,0,0.04,-1.00
36,386,50,0,0.04,-1.00
36,387,50,0,0.02,-1.00
36,388,50,0,0.10,-1.00
36,389,50,0,0.08,-1.00
36,390,50,0,0.08,-1.00
36,391,50,0,0.00,-1.00
36,392,50,0,0.04,-1.00
36,393,50,0,0.06,-1.00
36,394,50,0,0.06,-1.00
36,395,50,0,0.10,-1.00
36,396,50,0,0.08,-1.00
36,397,50,0,0.10,-1.00
36,398,50,0,0.18,-1.00
36,399,50,0,0.08,-1.00
36,400,50,0,0.16,-1.00
36,401,50,0,0.10,-1.00
36,402,50,0,0.06,-1.00
36,403,50,0,0.04,-1.00
36,404,50,0,0.00,-1.00
36,405,50,0,0.00,-1.00
36,406,50,0,0.00,-1.00
36,407,50,0,0.00,-1.00
36,408,50,0,0.00,-1.00
36,409,50,0,0.02,-1.00
36,410,50,0,0.00,-1.00
36,411,50,0,0.06,-1.00
36,412,50,0,0.12,-1.00
36,413,50,0,0.06,-1.00
36,414,50,0,0.08,-1.00
36,415,50,0,0.10,-1.00
36,416,50,0,0.12,-1.00
36,417,50,0,0.06,-1.00
36,418,50,0,0.08,-1.00
36,419,50,0,0.08,-1.00
36,420,50,0,0.06,-1.00
36,421,50,0,0.02,-1.00
36,422,50,0,0.02,-1.00
36,423,50,0,0.00,-1.00
36,424,50,0,0.00,-1.00
36,425,50,0,0.00,-1.00
36,426,50,0,0.00,-1.00
36,427,50,0,0.00,-1.00
36,428,50,0,0.00,-1.00
36,429,50,0,0.00,-1.00
36,430,50,0,0.00,-1.00
36,431,50,0,0.02,-1.00
36,432,50,0,0.00,-1.00
36,433,50,0,0.00,-1.00
36,434,50,0,0.00,-1.00
36,435,50,0,0.02,-1.00
36,436,50,0,0.04,-1.00
36,437,50,0,0.10,-1.00
36,438,50,0,0.00,-1.00
36,439,50,0,0.02,-1.00
36,440,50,0,0.08,-1.00
36,441,50,0,0.10,-1.00
36,442,50,0,0.08,-1.00
36,443,50,0,0.08,-1.00
36,444,50,0,0.04,-1.00
36,445,50,0,0.00,-1.00
36,446,50,0,0.00,-1.00
36,447,50,0,0.00,-1.00
36,448,50,0,0.00,-1.00
36,449,50,0,0.00,-1.00
36,450,50,0,0.00,-1.00
36,451,50,0,0.00,-1.00
36,452,50,0,0.00,-1.00
36,453,50,0,0.10,-1.00
36,454,50,0,0.10,-1.00
36,455,50,0,0.10,-1.00
36,456,50,0,0.08,-1.00
36,457,50,0,0.06,-1.00
36,458,50,0,0.10,-1.00
36,459,50,0,0.10,-1.00
36,460,50,0,0.04,-1.00
36,461,50,0,0.00,-1.00
36,462,50,0,0.02,-1.00
36,463,50,0,0.04,-1.00
36,464,50,0,0.06,-1.00
36,465,50,0,0.04,-1.00
36,466,50,0,0.10,-1.00
36,467,50,0,0.06,-1.00
36,468,50,0,0.06,-1.00
36,469,50,0,0.00,-1.00
36,470,50,0,0.00,-1.00
36,471,50,0,0.00,-1.00
36,472,50,0,0.00,-1.00
36,473,50,0,0.06,-1.00
36,474,50,0,0.04,-1.00
36,475,50,0,0.02,-1.00
36,476,50,0,0.04,-1.00
36,477,50,0,0.06,-1.00
36,478,50,0,0.08,-1.00
36,479,50,0,0.12,-1.00
36,480,50,0,0.12,-1.00
36,481,50,0,0.12,-1.00
36,482,50,0,0.12,-1.00
36,483,50,0,0.12,-1.00
36,484,50,0,0.04,-1.00
36,485,50,0,0.04,-1.00
36,486,50,0,0.00,-1.00
36,487,50,0,0.00,-1.00
36,488,50,0,0.00,-1.00
36,489,50,0,0.00,-1.00
36,490,50,0,0.00,-1.00
36,491,50,0,0.00,-1.00
36,492,50,0,0.00,-1.00
36,493,50,0,0.06,-1.00
36,494,50,0,0.10,-1.00
36,495,50,0,0.12,-1.00
36,496,50,0,0.16,-1.00
36,497,50,0,0.14,-1.00
36,498,50,0,0.10,-1.00
36,499,50,0,0.14,-1.00
36,500,50,0,0.10,-1.00
37,1,50,0,0.00,-1.00
37,2,50,0,0.02,-1.00
37,3,50,0,0.02,-1.00
37,4,50,0,0.04,-1.00
37,5,50,0,0.06,-1.00
37,6,50,0,0.08,-1.00
37,7,50,0,0.10,-1.00
37,8,50,0,0.00,-1.00
37,9,50,0,0.04,-1.00
37,10,50,0,0.06,-1.00
37,11,50,0,0.06,-1.00
37,12,50,0,0.04,-1.00
37,13,50,0,0.02,-1.00
37,14,50,0,0.06,-1.00
37,15,50,0,0.00,-1.00
37,16,50,0,0.00,-1.00
37,17,50,0,0.00,-1.00
37,18,50,0,0.00,-1.00
37,19,50,0,0.00,-1.00
37,20,50,0,0.04,-1.00
37,21,50,0,0.12,-1.00
37,22,50,0,0.18,-1.00
37,23,50,0,0.12,-1.00
37,24,50,0,0.04,-1.00
37,25,50,0,0.02,-1.00
37,26,50,0,0.08,-1.00
37,27,50,0,0.12,-1.00
37,28,50,0,0.08,-1.00
37,29,50,0,0.12,-1.00
37,30,50,0,0.16,-1.00
37,31,50,0,0.10,-1.00
37,32,50,0,0.08,-1.00
37,33,50,0,0.06,-1.00
37,34,50,0,0.06,-1.00
37,35,50,0,0.02,-1.00
37,36,50,0,0.00,-1.00
37,37,50,0,0.00,-1.00
37,38,50,0,0.00,-1.00
37,39,50,0,0.00,-1.00
37,40,50,0,0.00,-1.00
37,41,50,0,0.00,-1.00
37,42,50,0,0.00,-1.00
37,43,50,0,0.00,-1.00
37,44,50,0,0.00,-1.00
37,45,50,0,0.04,-1.00
37,46,50,0,0.14,-1.00
37,47,50,0,0.20,-1.00
37,48,50,0,0.18,-1.00
37,49,50,0,0.26,-1.00
37,50,50,0,0.28,-1.00
37,51,50,0,0.16,-1.00
37,52,50,0,0.18,-1.00
37,53,50,0,0.28,-1.00
37,54,50,0,0.34,-1.00
37,55,50,0,0.18,-1.00
37,56,50,0,0.26,-1.00
37,57,50,0,0.28,-1.00
37,58,50,0,0.26,-1.00
37,59,50,0,0.24,-1.00
37,60,50,0,0.24,-1.00
37,61,50,0,0.36,-1.00
37,62,50,0,0.18,-1.00
37,63,50,0,0.14,-1.00
37,64,50,0,0.08,-1.00
37,65,50,0,0.00,-1.00
37,66,50,0,0.00,-1.00
37,67,50,0,0.00,-1.00
37,68,50,0,0.04,-1.00
37,69,50,0,0.00,-1.00
37,70,50,0,0.02,-1.00
37,71,50,0,0.06,-1.00
37,72,50,0,0.06,-1.00
37,73,50,0,0.10,-1.00
37,74,50,0,0.08,-1.00
37,75,50,0,0.04,-1.00
37,76,50,0,0.06,-1.00
37,77,50,0,0.10,-1.00
37,78,50,0,0.08,-1.00
37,79,50,0,0.10,-1.00
37,80,50,0,0.14,-1.00
37,81,50,0,0.14,-1.00
37,82,50,0,0.12,-1.00
37,83,50,0,0.06,-1.00
37,84,50,0,0.14,-1.00
37,85,50,0,0.18,-1.00
37,86,50,0,0.12,-1.00
37,87,50,0,0.10,-1.00
37,88,50,0,0.06,-1.00
37,89,50,0,0.04,-1.00
37,90,50,0,0.02,-1.00
37,91,50,0,0.02,-1.00
37,92,50,0,0.02,-1.00
37,93,50,0,0.04,-1.00
37,94,50,0,0.02,-1.00
37,95,50,0,0.06,-1.00
37,96,50,0,0.04,-1.00
37,97,50,0,0.02,-1.00
37,98,50,0,0.02,-1.00
37,99,50,0,0.02,-1.00
37,100,50,0,0.02,-1.00
37,101,50,0,0.04,-1.00
37,102,50,0,0.12,-1.00
37,103,50,0,0.10,-1.00
37,104,50,0,0.10,-1.00
37,105,50,0,0.06,-1.00
37,106,50,0,0.12,-1.00
37,107,50,0,0.20,-1.00
37,108,50,0,0.16,-1.00
37,109,50,0,0.18,-1.00
37,110,50,0,0.10,-1.00
37,111,50,0,0.18,-1.00
37,112,50,0,0.30,-1.00
37,113,50,0,0.36,-1.00
37,114,50,0,0.30,-1.00
37,115,50,0,0.34,-1.00
37,116,50,0,0.30,-1.00
37,117,50,0,0.24,-1.00
37,118,50,0,0.30,-1.00
37,119,50,0,0.28,-1.00
37,120,50,0,0.30,-1.00
37,121,50,0,0.24,-1.00
37,122,50,0,0.18,-1.00
37,123,50,0,0.18,-1.00
37,124,50,0,0.24,-1.00
37,125,50,0,0.28,-1.00
37,126,50,0,0.32,-1.00
37,127,50,0,0.30,-1.00
37,128,50,0,0.30,-1.00
37,129,50,0,0.32,-1.00
37,130,50,0,0.46,-1.00
37,131,50,0,0.42,-1.00
37,132,50,0,0.48,-1.00
37,133,50,0,0.44,-1.00
37,134,50,0,0.52,-1.00
37,135,50,0,0.48,-1.00
37,136,50,0,0.34,-1.00
37,137,50,0,0.30,-1.00
37,138,50,0,0.34,-1.00
37,139,50,0,0.34,-1.00
37,140,50,0,0.24,-1.00
37,141,50,0,0.16,-1.00
37,142,50,0,0.10,-1.00
37,143,50,0,0.06,-1.00
37,144,50,0,0.06,-1.00
37,145,50,0,0.06,-1.00
37,146,50,0,0.10,-1.00
37,147,50,0,0.10,-1.00
37,148,50,0,0.08,-1.00
37,149,50,0,0.04,-1.00
37,150,50,0,0.06,-1.00
37,151,50,0,0.10,-1.00
37,152,50,0,0.16,-1.00
37,153,50,0,0.08,-1.00
37,154,50,0,0.04,-1.00
37,155,50,0,0.02,-1.00
37,156,50,0,0.06,-1.00
37,157,50,0,0.06,-1.00
37,158,50,0,0.06,-1.00
37,159,50,0,0.02,-1.00
37,160,50,0,0.00,-1.00
37,161,50,0,0.00,-1.00
37,162,50,0,0.02,-1.00
37,163,50,0,0.02,-1.00
37,164,50,0,0.00,-1.00
37,165,50,0,0.00,-1.00
37,166,50,0,0.00,-1.00
37,167,50,0,0.00,-1.00
37,168,50,0,0.04,-1.00
37,169,50,0,0.04,-1.00
37,170,50,0,0.02,-1.00
37,171,50,0,0.00,-1.00
37,172,50,0,0.00,-1.00
37,173,50,0,0.00,-1.00
37,174,50,0,0.00,-1.00
37,175,50,0,0.00,-1.00
37,176,50,0,0.00,-1.00
37,177,50,0,0.00,-1.00
37,178,50,0,0.08,-1.00
37,179,50,0,0.06,-1.00
37,180,50,0,0.02,-1.00
37,181,50,0,0.00,-1.00
37,182,50,0,0.04,-1.00
37,183,50,0,0.00,-1.00
37,184,50,0,0.00,-1.00
37,185,50,0,0.00,-1.00
37,186,50,0,0.00,-1.00
37,187,50,0,0.00,-1.00
37,188,50,0,0.04,-1.00
37,189,50,0,0.06,-1.00
37,190,50,0,0.08,-1.00
37,191,50,0,0.08,-1.00
37,192,50,0,0.14,-1.00
37,193,50,0,0.18,-1.00
37,194,50,0,0.08,-1.00
37,195,50,0,0.08,-1.00
37,196,50,0,0.10,-1.00
37,197,50,0,0.04,-1.00
37,198,50,0,0.04,-1.00
37,199,50,0,0.04,-1.00
37,200,50,0,0.06,-1.00
37,201,50,0,0.10,-1.00
37,202,50,0,0.04,-1.00
37,203,50,0,0.04,-1.00
37,204,50,0,0.12,-1.00
37,205,50,0,0.04,-1.00
37,206,50,0,0.00,-1.00
37,207,50,0,0.00,-1.00
37,208,50,0,0.00,-1.00
37,209,50,0,0.06,-1.00
37,210,50,0,0.02,-1.00
37,211,50,0,0.02,-1.00
37,212,50,0,0.00,-1.00
37,213,50,0,0.04,-1.00
37,214,50,0,0.08,-1.00
37,215,50,0,0.08,-1.00
37,216,50,0,0.04,-1.00
37,217,50,0,0.00,-1.00
37,218,50,0,0.00,-1.00
37,219,50,0,0.00,-1.00
37,220,50,0,0.00,-1.00
37,221,50,0,0.00,-1.00
37,222,50,0,0.00,-1.00
37,223,50,0,0.00,-1.00
37,224,50,0,0.04,-1.00
37,225,50,0,0.04,-1.00
37,226,50,0,0.04,-1.00
37,227,50,0,0.04,-1.00
37,228,50,0,0.04,-1.00
37,229,50,0,0.08,-1.00
37,230,50,0,0.02,-1.00
37,231,50,0,0.04,-1.00
37,232,50,0,0.08,-1.00
37,233,50,0,0.10,-1.00
37,234,50,0,0.18,-1.00
37,235,50,0,0.24,-1.00
37,236,50,0,0.20,-1.00
37,237,50,0,0.20,-1.00
37,238,50,0,0.20,-1.00
37,239,50,0,0.22,-1.00
37,240,50,0,0.26,-1.00
37,241,50,0,0.28,-1.00
37,242,50,0,0.24,-1.00
37,243,50,0,0.24,-1.00
37,244,50,0,0.22,-1.00
37,245,50,0,0.20,-1.00
37,246,50,0,0.16,-1.00
37,247,50,0,0.16,-1.00
37,248,50,0,0.26,-1.00
37,249,50,0,0.16,-1.00
37,250,50,0,0.20,-1.00
37,251,50,0,0.26,-1.00
37,252,50,0,0.22,-1.00
37,253,50,0,0.22,-1.00
37,254,50,0,0.18,-1.00
37,255,50,0,0.12,-1.00
37,256,50,0,0.06,-1.00
37,257,50,0,0.08,-1.00
37,258,50,0,0.10,-1.00
37,259,50,0,0.12,-1.00
37,260,50,0,0.10,-1.00
37,261,50,0,0.06,-1.00
37,262,50,0,0.08,-1.00
37,263,50,0,0.06,-1.00
37,264,50,0,0.06,-1.00
37,265,50,0,0.10,-1.00
37,266,50,0,0.08,-1.00
37,267,50,0,0.04,-1.00
37,268,50,0,0.04,-1.00
37,269,50,0,0.06,-1.00
37,270,50,0,0.06,-1.00
37,271,50,0,0.06,-1.00
37,272,50,0,0.04,-1.00
37,273,50,0,0.04,-1.00
37,274,50,0,0.02,-1.00
37,275,50,0,0.02,-1.00
37,276,50,0,0.00,-1.00
37,277,50,0,0.00,-1.00
37,278,50,0,0.02,-1.00
37,279,50,0,0.00,-1.00
37,280,50,0,0.00,-1.00
37,281,50,0,0.00,-1.00
37,282,50,0,0.00,-1.00
37,283,50,0,0.00,-1.00
37,284,50,0,0.00,-1.00
37,285,50,0,0.00,-1.00
37,286,50,0,0.00,-1.00
37,287,50,0,0.00,-1.00
37,288,50,0,0.00,-1.00
37,289,50,0,0.00,-1.00
37,290,50,0,0.04,-1.00
37,291,50,0,0.04,-1.00
37,292,50,0,0.06,-1.00
37,293,50,0,0.14,-1.00
37,294,50,0,0.22,-1.00
37,295,50,0,0.26,-1.00
37,296,50,0,0.34,-1.00
37,297,50,0,0.42,-1.00
37,298,50,0,0.44,-1.00
37,299,50,0,0.38,-1.00
37,300,50,0,0.38,-1.00
37,301,50,0,0.40,-1.00
37,302,50,0,0.34,-1.00
37,303,50,0,0.30,-1.00
37,304,50,0,0.18,-1.00
37,305,50,0,0.12,-1.00
37,306,50,0,0.10,-1.00
37,307,50,0,0.16,-1.00
37,308,50,0,0.26,-1.00
37,309,50,0,0.26,-1.00
37,310,50,0,0.32,-1.00
37,311,50,0,0.46,-1.00
37,312,50,0,0.32,-1.00
37,313,50,0,0.32,-1.00
37,314,50,0,0.24,-1.00
37,315,50,0,0.36,-1.00
37,316,50,0,0.36,-1.00
37,317,50,0,0.30,-1.00
37,318,50,0,0.38,-1.00
37,319,50,0,0.28,-1.00
37,320,50,0,0.26,-1.00
37,321,50,0,0.36,-1.00
37,322,50,0,0.12,-1.00
37,323,50,0,0.08,-1.00
37,324,50,0,0.14,-1.00
37,325,50,0,0.16,-1.00
37,326,50,0,0.24,-1.00
37,327,50,0,0.18,-1.00
37,328,50,0,0.14,-1.00
37,329,50,0,0.20,-1.00
37,330,50,0,0.28,-1.00
37,331,50,0,0.26,-1.00
37,332,50,0,0.16,-1.00
37,333,50,0,0.24,-1.00
37,334,50,0,0.22,-1.00
37,335,50,0,0.30,-1.00
37,336,50,0,0.18,-1.00
37,337,50,0,0.28,-1.00
37,338,50,0,0.36,-1.00
37,339,50,0,0.32,-1.00
37,340,50,0,0.38,-1.00
37,341,50,0,0.30,-1.00
37,342,50,0,0.30,-1.00
37,343,50,0,0.26,-1.00
37,344,50,0,0.18,-1.00
37,345,50,0,0.26,-1.00
37,346,50,0,0.36,-1.00
37,347,50,0,0.32,-1.00
37,348,50,0,0.24,-1.00
37,349,50,0,0.20,-1.00
37,350,50,0,0.16,-1.00
37,351,50,0,0.04,-1.00
37,352,50,0,0.04,-1.00
37,353,50,0,0.06,-1.00
37,354,50,0,0.10,-1.00
37,355,50,0,0.14,-1.00
37,356,50,0,0.20,-1.00
37,357,50,0,0.16,-1.00
37,358,50,0,0.12,-1.00
37,359,50,0,0.12,-1.00
37,360,50,0,0.14,-1.00
37,361,50,0,0.10,-1.00
37,362,50,0,0.04,-1.00
37,363,50,0,0.04,-1.00
37,364,50,0,0.04,-1.00
37,365,50,0,0.04,-1.00
37,366,50,0,0.06,-1.00
37,367,50,0,0.00,-1.00
37,368,50,0,0.00,-1.00
37,369,50,0,0.00,-1.00
37,370,50,0,0.00,-1.00
37,371,50,0,0.04,-1.00
37,372,50,0,0.08,-1.00
37,373,50,0,0.02,-1.00
37,374,50,0,0.06,-1.00
37,375,50,0,0.06,-1.00
37,376,50,0,0.08,-1.00
37,377,50,0,0.04,-1.00
37,378,50,0,0.10,-1.00
37,379,50,0,0.06,-1.00
37,380,50,0,0.06,-1.00
37,381,50,0,0.02,-1.00
37,382,50,0,0.00,-1.00
37,383,50,0,0.00,-1.00
37,384,50,0,0.00,-1.00
37,385,50,0,0.04,-1.00
37,386,50,0,0.06,-1.00
37,387,50,0,0.00,-1.00
37,388,50,0,0.02,-1.00
37,389,50,0,0.02,-1.00
37,390,50,0,0.02,-1.00
37,391,50,0,0.02,-1.00
37,392,50,0,0.00,-1.00
37,393,50,0,0.00,-1.00
37,394,50,0,0.00,-1.00
37,395,50,0,0.00,-1.00
37,396,50,0,0.00,-1.00
37,397,50,0,0.00,-1.00
37,398,50,0,0.00,-1.00
37,399,50,0,0.04,-1.00
37,400,50,0,0.00,-1.00
37,401,50,0,0.06,-1.00
37,402,50,0,0.08,-1.00
37,403,50,0,0.08,-1.00
37,404,50,0,0.08,-1.00
37,405,50,0,0.06,-1.00
37,406,50,0,0.10,-1.00
37,407,50,0,0.10,-1.00
37,408,50,0,0.04,-1.00
37,409,50,0,0.06,-1.00
37,410,50,0,0.08,-1.00
37,411,50,0,0.04,-1.00
37,412,50,0,0.04,-1.00
37,413,50,0,0.04,-1.00
37,414,50,0,0.04,-1.00
37,415,50,0,0.00,-1.00
37,416,50,0,0.00,-1.00
37,417,50,0,0.00,-1.00
37,418,50,0,0.00,-1.00
37,419,50,0,0.00,-1.00
37,420,50,0,0.02,-1.00
37,421,50,0,0.02,-1.00
37,422,50,0,0.02,-1.00
37,423,50,0,0.02,-1.00
37,424,50,0,0.02,-1.00
37,425,50,0,0.04,-1.00
37,426,50,0,0.00,-1.00
37,427,50,0,0.00,-1.00
37,428,50,0,0.00,-1.00
37,429,50,0,0.00,-1.00
37,430,50,0,0.02,-1.00
37,431,50,0,0.00,-1.00
37,432,50,0,0.02,-1.00
37,433,50,0,0.08,-1.00
37,434,50,0,0.02,-1.00
37,435,50,0,0.04,-1.00
37,436,50,0,0.02,-1.00
37,437,50,0,0.02,-1.00
37,438,50,0,0.04,-1.00
37,439,50,0,0.02,-1.00
37,440,50,0,0.02,-1.00
37,441,50,0,0.04,-1.00
37,442,50,0,0.08,-1.00
37,443,50,0,0.02,-1.00
37,444,50,0,0.02,-1.00
37,445,50,0,0.00,-1.00
37,446,50,0,0.00,-1.00
37,447,50,0,0.02,-1.00
37,448,50,0,0.02,-1.00
37,449,50,0,0.02,-1.00
37,450,50,0,0.04,-1.00
37,451,50,0,0.04,-1.00
37,452,50,0,0.04,-1.00
37,453,50,0,0.02,-1.00
37,454,50,0,0.00,-1.00
37,455,50,0,0.00,-1.00
37,456,50,0,0.00,-1.00
37,457,50,0,0.02,-1.00
37,458,50,0,0.04,-1.00
37,459,50,0,0.06,-1.00
37,460,50,0,0.10,-1.00
37,461,50,0,0.12,-1.00
37,462,50,0,0.06,-1.00
37,463,50,0,0.14,-1.00
37,464,50,0,0.14,-1.00
37,465,50,0,0.10,-1.00
37,466,50,0,0.12,-1.00
37,467,50,0,0.16,-1.00
37,468,50,0,0.08,-1.00
37,469,50,0,0.14,-1.00
37,470,50,0,0.18,-1.00
37,471,50,0,0.16,-1.00
37,472,50,0,0.18,-1.00
37,473,50,0,0.22,-1.00
37,474,50,0,0.24,-1.00
37,475,50,0,0.30,-1.00
37,476,50,0,0.28,-1.00
37,477,50,0,0.24,-1.00
37,478,50,0,0.26,-1.00
37,479,50,0,0.40,-1.00
37,480,50,0,0.38,-1.00
37,481,50,0,0.38,-1.00
37,482,50,0,0.38,-1.00
37,483,50,0,0.36,-1.00
37,484,50,0,0.42,-1.00
37,485,50,0,0.54,-1.00
37,486,50,0,0.64,-1.00
37,487,50,0,0.46,-1.00
37,488,50,0,0.46,-1.00
37,489,50,0,0.20,-1.00
37,490,50,0,0.14,-1.00
37,491,50,0,0.10,-1.00
37,492,50,0,0.10,-1.00
37,493,50,0,0.18,-1.00
37,494,50,0,0.14,-1.00
37,495,50,0,0.12,-1.00
37,496,50,0,0.14,-1.00
37,497,50,0,0.18,-1.00
37,498,50,0,0.12,-1.00
37,499,50,0,0.10,-1.00
37,500,50,0,0.12,-1.00
38,1,50,0,0.02,-1.00
38,2,50,0,0.02,-1.00
38,3,50,0,0.00,-1.00
38,4,50,0,0.00,-1.00
38,5,50,0,0.00,-1.00
38,6,50,0,0.00,-1.00
38,7,50,0,0.00,-1.00
38,8,50,0,0.00,-1.00
38,9,50,0,0.00,-1.00
38,10,50,0,0.00,-1.00
38,11,50,0,0.00,-1.00
38,12,50,0,0.00,-1.00
38,13,50,0,0.02,-1.00
38,14,50,0,0.00,-1.00
38,15,50,0,0.02,-1.00
38,16,50,0,0.04,-1.00
38,17,50,0,0.04,-1.00
38,18,50,0,0.04,-1.00
38,19,50,0,0.02,-1.00
38,20,50,0,0.06,-1.00
38,21,50,0,0.10,-1.00
38,22,50,0,0.10,-1.00
38,23,50,0,0.06,-1.00
38,24,50,0,0.10,-1.00
38,25,50,0,0.12,-1.00
38,26,50,0,0.14,-1.00
38,27,50,0,0.12,-1.00
38,28,50,0,0.16,-1.00
38,29,50,0,0.12,-1.00
38,30,50,0,0.14,-1.00
38,31,50,0,0.10,-1.00
38,32,50,0,0.24,-1.00
38,33,50,0,0.12,-1.00
38,34,50,0,0.02,-1.00
38,35,50,0,0.02,-1.00
38,36,50,0,0.02,-1.00
38,37,50,0,0.02,-1.00
38,38,50,0,0.00,-1.00
38,39,50,0,0.00,-1.00
38,40,50,0,0.00,-1.00
38,41,50,0,0.00,-1.00
38,42,50,0,0.00,-1.00
38,43,50,0,0.04,-1.00
38,44,50,0,0.02,-1.00
38,45,50,0,0.06,-1.00
38,46,50,0,0.10,-1.00
38,47,50,0,0.16,-1.00
38,48,50,0,0.10,-1.00
38,49,50,0,0.04,-1.00
38,50,50,0,0.08,-1.00
38,51,50,0,0.14,-1.00
38,52,50,0,0.10,-1.00
38,53,50,0,0.06,-1.00
38,54,50,0,0.04,-1.00
38,55,50,0,0.10,-1.00
38,56,50,0,0.06,-1.00
38,57,50,0,0.08,-1.00
38,58,50,0,0.18,-1.00
38,59,50,0,0.18,-1.00
38,60,50,0,0.24,-1.00
38,61,50,0,0.28,-1.00
38,62,50,0,0.22,-1.00
38,63,50,0,0.24,-1.00
38,64,50,0,0.24,-1.00
38,65,50,0,0.18,-1.00
38,66,50,0,0.18,-1.00
38,67,50,0,0.24,-1.00
38,68,50,0,0.24,-1.00
38,69,50,0,0.26,-1.00
38,70,50,0,0.24,-1.00
38,71,50,0,0.24,-1.00
38,72,50,0,0.16,-1.00
38,73,50,0,0.20,-1.00
38,74,50,0,0.22,-1.00
38,75,50,0,0.14,-1.00
38,76,50,0,0.24,-1.00
38,77,50,0,0.28,-1.00
38,78,50,0,0.20,-1.00
38,79,50,0,0.24,-1.00
38,80,50,0,0.20,-1.00
38,81,50,0,0.30,-1.00
38,82,50,0,0.26,-1.00
38,83,50,0,0.22,-1.00
38,84,50,0,0.12,-1.00
38,85,50,0,0.14,-1.00
38,86,50,0,0.10,-1.00
38,87,50,0,0.12,-1.00
38,88,50,0,0.08,-1.00
38,89,50,0,0.10,-1.00
38,90,50,0,0.18,-1.00
38,91,50,0,0.18,-1.00
38,92,50,0,0.32,-1.00
38,93,50,0,0.28,-1.00
38,94,50,0,0.20,-1.00
38,95,50,0,0.18,-1.00
38,96,50,0,0.20,-1.00
38,97,50,0,0.10,-1.00
38,98,50,0,0.04,-1.00
38,99,50,0,0.16,-1.00
38,100,50,0,0.08,-1.00
38,101,50,0,0.06,-1.00
38,102,50,0,0.04,-1.00
38,103,50,0,0.02,-1.00
38,104,50,0,0.04,-1.00
38,105,50,0,0.02,-1.00
38,106,50,0,0.06,-1.00
38,107,50,0,0.00,-1.00
38,108,50,0,0.00,-1.00
38,109,50,0,0.00,-1.00
38,110,50,0,0.02,-1.00
38,111,50,0,0.02,-1.00
38,112,50,0,0.00,-1.00
38,113,50,0,0.00,-1.00
38,114,50,0,0.06,-1.00
38,115,50,0,0.16,-1.00
38,116,50,0,0.14,-1.00
38,117,50,0,0.12,-1.00
38,118,50,0,0.04,-1.00
38,119,50,0,0.00,-1.00
38,120,50,0,0.00,-1.00
38,121,50,0,0.00,-1.00
38,122,50,0,0.04,-1.00
38,123,50,0,0.10,-1.00
38,124,50,0,0.08,-1.00
38,125,50,0,0.04,-1.00
38,126,50,0,0.00,-1.00
38,127,50,0,0.00,-1.00
38,128,50,0,0.02,-1.00
38,129,50,0,0.00,-1.00
38,130,50,0,0.00,-1.00
38,131,50,0,0.00,-1.00
38,132,50,0,0.00,-1.00
38,133,50,0,0.00,-1.00
38,134,50,0,0.00,-1.00
38,135,50,0,0.00,-1.00
38,136,50,0,0.00,-1.00
38,137,50,0,0.00,-1.00
38,138,50,0,0.02,-1.00
38,139,50,0,0.00,-1.00
38,140,50,0,0.02,-1.00
38,141,50,0,0.04,-1.00
38,142,50,0,0.04,-1.00
38,143,50,0,0.00,-1.00
38,144,50,0,0.00,-1.00
38,145,50,0,0.00,-1.00
38,146,50,0,0.00,-1.00
38,147,50,0,0.00,-1.00
38,148,50,0,0.00,-1.00
38,149,50,0,0.02,-1.00
38,150,50,0,0.02,-1.00
38,151,50,0,0.02,-1.00
38,152,50,0,0.00,-1.00
38,153,50,0,0.00,-1.00
38,154,50,0,0.00,-1.00
38,155,50,0,0.00,-1.00
38,156,50,0,0.00,-1.00
38,157,50,0,0.00,-1.00
38,158,50,0,0.00,-1.00
38,159,50,0,0.00,-1.00
38,160,50,0,0.00,-1.00
38,161,50,0,0.00,-1.00
38,162,50,0,0.00,-1.00
38,163,50,0,0.00,-1.00
38,164,50,0,0.00,-1.00
38,165,50,0,0.00,-1.00
38,166,50,0,0.00,-1.00
38,167,50,0,0.10,-1.00
38,168,50,0,0.08,-1.00
38,169,50,0,0.10,-1.00
38,170,50,0,0.20,-1.00
38,171,50,0,0.08,-1.00
38,172,50,0,0.16,-1.00
38,173,50,0,0.14,-1.00
38,174,50,0,0.10,-1.00
38,175,50,0,0.12,-1.00
38,176,50,0,0.20,-1.00
38,177,50,0,0.28,-1.00
38,178,50,0,0.24,-1.00
38,179,50,0,0.16,-1.00
38,180,50,0,0.18,-1.00
38,181,50,0,0.14,-1.00
38,182,50,0,0.10,-1.00
38,183,50,0,0.10,-1.00
38,184,50,0,0.02,-1.00
38,185,50,0,0.00,-1.00
38,186,50,0,0.04,-1.00
38,187,50,0,0.02,-1.00
38,188,50,0,0.00,-1.00
38,189,50,0,0.02,-1.00
38,190,50,0,0.02,-1.00
38,191,50,0,0.00,-1.00
38,192,50,0,0.00,-1.00
38,193,50,0,0.04,-1.00
38,194,50,0,0.00,-1.00
38,195,50,0,0.00,-1.00
38,196,50,0,0.00,-1.00
38,197,50,0,0.00,-1.00
38,198,50,0,0.00,-1.00
38,199,50,0,0.04,-1.00
38,200,50,0,0.02,-1.00
38,201,50,0,0.02,-1.00
38,202,50,0,0.04,-1.00
38,203,50,0,0.06,-1.00
38,204,50,0,0.04,-1.00
38,205,50,0,0.04,-1.00
38,206,50,0,0.02,-1.00
38,207,50,0,0.02,-1.00
38,208,50,0,0.02,-1.00
38,209,50,0,0.02,-1.00
38,210,50,0,0.00,-1.00
38,211,50,0,0.00,-1.00
38,212,50,0,0.04,-1.00
38,213,50,0,0.06,-1.00
38,214,50,0,0.12,-1.00
38,215,50,0,0.18,-1.00
38,216,50,0,0.26,-1.00
38,217,50,0,0.16,-1.00
38,218,50,0,0.20,-1.00
38,219,50,0,0.16,-1.00
38,220,50,0,0.12,-1.00
38,221,50,0,0.10,-1.00
38,222,50,0,0.08,-1.00
38,223,50,0,0.02,-1.00
38,224,50,0,0.02,-1.00
38,225,50,0,0.06,-1.00
38,226,50,0,0.14,-1.00
38,227,50,0,0.14,-1.00
38,228,50,0,0.14,-1.00
38,229,50,0,0.06,-1.00
38,230,50,0,0.04,-1.00
38,231,50,0,0.02,-1.00
38,232,50,0,0.00,-1.00
38,233,50,0,0.02,-1.00
38,234,50,0,0.00,-1.00
38,235,50,0,0.00,-1.00
38,236,50,0,0.00,-1.00
38,237,50,0,0.00,-1.00
38,238,50,0,0.00,-1.00
38,239,50,0,0.00,-1.00
38,240,50,0,0.00,-1.00
38,241,50,0,0.00,-1.00
38,242,50,0,0.00,-1.00
38,243,50,0,0.02,-1.00
38,244,50,0,0.02,-1.00
38,245,50,0,0.00,-1.00
38,246,50,0,0.02,-1.00
38,247,50,0,0.04,-1.00
38,248,50,0,0.02,-1.00
38,249,50,0,0.06,-1.00
38,250,50,0,0.04,-1.00
38,251,50,0,0.04,-1.00
38,252,50,0,0.04,-1.00
38,253,50,0,0.02,-1.00
38,254,50,0,0.00,-1.00
38,255,50,0,0.00,-1.00
38,256,50,0,0.00,-1.00
38,257,50,0,0.00,-1.00
38,258,50,0,0.00,-1.00
38,259,50,0,0.00,-1.00
38,260,50,0,0.00,-1.00
38,261,50,0,0.02,-1.00
38,262,50,0,0.02,-1.00
38,263,50,0,0.00,-1.00
38,264,50,0,0.02,-1.00
38,265,50,0,0.00,-1.00
38,266,50,0,0.02,-1.00
38,267,50,0,0.02,-1.00
38,268,50,0,0.00,-1.00
38,269,50,0,0.00,-1.00
38,270,50,0,0.00,-1.00
38,271,50,0,0.04,-1.00
38,272,50,0,0.04,-1.00
38,273,50,0,0.04,-1.00
38,274,50,0,0.02,-1.00
38,275,50,0,0.02,-1.00
38,276,50,0,0.04,-1.00
38,277,50,0,0.02,-1.00
38,278,50,0,0.06,-1.00
38,279,50,0,0.02,-1.00
38,280,50,0,0.02,-1.00
38,281,50,0,0.02,-1.00
38,282,50,0,0.00,-1.00
38,283,50,0,0.02,-1.00
38,284,50,0,0.04,-1.00
38,285,50,0,0.08,-1.00
38,286,50,0,0.14,-1.00
38,287,50,0,0.16,-1.00
38,288,50,0,0.14,-1.00
38,289,50,0,0.18,-1.00
38,290,50,0,0.14,-1.00
38,291,50,0,0.06,-1.00
38,292,50,0,0.06,-1.00
38,293,50,0,0.08,-1.00
38,294,50,0,0.02,-1.00
38,295,50,0,0.02,-1.00
38,296,50,0,0.02,-1.00
38,297,50,0,0.00,-1.00
38,298,50,0,0.00,-1.00
38,299,50,0,0.00,-1.00
38,300,50,0,0.00,-1.00
38,301,50,0,0.00,-1.00
38,302,50,0,0.02,-1.00
38,303,50,0,0.02,-1.00
38,304,50,0,0.00,-1.00
38,305,50,0,0.00,-1.00
38,306,50,0,0.00,-1.00
38,307,50,0,0.00,-1.00
38,308,50,0,0.00,-1.00
38,309,50,0,0.00,-1.00
38,310,50,0,0.00,-1.00
38,311,50,0,0.00,-1.00
38,312,50,0,0.00,-1.00
38,313,50,0,0.00,-1.00
38,314,50,0,0.00,-1.00
38,315,50,0,0.00,-1.00
38,316,50,0,0.00,-1.00
38,317,50,0,0.00,-1.00
38,318,50,0,0.00,-1.00
38,319,50,0,0.00,-1.00
38,320,50,0,0.00,-1.00
38,321,50,0,0.00,-1.00
38,322,50,0,0.00,-1.00
38,323,50,0,0.00,-1.00
38,324,50,0,0.00,-1.00
38,325,50,0,0.02,-1.00
38,326,50,0,0.00,-1.00
38,327,50,0,0.04,-1.00
38,328,50,0,0.00,-1.00
38,329,50,0,0.00,-1.00
38,330,50,0,0.00,-1.00
38,331,50,0,0.00,-1.00
38,332,50,0,0.00,-1.00
38,333,50,0,0.00,-1.00
38,334,50,0,0.00,-1.00
38,335,50,0,0.04,-1.00
38,336,50,0,0.02,-1.00
38,337,50,0,0.08,-1.00
38,338,50,0,0.06,-1.00
38,339,50,0,0.08,-1.00
38,340,50,0,0.06,-1.00
38,341,50,0,0.04,-1.00
38,342,50,0,0.06,-1.00
38,343,50,0,0.12,-1.00
38,344,50,0,0.12,-1.00
38,345,50,0,0.06,-1.00
38,346,50,0,0.04,-1.00
38,347,50,0,0.02,-1.00
38,348,50,0,0.00,-1.00
38,349,50,0,0.00,-1.00
38,350,50,0,0.02,-1.00
38,351,50,0,0.06,-1.00
38,352,50,0,0.02,-1.00
38,353,50,0,0.00,-1.00
38,354,50,0,0.00,-1.00
38,355,50,0,0.02,-1.00
38,356,50,0,0.00,-1.00
38,357,50,0,0.02,-1.00
38,358,50,0,0.06,-1.00
38,359,50,0,0.10,-1.00
38,360,50,0,0.16,-1.00
38,361,50,0,0.06,-1.00
38,362,50,0,0.00,-1.00
38,363,50,0,0.00,-1.00
38,364,50,0,0.00,-1.00
38,365,50,0,0.00,-1.00
38,366,50,0,0.00,-1.00
38,367,50,0,0.04,-1.00
38,368,50,0,0.04,-1.00
38,369,50,0,0.12,-1.00
38,370,50,0,0.14,-1.00
38,371,50,0,0.08,-1.00
38,372,50,0,0.08,-1.00
38,373,50,0,0.12,-1.00
38,374,50,0,0.10,-1.00
38,375,50,0,0.04,-1.00
38,376,50,0,0.00,-1.00
38,377,50,0,0.04,-1.00
38,378,50,0,0.02,-1.00
38,379,50,0,0.02,-1.00
38,380,50,0,0.00,-1.00
38,381,50,0,0.00,-1.00
38,382,50,0,0.00,-1.00
38,383,50,0,0.00,-1.00
38,384,50,0,0.00,-1.00
38,385,50,0,0.00,-1.00
38,386,50,0,0.00,-1.00
38,387,50,0,0.00,-1.00
38,388,50,0,0.00,-1.00
38,389,50,0,0.04,-1.00
38,390,50,0,0.04,-1.00
38,391,50,0,0.02,-1.00
38,392,50,0,0.08,-1.00
38,393,50,0,0.08,-1.00
38,394,50,0,0.04,-1.00
38,395,50,0,0.02,-1.00
38,396,50,0,0.02,-1.00
38,397,50,0,0.02,-1.00
38,398,50,0,0.02,-1.00
38,399,50,0,0.06,-1.00
38,400,50,0,0.06,-1.00
38,401,50,0,0.10,-1.00
38,402,50,0,0.10,-1.00
38,403,50,0,0.18,-1.00
38,404,50,0,0.18,-1.00
38,405,50,0,0.22,-1.00
38,406,50,0,0.14,-1.00
38,407,50,0,0.14,-1.00
38,408,50,0,0.14,-1.00
38,409,50,0,0.24,-1.00
38,410,50,0,0.22,-1.00
38,411,50,0,0.20,-1.00
38,412,50,0,0.18,-1.00
38,413,50,0,0.22,-1.00
38,414,50,0,0.18,-1.00
38,415,50,0,0.12,-1.00
38,416,50,0,0.12,-1.00
38,417,50,0,0.18,-1.00
38,418,50,0,0.22,-1.00
38,419,50,0,0.12,-1.00
38,420,50,0,0.10,-1.00
38,421,50,0,0.06,-1.00
38,422,50,0,0.12,-1.00
38,423,50,0,0.08,-1.00
38,424,50,0,0.12,-1.00
38,425,50,0,0.16,-1.00
38,426,50,0,0.22,-1.00
38,427,50,0,0.18,-1.00
38,428,50,0,0.32,-1.00
38,429,50,0,0.24,-1.00
38,430,50,0,0.12,-1.00
38,431,50,0,0.10,-1.00
38,432,50,0,0.08,-1.00
38,433,50,0,0.02,-1.00
38,434,50,0,0.06,-1.00
38,435,50,0,0.02,-1.00
38,436,50,0,0.00,-1.00
38,437,50,0,0.00,-1.00
38,438,50,0,0.00,-1.00
38,439,50,0,0.00,-1.00
38,440,50,0,0.00,-1.00
38,441,50,0,0.00,-1.00
38,442,50,0,0.10,-1.00
38,443,50,0,0.08,-1.00
38,444,50,0,0.08,-1.00
38,445,50,0,0.08,-1.00
38,446,50,0,0.06,-1.00
38,447,50,0,0.14,-1.00
38,448,50,0,0.16,-1.00
38,449,50,0,0.18,-1.00
38,450,50,0,0.16,-1.00
38,451,50,0,0.20,-1.00
38,452,50,0,0.14,-1.00
38,453,50,0,0.20,-1.00
38,454,50,0,0.14,-1.00
38,455,50,0,0.10,-1.00
38,456,50,0,0.04,-1.00
38,457,50,0,0.06,-1.00
38,458,50,0,0.08,-1.00
38,459,50,0,0.06,-1.00
38,460,50,0,0.06,-1.00
38,461,50,0,0.06,-1.00
38,462,50,0,0.06,-1.00
38,463,50,0,0.04,-1.00
38,464,50,0,0.04,-1.00
38,465,50,0,0.00,-1.00
38,466,50,0,0.00,-1.00
38,467,50,0,0.04,-1.00
38,468,50,0,0.04,-1.00
38,469,50,0,0.06,-1.00
38,470,50,0,0.06,-1.00
38,471,50,0,0.04,-1.00
38,472,50,0,0.08,-1.00
38,473,50,0,0.10,-1.00
38,474,50,0,0.06,-1.00
38,475,50,0,0.04,-1.00
38,476,50,0,0.10,-1.00
38,477,50,0,0.12,-1.00
38,478,50,0,0.20,-1.00
38,479,50,0,0.16,-1.00
38,480,50,0,0.20,-1.00
38,481,50,0,0.24,-1.00
38,482,50,0,0.18,-1.00
38,483,50,0,0.06,-1.00
38,484,50,0,0.04,-1.00
38,485,50,0,0.04,-1.00
38,486,50,0,0.06,-1.00
38,487,50,0,0.12,-1.00
38,488,50,0,0.14,-1.00
38,489,50,0,0.10,-1.00
38,490,50,0,0.06,-1.00
38,491,50,0,0.04,-1.00
38,492,50,0,0.04,-1.00
38,493,50,0,0.04,-1.00
38,494,50,0,0.02,-1.00
38,495,50,0,0.04,-1.00
38,496,50,0,0.08,-1.00
38,497,50,0,0.02,-1.00
38,498,50,0,0.02,-1.00
38,499,50,0,0.02,-1.00
38,500,50,0,0.06,-1.00
39,1,50,0,0.06,-1.00
39,2,50,0,0.08,-1.00
39,3,50,0,0.16,-1.00
39,4,50,0,0.20,-1.00
39,5,50,0,0.30,-1.00
39,6,50,0,0.26,-1.00
39,7,50,0,0.32,-1.00
39,8,50,0,0.44,-1.00
39,9,50,0,0.46,-1.00
39,10,50,0,0.44,-1.00
39,11,50,0,0.26,-1.00
39,12,50,0,0.18,-1.00
39,13,50,0,0.18,-1.00
39,14,50,0,0.18,-1.00
39,15,50,0,0.12,-1.00
39,16,50,0,0.10,-1.00
39,17,50,0,0.10,-1.00
39,18,50,0,0.12,-1.00
39,19,50,0,0.16,-1.00
39,20,50,0,0.18,-1.00
39,21,50,0,0.20,-1.00
39,22,50,0,0.24,-1.00
39,23,50,0,0.36,-1.00
39,24,50,0,0.30,-1.00
39,25,50,0,0.40,-1.00
39,26,50,0,0.36,-1.00
39,27,50,0,0.28,-1.00
39,28,50,0,0.26,-1.00
39,29,50,0,0.14,-1.00
39,30,50,0,0.08,-1.00
39,31,50,0,0.06,-1.00
39,32,50,0,0.02,-1.00
39,33,50,0,0.06,-1.00
39,34,50,0,0.04,-1.00
39,35,50,0,0.12,-1.00
39,36,50,0,0.14,-1.00
39,37,50,0,0.20,-1.00
39,38,50,0,0.08,-1.00
39,39,50,0,0.06,-1.00
39,40,50,0,0.16,-1.00
39,41,50,0,0.22,-1.00
39,42,50,0,0.32,-1.00
39,43,50,0,0.26,-1.00
39,44,50,0,0.22,-1.00
39,45,50,0,0.28,-1.00
39,46,50,0,0.42,-1.00
39,47,50,0,0.28,-1.00
39,48,50,0,0.28,-1.00
39,49,50,0,0.24,-1.00
39,50,50,0,0.24,-1.00
39,51,50,0,0.24,-1.00
39,52,50,0,0.22,-1.00
39,53,50,0,0.18,-1.00
39,54,50,0,0.10,-1.00
39,55,50,0,0.06,-1.00
39,56,50,0,0.02,-1.00
39,57,50,0,0.06,-1.00
39,58,50,0,0.06,-1.00
39,59,50,0,0.04,-1.00
39,60,50,0,0.12,-1.00
39,61,50,0,0.08,-1.00
39,62,50,0,0.08,-1.00
39,63,50,0,0.10,-1.00
39,64,50,0,0.14,-1.00
39,65,50,0,0.22,-1.00
39,66,50,0,0.20,-1.00
39,67,50,0,0.18,-1.00
39,68,50,0,0.20,-1.00
39,69,50,0,0.20,-1.00
39,70,50,0,0.14,-1.00
39,71,50,0,0.20,-1.00
39,72,50,0,0.08,-1.00
39,73,50,0,0.14,-1.00
39,74,50,0,0.02,-1.00
39,75,50,0,0.02,-1.00
39,76,50,0,0.02,-1.00
39,77,50,0,0.02,-1.00
39,78,50,0,0.04,-1.00
39,79,50,0,0.04,-1.00
39,80,50,0,0.06,-1.00
39,81,50,0,0.12,-1.00
39,82,50,0,0.12,-1.00
39,83,50,0,0.12,-1.00
39,84,50,0,0.22,-1.00
39,85,50,0,0.22,-1.00
39,86,50,0,0.22,-1.00
39,87,50,0,0.20,-1.00
39,88,50,0,0.12,-1.00
39,89,50,0,0.02,-1.00
39,90,50,0,0.02,-1.00
39,91,50,0,0.02,-1.00
39,92,50,0,0.02,-1.00
39,93,50,0,0.08,-1.00
39,94,50,0,0.16,-1.00
39,95,50,0,0.12,-1.00
39,96,50,0,0.12,-1.00
39,97,50,0,0.12,-1.00
39,98,50,0,0.10,-1.00
39,99,50,0,0.16,-1.00
39,100,50,0,0.28,-1.00
39,101,50,0,0.14,-1.00
39,102,50,0,0.10,-1.00
39,103,50,0,0.08,-1.00
39,104,50,0,0.16,-1.00
39,105,50,0,0.14,-1.00
39,106,50,0,0.18,-1.00
39,107,50,0,0.24,-1.00
39,108,50,0,0.26,-1.00
39,109,50,0,0.16,-1.00
39,110,50,0,0.14,-1.00
39,111,50,0,0.16,-1.00
39,112,50,0,0.20,-1.00
39,113,50,0,0.22,-1.00
39,114,50,0,0.18,-1.00
39,115,50,0,0.10,-1.00
39,116,50,0,0.02,-1.00
39,117,50,0,0.04,-1.00
39,118,50,0,0.04,-1.00
39,119,50,0,0.02,-1.00
39,120,50,0,0.04,-1.00
39,121,50,0,0.04,-1.00
39,122,50,0,0.08,-1.00
39,123,50,0,0.10,-1.00
39,124,50,0,0.10,-1.00
39,125,50,0,0.08,-1.00
39,126,50,0,0.06,-1.00
39,127,50,0,0.06,-1.00
39,128,50,0,0.00,-1.00
39,129,50,0,0.00,-1.00
39,130,50,0,0.00,-1.00
39,131,50,0,0.00,-1.00
39,132,50,0,0.00,-1.00
39,133,50,0,0.00,-1.00
39,134,50,0,0.00,-1.00
39,135,50,0,0.00,-1.00
39,136,50,0,0.00,-1.00
39,137,50,0,0.00,-1.00
39,138,50,0,0.00,-1.00
39,139,50,0,0.00,-1.00
39,140,50,0,0.00,-1.00
39,141,50,0,0.02,-1.00
39,142,50,0,0.00,-1.00
39,143,50,0,0.00,-1.00
39,144,50,0,0.00,-1.00
39,145,50,0,0.02,-1.00
39,146,50,0,0.02,-1.00
39,147,50,0,0.02,-1.00
39,148,50,0,0.00,-1.00
39,149,50,0,0.00,-1.00
39,150,50,0,0.00,-1.00
39,151,50,0,0.02,-1.00
39,152,50,0,0.02,-1.00
39,153,50,0,0.02,-1.00
39,154,50,0,0.02,-1.00
39,155,50,0,0.02,-1.00
39,156,50,0,0.02,-1.00
39,157,50,0,0.06,-1.00
39,158,50,0,0.12,-1.00
39,159,50,0,0.08,-1.00
39,160,50,0,0.06,-1.00
39,161,50,0,0.10,-1.00
39,162,50,0,0.04,-1.00
39,163,50,0,0.02,-1.00
39,164,50,0,0.00,-1.00
39,165,50,0,0.02,-1.00
39,166,50,0,0.02,-1.00
39,167,50,0,0.02,-1.00
39,168,50,0,0.02,-1.00
39,169,50,0,0.04,-1.00
39,170,50,0,0.02,-1.00
39,171,50,0,0.02,-1.00
39,172,50,0,0.08,-1.00
39,173,50,0,0.06,-1.00
39,174,50,0,0.12,-1.00
39,175,50,0,0.18,-1.00
39,176,50,0,0.24,-1.00
39,177,50,0,0.32,-1.00
39,178,50,0,0.24,-1.00
39,179,50,0,0.28,-1.00
39,180,50,0,0.32,-1.00
39,181,50,0,0.38,-1.00
39,182,50,0,0.34,-1.00
39,183,50,0,0.44,-1.00
39,184,50,0,0.42,-1.00
39,185,50,0,0.40,-1.00
39,186,50,0,0.42,-1.00
39,187,50,0,0.38,-1.00
39,188,50,0,0.28,-1.00
39,189,50,0,0.32,-1.00
39,190,50,0,0.22,-1.00
39,191,50,0,0.14,-1.00
39,192,50,0,0.10,-1.00
39,193,50,0,0.14,-1.00
39,194,50,0,0.16,-1.00
39,195,50,0,0.18,-1.00
39,196,50,0,0.16,-1.00
39,197,50,0,0.14,-1.00
39,198,50,0,0.18,-1.00
39,199,50,0,0.20,-1.00
39,200,50,0,0.12,-1.00
39,201,50,0,0.12,-1.00
39,202,50,0,0.28,-1.00
39,203,50,0,0.26,-1.00
39,204,50,0,0.18,-1.00
39,205,50,0,0.10,-1.00
39,206,50,0,0.12,-1.00
39,207,50,0,0.10,-1.00
39,208,50,0,0.08,-1.00
39,209,50,0,0.06,-1.00
39,210,50,0,0.02,-1.00
39,211,50,0,0.02,-1.00
39,212,50,0,0.04,-1.00
39,213,50,0,0.04,-1.00
39,214,50,0,0.08,-1.00
39,215,50,0,0.14,-1.00
39,216,50,0,0.16,-1.00
39,217,50,0,0.24,-1.00
39,218,50,0,0.26,-1.00
39,219,50,0,0.28,-1.00
39,220,50,0,0.26,-1.00
39,221,50,0,0.34,-1.00
39,222,50,0,0.22,-1.00
39,223,50,0,0.30,-1.00
39,224,50,0,0.32,-1.00
39,225,50,0,0.26,-1.00
39,226,50,0,0.26,-1.00
39,227,50,0,0.22,-1.00
39,228,50,0,0.22,-1.00
39,229,50,0,0.20,-1.00
39,230,50,0,0.18,-1.00
39,231,50,0,0.20,-1.00
39,232,50,0,0.26,-1.00
39,233,50,0,0.40,-1.00
39,234,50,0,0.36,-1.00
39,235,50,0,0.30,-1.00
39,236,50,0,0.28,-1.00
39,237,50,0,0.16,-1.00
39,238,50,0,0.10,-1.00
39,239,50,0,0.12,-1.00
39,240,50,0,0.10,-1.00
39,241,50,0,0.06,-1.00
39,242,50,0,0.12,-1.00
39,243,50,0,0.02,-1.00
39,244,50,0,0.00,-1.00
39,245,50,0,0.00,-1.00
39,246,50,0,0.00,-1.00
39,247,50,0,0.00,-1.00
39,248,50,0,0.02,-1.00
39,249,50,0,0.02,-1.00
39,250,50,0,0.00,-1.00
39,251,50,0,0.00,-1.00
39,252,50,0,0.00,-1.00
39,253,50,0,0.00,-1.00
39,254,50,0,0.00,-1.00
39,255,50,0,0.00,-1.00
39,256,50,0,0.04,-1.00
39,257,50,0,0.06,-1.00
39,258,50,0,0.06,-1.00
39,259,50,0,0.12,-1.00
39,260,50,0,0.08,-1.00
39,261,50,0,0.02,-1.00
39,262,50,0,0.00,-1.00
39,263,50,0,0.02,-1.00
39,264,50,0,0.02,-1.00
39,265,50,0,0.00,-1.00
39,266,50,0,0.00,-1.00
39,267,50,0,0.08,-1.00
39,268,50,0,0.06,-1.00
39,269,50,0,0.04,-1.00
39,270,50,0,0.00,-1.00
39,271,50,0,0.00,-1.00
39,272,50,0,0.00,-1.00
39,273,50,0,0.02,-1.00
39,274,50,0,0.04,-1.00
39,275,50,0,0.06,-1.00
39,276,50,0,0.02,-1.00
39,277,50,0,0.04,-1.00
39,278,50,0,0.04,-1.00
39,279,50,0,0.02,-1.00
39,280,50,0,0.08,-1.00
39,281,50,0,0.18,-1.00
39,282,50,0,0.12,-1.00
39,283,50,0,0.10,-1.00
39,284,50,0,0.12,-1.00
39,285,50,0,0.14,-1.00
39,286,50,0,0.18,-1.00
39,287,50,0,0.18,-1.00
39,288,50,0,0.26,-1.00
39,289,50,0,0.34,-1.00
39,290,50,0,0.22,-1.00
39,291,50,0,0.06,-1.00
39,292,50,0,0.10,-1.00
39,293,50,0,0.16,-1.00
39,294,50,0,0.20,-1.00
39,295,50,0,0.22,-1.00
39,296,50,0,0.22,-1.00
39,297,50,0,0.12,-1.00
39,298,50,0,0.14,-1.00
39,299,50,0,0.12,-1.00
39,300,50,0,0.10,-1.00
39,301,50,0,0.12,-1.00
39,302,50,0,0.18,-1.00
39,303,50,0,0.20,-1.00
39,304,50,0,0.28,-1.00
39,305,50,0,0.16,-1.00
39,306,50,0,0.16,-1.00
39,307,50,0,0.14,-1.00
39,308,50,0,0.10,-1.00
39,309,50,0,0.04,-1.00
39,310,50,0,0.04,-1.00
39,311,50,0,0.04,-1.00
39,312,50,0,0.04,-1.00
39,313,50,0,0.02,-1.00
39,314,50,0,0.00,-1.00
39,315,50,0,0.00,-1.00
39,316,50,0,0.00,-1.00
39,317,50,0,0.00,-1.00
39,318,50,0,0.00,-1.00
39,319,50,0,0.00,-1.00
39,320,50,0,0.00,-1.00
39,321,50,0,0.00,-1.00
39,322,50,0,0.00,-1.00
39,323,50,0,0.02,-1.00
39,324,50,0,0.06,-1.00
39,325,50,0,0.04,-1.00
39,326,50,0,0.02,-1.00
39,327,50,0,0.06,-1.00
39,328,50,0,0.14,-1.00
39,329,50,0,0.18,-1.00
39,330,50,0,0.26,-1.00
39,331,50,0,0.22,-1.00
39,332,50,0,0.20,-1.00
39,333,50,0,0.16,-1.00
39,334,50,0,0.14,-1.00
39,335,50,0,0.08,-1.00
39,336,50,0,0.04,-1.00
39,337,50,0,0.08,-1.00
39,338,50,0,0.10,-1.00
39,339,50,0,0.14,-1.00
39,340,50,0,0.18,-1.00
39,341,50,0,0.16,-1.00
39,342,50,0,0.12,-1.00
39,343,50,0,0.08,-1.00
39,344,50,0,0.08,-1.00
39,345,50,0,0.14,-1.00
39,346,50,0,0.14,-1.00
39,347,50,0,0.14,-1.00
39,348,50,0,0.06,-1.00
39,349,50,0,0.12,-1.00
39,350,50,0,0.12,-1.00
39,351,50,0,0.12,-1.00
39,352,50,0,0.16,-1.00
39,353,50,0,0.16,-1.00
39,354,50,0,0.16,-1.00
39,355,50,0,0.24,-1.00
39,356,50,0,0.20,-1.00
39,357,50,0,0.20,-1.00
39,358,50,0,0.20,-1.00
39,359,50,0,0.34,-1.00
39,360,50,0,0.34,-1.00
39,361,50,0,0.30,-1.00
39,362,50,0,0.28,-1.00
39,363,50,0,0.28,-1.00
39,364,50,0,0.26,-1.00
39,365,50,0,0.22,-1.00
39,366,50,0,0.26,-1.00
39,367,50,0,0.12,-1.00
39,368,50,0,0.12,-1.00
39,369,50,0,0.14,-1.00
39,370,50,0,0.14,-1.00
39,371,50,0,0.18,-1.00
39,372,50,0,0.22,-1.00
39,373,50,0,0.16,-1.00
39,374,50,0,0.18,-1.00
39,375,50,0,0.28,-1.00
39,376,50,0,0.24,-1.00
39,377,50,0,0.16,-1.00
39,378,50,0,0.06,-1.00
39,379,50,0,0.04,-1.00
39,380,50,0,0.08,-1.00
39,381,50,0,0.06,-1.00
39,382,50,0,0.06,-1.00
39,383,50,0,0.04,-1.00
39,384,50,0,0.04,-1.00
39,385,50,0,0.02,-1.00
39,386,50,0,0.02,-1.00
39,387,50,0,0.00,-1.00
39,388,50,0,0.00,-1.00
39,389,50,0,0.00,-1.00
39,390,50,0,0.04,-1.00
39,391,50,0,0.04,-1.00
39,392,50,0,0.06,-1.00
39,393,50,0,0.12,-1.00
39,394,50,0,0.10,-1.00
39,395,50,0,0.06,-1.00
39,396,50,0,0.02,-1.00
39,397,50,0,0.00,-1.00
39,398,50,0,0.00,-1.00
39,399,50,0,0.00,-1.00
39,400,50,0,0.00,-1.00
39,401,50,0,0.02,-1.00
39,402,50,0,0.02,-1.00
39,403,50,0,0.00,-1.00
39,404,50,0,0.00,-1.00
39,405,50,0,0.06,-1.00
39,406,50,0,0.04,-1.00
39,407,50,0,0.06,-1.00
39,408,50,0,0.10,-1.00
39,409,50,0,0.12,-1.00
39,410,50,0,0.14,-1.00
39,411,50,0,0.18,-1.00
39,412,50,0,0.08,-1.00
39,413,50,0,0.02,-1.00
39,414,50,0,0.04,-1.00
39,415,50,0,0.06,-1.00
39,416,50,0,0.10,-1.00
39,417,50,0,0.10,-1.00
39,418,50,0,0.10,-1.00
39,419,50,0,0.10,-1.00
39,420,50,0,0.12,-1.00
39,421,50,0,0.10,-1.00
39,422,50,0,0.14,-1.00
39,423,50,0,0.06,-1.00
39,424,50,0,0.06,-1.00
39,425,50,0,0.02,-1.00
39,426,50,0,0.00,-1.00
39,427,50,0,0.00,-1.00
39,428,50,0,0.00,-1.00
39,429,50,0,0.00,-1.00
39,430,50,0,0.00,-1.00
39,431,50,0,0.04,-1.00
39,432,50,0,0.00,-1.00
39,433,50,0,0.04,-1.00
39,434,50,0,0.06,-1.00
39,435,50,0,0.12,-1.00
39,436,50,0,0.08,-1.00
39,437,50,0,0.04,-1.00
39,438,50,0,0.06,-1.00
39,439,50,0,0.08,-1.00
39,440,50,0,0.02,-1.00
39,441,50,0,0.00,-1.00
39,442,50,0,0.06,-1.00
39,443,50,0,0.12,-1.00
39,444,50,0,0.14,-1.00
39,445,50,0,0.26,-1.00
39,446,50,0,0.18,-1.00
39,447,50,0,0.26,-1.00
39,448,50,0,0.12,-1.00
39,449,50,0,0.10,-1.00
39,450,50,0,0.06,-1.00
39,451,50,0,0.08,-1.00
39,452,50,0,0.10,-1.00
39,453,50,0,0.04,-1.00
39,454,50,0,0.02,-1.00
39,455,50,0,0.00,-1.00
39,456,50,0,0.04,-1.00
39,457,50,0,0.04,-1.00
39,458,50,0,0.02,-1.00
39,459,50,0,0.04,-1.00
39,460,50,0,0.08,-1.00
39,461,50,0,0.10,-1.00
39,462,50,0,0.10,-1.00
39,463,50,0,0.12,-1.00
39,464,50,0,0.12,-1.00
39,465,50,0,0.08,-1.00
39,466,50,0,0.18,-1.00
39,467,50,0,0.18,-1.00
39,468,50,0,0.16,-1.00
39,469,50,0,0.08,-1.00
39,470,50,0,0.08,-1.00
39,471,50,0,0.08,-1.00
39,472,50,0,0.10,-1.00
39,473,50,0,0.14,-1.00
39,474,50,0,0.16,-1.00
39,475,50,0,0.08,-1.00
39,476,50,0,0.06,-1.00
39,477,50,0,0.02,-1.00
39,478,50,0,0.06,-1.00
39,479,50,0,0.02,-1.00
39,480,50,0,0.02,-1.00
39,481,50,0,0.04,-1.00
39,482,50,0,0.04,-1.00
39,483,50,0,0.02,-1.00
39,484,50,0,0.00,-1.00
39,485,50,0,0.00,-1.00
39,486,50,0,0.00,-1.00
39,487,50,0,0.00,-1.00
39,488,50,0,0.00,-1.00
39,489,50,0,0.00,-1.00
39,490,50,0,0.00,-1.00
39,491,50,0,0.00,-1.00
39,492,50,0,0.00,-1.00
39,493,50,0,0.00,-1.00
39,494,50,0,0.00,-1.00
39,495,50,0,0.02,-1.00
39,496,50,0,0.06,-1.00
39,497,50,0,0.06,-1.00
39,498,50,0,0.10,-1.00
39,499,50,0,0.06,-1.00
39,500,50,0,0.00,-1.00
40,1,50,0,0.00,-1.00
40,2,50,0,0.02,-1.00
40,3,50,0,0.02,-1.00
40,4,50,0,0.00,-1.00
40,5,50,0,0.00,-1.00
40,6,50,0,0.00,-1.00
40,7,50,0,0.00,-1.00
40,8,50,0,0.04,-1.00
40,9,50,0,0.00,-1.00
40,10,50,0,0.00,-1.00
40,11,50,0,0.00,-1.00
40,12,50,0,0.04,-1.00
40,13,50,0,0.06,-1.00
40,14,50,0,0.06,-1.00
40,15,50,0,0.10,-1.00
40,16,50,0,0.02,-1.00
40,17,50,0,0.02,-1.00
40,18,50,0,0.02,-1.00
40,19,50,0,0.02,-1.00
40,20,50,0,0.02,-1.00
40,21,50,0,0.08,-1.00
40,22,50,0,0.04,-1.00
40,23,50,0,0.06,-1.00
40,24,50,0,0.06,-1.00
40,25,50,0,0.10,-1.00
40,26,50,0,0.06,-1.00
40,27,50,0,0.12,-1.00
40,28,50,0,0.18,-1.00
40,29,50,0,0.08,-1.00
40,30,50,0,0.08,-1.00
40,31,50,0,0.08,-1.00
40,32,50,0,0.02,-1.00
40,33,50,0,0.04,-1.00
40,34,50,0,0.04,-1.00
40,35,50,0,0.04,-1.00
40,36,50,0,0.08,-1.00
40,37,50,0,0.08,-1.00
40,38,50,0,0.08,-1.00
40,39,50,0,0.10,-1.00
40,40,50,0,0.20,-1.00
40,41,50,0,0.08,-1.00
40,42,50,0,0.06,-1.00
40,43,50,0,0.02,-1.00
40,44,50,0,0.04,-1.00
40,45,50,0,0.00,-1.00
40,46,50,0,0.06,-1.00
40,47,50,0,0.04,-1.00
40,48,50,0,0.06,-1.00
40,49,50,0,0.08,-1.00
40,50,50,0,0.04,-1.00
40,51,50,0,0.00,-1.00
40,52,50,0,0.00,-1.00
40,53,50,0,0.00,-1.00
40,54,50,0,0.00,-1.00
40,55,50,0,0.00,-1.00
40,56,50,0,0.00,-1.00
40,57,50,0,0.00,-1.00
40,58,50,0,0.00,-1.00
40,59,50,0,0.00,-1.00
40,60,50,0,0.08,-1.00
40,61,50,0,0.10,-1.00
40,62,50,0,0.10,-1.00
40,63,50,0,0.16,-1.00
40,64,50,0,0.14,-1.00
40,65,50,0,0.20,-1.00
40,66,50,0,0.28,-1.00
40,67,50,0,0.24,-1.00
40,68,50,0,0.30,-1.00
40,69,50,0,0.34,-1.00
40,70,50,0,0.36,-1.00
40,71,50,0,0.38,-1.00
40,72,50,0,0.28,-1.00
40,73,50,0,0.30,-1.00
40,74,50,0,0.26,-1.00
40,75,50,0,0.10,-1.00
40,76,50,0,0.06,-1.00
40,77,50,0,0.08,-1.00
40,78,50,0,0.06,-1.00
40,79,50,0,0.04,-1.00
40,80,50,0,0.08,-1.00
40,81,50,0,0.10,-1.00
40,82,50,0,0.12,-1.00
40,83,50,0,0.12,-1.00
40,84,50,0,0.18,-1.00
40,85,50,0,0.20,-1.00
40,86,50,0,0.16,-1.00
40,87,50,0,0.16,-1.00
40,88,50,0,0.18,-1.00
40,89,50,0,0.10,-1.00
40,90,50,0,0.12,-1.00
40,91,50,0,0.16,-1.00
40,92,50,0,0.18,-1.00
40,93,50,0,0.18,-1.00
40,94,50,0,0.10,-1.00
40,95,50,0,0.08,-1.00
40,96,50,0,0.06,-1.00
40,97,50,0,0.10,-1.00
40,98,50,0,0.18,-1.00
40,99,50,0,0.12,-1.00
40,100,50,0,0.06,-1.00
40,101,50,0,0.08,-1.00
40,102,50,0,0.04,-1.00
40,103,50,0,0.02,-1.00
40,104,50,0,0.00,-1.00
40,105,50,0,0.00,-1.00
40,106,50,0,0.00,-1.00
40,107,50,0,0.00,-1.00
40,108,50,0,0.00,-1.00
40,109,50,0,0.00,-1.00
40,110,50,0,0.00,-1.00
40,111,50,0,0.00,-1.00
40,112,50,0,0.00,-1.00
40,113,50,0,0.00,-1.00
40,114,50,0,0.00,-1.00
40,115,50,0,0.00,-1.00
40,116,50,0,0.00,-1.00
40,117,50,0,0.02,-1.00
40,118,50,0,0.00,-1.00
40,119,50,0,0.00,-1.00
40,120,50,0,0.00,-1.00
40,121,50,0,0.00,-1.00
40,122,50,0,0.00,-1.00
40,123,50,0,0.00,-1.00
40,124,50,0,0.00,-1.00
40,125,50,0,0.06,-1.00
40,126,50,0,0.02,-1.00
40,127,50,0,0.02,-1.00
40,128,50,0,0.04,-1.00
40,129,50,0,0.00,-1.00
40,130,50,0,0.04,-1.00
40,131,50,0,0.02,-1.00
40,132,50,0,0.00,-1.00
40,133,50,0,0.00,-1.00
40,134,50,0,0.06,-1.00
40,135,50,0,0.04,-1.00
40,136,50,0,0.06,-1.00
40,137,50,0,0.04,-1.00
40,138,50,0,0.04,-1.00
40,139,50,0,0.00,-1.00
40,140,50,0,0.00,-1.00
40,141,50,0,0.04,-1.00
40,142,50,0,0.02,-1.00
40,143,50,0,0.04,-1.00
40,144,50,0,0.00,-1.00
40,145,50,0,0.00,-1.00
40,146,50,0,0.00,-1.00
40,147,50,0,0.04,-1.00
40,148,50,0,0.02,-1.00
40,149,50,0,0.00,-1.00
40,150,50,0,0.00,-1.00
40,151,50,0,0.02,-1.00
40,152,50,0,0.00,-1.00
40,153,50,0,0.00,-1.00
40,154,50,0,0.00,-1.00
40,155,50,0,0.00,-1.00
40,156,50,0,0.00,-1.00
40,157,50,0,0.00,-1.00
40,158,50,0,0.00,-1.00
40,159,50,0,0.06,-1.00
40,160,50,0,0.06,-1.00
40,161,50,0,0.08,-1.00
40,162,50,0,0.08,-1.00
40,163,50,0,0.12,-1.00
40,164,50,0,0.12,-1.00
40,165,50,0,0.10,-1.00
40,166,50,0,0.14,-1.00
40,167,50,0,0.12,-1.00
40,168,50,0,0.20,-1.00
40,169,50,0,0.16,-1.00
40,170,50,0,0.14,-1.00
40,171,50,0,0.12,-1.00
40,172,50,0,0.20,-1.00
40,173,50,0,0.14,-1.00
40,174,50,0,0.08,-1.00
40,175,50,0,0.14,-1.00
40,176,50,0,0.14,-1.00
40,177,50,0,0.20,-1.00
40,178,50,0,0.16,-1.00
40,179,50,0,0.14,-1.00
40,180,50,0,0.08,-1.00
40,181,50,0,0.02,-1.00
40,182,50,0,0.02,-1.00
40,183,50,0,0.00,-1.00
40,184,50,0,0.00,-1.00
40,185,50,0,0.00,-1.00
40,186,50,0,0.00,-1.00
40,187,50,0,0.00,-1.00
40,188,50,0,0.00,-1.00
40,189,50,0,0.00,-1.00
40,190,50,0,0.00,-1.00
40,191,50,0,0.00,-1.00
40,192,50,0,0.00,-1.00
40,193,50,0,0.00,-1.00
40,194,50,0,0.04,-1.00
40,195,50,0,0.06,-1.00
40,196,50,0,0.02,-1.00
40,197,50,0,0.02,-1.00
40,198,50,0,0.00,-1.00
40,199,50,0,0.00,-1.00
40,200,50,0,0.00,-1.00
40,201,50,0,0.02,-1.00
40,202,50,0,0.00,-1.00
40,203,50,0,0.00,-1.00
40,204,50,0,0.00,-1.00
40,205,50,0,0.04,-1.00
40,206,50,0,0.04,-1.00
40,207,50,0,0.06,-1.00
40,208,50,0,0.02,-1.00
40,209,50,0,0.02,-1.00
40,210,50,0,0.00,-1.00
40,211,50,0,0.00,-1.00
40,212,50,0,0.00,-1.00
40,213,50,0,0.00,-1.00
40,214,50,0,0.00,-1.00
40,215,50,0,0.08,-1.00
40,216,50,0,0.06,-1.00
40,217,50,0,0.08,-1.00
40,218,50,0,0.08,-1.00
40,219,50,0,0.14,-1.00
40,220,50,0,0.16,-1.00
40,221,50,0,0.14,-1.00
40,222,50,0,0.14,-1.00
40,223,50,0,0.12,-1.00
40,224,50,0,0.14,-1.00
40,225,50,0,0.12,-1.00
40,226,50,0,0.04,-1.00
40,227,50,0,0.00,-1.00
40,228,50,0,0.00,-1.00
40,229,50,0,0.00,-1.00
40,230,50,0,0.00,-1.00
40,231,50,0,0.02,-1.00
40,232,50,0,0.04,-1.00
40,233,50,0,0.16,-1.00
40,234,50,0,0.16,-1.00
40,235,50,0,0.14,-1.00
40,236,50,0,0.24,-1.00
40,237,50,0,0.14,-1.00
40,238,50,0,0.06,-1.00
40,239,50,0,0.08,-1.00
40,240,50,0,0.08,-1.00
40,241,50,0,0.12,-1.00
40,242,50,0,0.06,-1.00
40,243,50,0,0.08,-1.00
40,244,50,0,0.06,-1.00
40,245,50,0,0.18,-1.00
40,246,50,0,0.20,-1.00
40,247,50,0,0.18,-1.00
40,248,50,0,0.14,-1.00
40,249,50,0,0.06,-1.00
40,250,50,0,0.06,-1.00
40,251,50,0,0.08,-1.00
40,252,50,0,0.04,-1.00
40,253,50,0,0.02,-1.00
40,254,50,0,0.06,-1.00
40,255,50,0,0.04,-1.00
40,256,50,0,0.06,-1.00
40,257,50,0,0.02,-1.00
40,258,50,0,0.00,-1.00
40,259,50,0,0.00,-1.00
40,260,50,0,0.00,-1.00
40,261,50,0,0.04,-1.00
40,262,50,0,0.08,-1.00
40,263,50,0,0.06,-1.00
40,264,50,0,0.02,-1.00
40,265,50,0,0.02,-1.00
40,266,50,0,0.02,-1.00
40,267,50,0,0.00,-1.00
40,268,50,0,0.00,-1.00
40,269,50,0,0.00,-1.00
40,270,50,0,0.00,-1.00
40,271,50,0,0.00,-1.00
40,272,50,0,0.04,-1.00
40,273,50,0,0.06,-1.00
40,274,50,0,0.02,-1.00
40,275,50,0,0.06,-1.00
40,276,50,0,0.10,-1.00
40,277,50,0,0.06,-1.00
40,278,50,0,0.08,-1.00
40,279,50,0,0.10,-1.00
40,280,50,0,0.06,-1.00
40,281,50,0,0.08,-1.00
40,282,50,0,0.06,-1.00
40,283,50,0,0.10,-1.00
40,284,50,0,0.10,-1.00
40,285,50,0,0.16,-1.00
40,286,50,0,0.08,-1.00
40,287,50,0,0.08,-1.00
40,288,50,0,0.12,-1.00
40,289,50,0,0.16,-1.00
40,290,50,0,0.12,-1.00
40,291,50,0,0.18,-1.00
40,292,50,0,0.18,-1.00
40,293,50,0,0.18,-1.00
40,294,50,0,0.10,-1.00
40,295,50,0,0.10,-1.00
40,296,50,0,0.18,-1.00
40,297,50,0,0.22,-1.00
40,298,50,0,0.16,-1.00
40,299,50,0,0.20,-1.00
40,300,50,0,0.14,-1.00
40,301,50,0,0.12,-1.00
40,302,50,0,0.10,-1.00
40,303,50,0,0.14,-1.00
40,304,50,0,0.02,-1.00
40,305,50,0,0.02,-1.00
40,306,50,0,0.04,-1.00
40,307,50,0,0.06,-1.00
40,308,50,0,0.12,-1.00
40,309,50,0,0.04,-1.00
40,310,50,0,0.02,-1.00
40,311,50,0,0.00,-1.00
40,312,50,0,0.00,-1.00
40,313,50,0,0.00,-1.00
40,314,50,0,0.02,-1.00
40,315,50,0,0.04,-1.00
40,316,50,0,0.04,-1.00
40,317,50,0,0.06,-1.00
40,318,50,0,0.10,-1.00
40,319,50,0,0.14,-1.00
40,320,50,0,0.10,-1.00
40,321,50,0,0.08,-1.00
40,322,50,0,0.06,-1.00
40,323,50,0,0.02,-1.00
40,324,50,0,0.00,-1.00
40,325,50,0,0.00,-1.00
40,326,50,0,0.00,-1.00
40,327,50,0,0.00,-1.00
40,328,50,0,0.00,-1.00
40,329,50,0,0.00,-1.00
40,330,50,0,0.00,-1.00
40,331,50,0,0.00,-1.00
40,332,50,0,0.02,-1.00
40,333,50,0,0.02,-1.00
40,334,50,0,0.00,-1.00
40,335,50,0,0.06,-1.00
40,336,50,0,0.06,-1.00
40,337,50,0,0.02,-1.00
40,338,50,0,0.02,-1.00
40,339,50,0,0.02,-1.00
40,340,50,0,0.02,-1.00
40,341,50,0,0.06,-1.00
40,342,50,0,0.06,-1.00
40,343,50,0,0.02,-1.00
40,344,50,0,0.02,-1.00
40,345,50,0,0.02,-1.00
40,346,50,0,0.04,-1.00
40,347,50,0,0.04,-1.00
40,348,50,0,0.02,-1.00
40,349,50,0,0.02,-1.00
40,350,50,0,0.02,-1.00
40,351,50,0,0.06,-1.00
40,352,50,0,0.08,-1.00
40,353,50,0,0.14,-1.00
40,354,50,0,0.06,-1.00
40,355,50,0,0.04,-1.00
40,356,50,0,0.10,-1.00
40,357,50,0,0.06,-1.00
40,358,50,0,0.06,-1.00
40,359,50,0,0.04,-1.00
40,360,50,0,0.02,-1.00
40,361,50,0,0.02,-1.00
40,362,50,0,0.00,-1.00
40,363,50,0,0.00,-1.00
40,364,50,0,0.00,-1.00
40,365,50,0,0.00,-1.00
40,366,50,0,0.00,-1.00
40,367,50,0,0.00,-1.00
40,368,50,0,0.00,-1.00
40,369,50,0,0.00,-1.00
40,370,50,0,0.02,-1.00
40,371,50,0,0.04,-1.00
40,372,50,0,0.00,-1.00
40,373,50,0,0.00,-1.00
40,374,50,0,0.00,-1.00
40,375,50,0,0.00,-1.00
40,376,50,0,0.00,-1.00
40,377,50,0,0.00,-1.00
40,378,50,0,0.00,-1.00
40,379,50,0,0.06,-1.00
40,380,50,0,0.02,-1.00
40,381,50,0,0.00,-1.00
40,382,50,0,0.04,-1.00
40,383,50,0,0.02,-1.00
40,384,50,0,0.02,-1.00
40,385,50,0,0.06,-1.00
40,386,50,0,0.12,-1.00
40,387,50,0,0.22,-1.00
40,388,50,0,0.16,-1.00
40,389,50,0,0.16,-1.00
40,390,50,0,0.18,-1.00
40,391,50,0,0.20,-1.00
40,392,50,0,0.20,-1.00
40,393,50,0,0.24,-1.00
40,394,50,0,0.20,-1.00
40,395,50,0,0.20,-1.00
40,396,50,0,0.16,-1.00
40,397,50,0,0.08,-1.00
40,398,50,0,0.10,-1.00
40,399,50,0,0.04,-1.00
40,400,50,0,0.04,-1.00
40,401,50,0,0.06,-1.00
40,402,50,0,0.06,-1.00
40,403,50,0,0.02,-1.00
40,404,50,0,0.00,-1.00
40,405,50,0,0.06,-1.00
40,406,50,0,0.08,-1.00
40,407,50,0,0.10,-1.00
40,408,50,0,0.08,-1.00
40,409,50,0,0.14,-1.00
40,410,50,0,0.22,-1.00
40,411,50,0,0.28,-1.00
40,412,50,0,0.20,-1.00
40,413,50,0,0.12,-1.00
40,414,50,0,0.02,-1.00
40,415,50,0,0.02,-1.00
40,416,50,0,0.04,-1.00
40,417,50,0,0.10,-1.00
40,418,50,0,0.08,-1.00
40,419,50,0,0.04,-1.00
40,420,50,0,0.06,-1.00
40,421,50,0,0.00,-1.00
40,422,50,0,0.00,-1.00
40,423,50,0,0.00,-1.00
40,424,50,0,0.00,-1.00
40,425,50,0,0.00,-1.00
40,426,50,0,0.00,-1.00
40,427,50,0,0.00,-1.00
40,428,50,0,0.00,-1.00
40,429,50,0,0.00,-1.00
40,430,50,0,0.00,-1.00
40,431,50,0,0.00,-1.00
40,432,50,0,0.02,-1.00
40,433,50,0,0.04,-1.00
40,434,50,0,0.00,-1.00
40,435,50,0,0.00,-1.00
40,436,50,0,0.10,-1.00
40,437,50,0,0.08,-1.00
40,438,50,0,0.04,-1.00
40,439,50,0,0.06,-1.00
40,440,50,0,0.02,-1.00
40,441,50,0,0.00,-1.00
40,442,50,0,0.00,-1.00
40,443,50,0,0.00,-1.00
40,444,50,0,0.00,-1.00
40,445,50,0,0.02,-1.00
40,446,50,0,0.14,-1.00
40,447,50,0,0.14,-1.00
40,448,50,0,0.10,-1.00
40,449,50,0,0.08,-1.00
40,450,50,0,0.10,-1.00
40,451,50,0,0.04,-1.00
40,452,50,0,0.08,-1.00
40,453,50,0,0.12,-1.00
40,454,50,0,0.12,-1.00
40,455,50,0,0.10,-1.00
40,456,50,0,0.04,-1.00
40,457,50,0,0.10,-1.00
40,458,50,0,0.06,-1.00
40,459,50,0,0.04,-1.00
40,460,50,0,0.04,-1.00
40,461,50,0,0.02,-1.00
40,462,50,0,0.08,-1.00
40,463,50,0,0.06,-1.00
40,464,50,0,0.10,-1.00
40,465,50,0,0.10,-1.00
40,466,50,0,0.10,-1.00
40,467,50,0,0.18,-1.00
40,468,50,0,0.10,-1.00
40,469,50,0,0.20,-1.00
40,470,50,0,0.14,-1.00
40,471,50,0,0.32,-1.00
40,472,50,0,0.42,-1.00
40,473,50,0,0.28,-1.00
40,474,50,0,0.24,-1.00
40,475,50,0,0.16,-1.00
40,476,50,0,0.12,-1.00
40,477,50,0,0.10,-1.00
40,478,50,0,0.10,-1.00
40,479,50,0,0.20,-1.00
40,480,50,0,0.16,-1.00
40,481,50,0,0.16,-1.00
40,482,50,0,0.20,-1.00
40,483,50,0,0.14,-1.00
40,484,50,0,0.16,-1.00
40,485,50,0,0.12,-1.00
40,486,50,0,0.08,-1.00
40,487,50,0,0.12,-1.00
40,488,50,0,0.08,-1.00
40,489,50,0,0.12,-1.00
40,490,50,0,0.10,-1.00
40,491,50,0,0.08,-1.00
40,492,50,0,0.14,-1.00
40,493,50,0,0.06,-1.00
40,494,50,0,0.08,-1.00
40,495,50,0,0.14,-1.00
40,496,50,0,0.08,-1.00
40,497,50,0,0.10,-1.00
40,498,50,0,0.06,-1.00
40,499,50,0,0.08,-1.00
40,500,50,0,0.02,-1.00
41,1,50,0,0.00,-1.00
41,2,50,0,0.00,-1.00
41,3,50,0,0.00,-1.00
41,4,50,0,0.00,-1.00
41,5,50,0,0.04,-1.00
41,6,50,0,0.06,-1.00
41,7,50,0,0.04,-1.00
41,8,50,0,0.02,-1.00
41,9,50,0,0.02,-1.00
41,10,50,0,0.02,-1.00
41,11,50,0,0.08,-1.00
41,12,50,0,0.10,-1.00
41,13,50,0,0.04,-1.00
41,14,50,0,0.02,-1.00
41,15,50,0,0.02,-1.00
41,16,50,0,0.04,-1.00
41,17,50,0,0.04,-1.00
41,18,50,0,0.08,-1.00
41,19,50,0,0.12,-1.00
41,20,50,0,0.08,-1.00
41,21,50,0,0.08,-1.00
41,22,50,0,0.06,-1.00
41,23,50,0,0.10,-1.00
41,24,50,0,0.14,-1.00
41,25,50,0,0.12,-1.00
41,26,50,0,0.10,-1.00
41,27,50,0,0.16,-1.00
41,28,50,0,0.22,-1.00
41,29,50,0,0.10,-1.00
41,30,50,0,0.08,-1.00
41,31,50,0,0.10,-1.00
41,32,50,0,0.10,-1.00
41,33,50,0,0.08,-1.00
41,34,50,0,0.06,-1.00
41,35,50,0,0.06,-1.00
41,36,50,0,0.00,-1.00
41,37,50,0,0.02,-1.00
41,38,50,0,0.04,-1.00
41,39,50,0,0.06,-1.00
41,40,50,0,0.00,-1.00
41,41,50,0,0.00,-1.00
41,42,50,0,0.00,-1.00
41,43,50,0,0.04,-1.00
41,44,50,0,0.06,-1.00
41,45,50,0,0.06,-1.00
41,46,50,0,0.02,-1.00
41,47,50,0,0.02,-1.00
41,48,50,0,0.00,-1.00
41,49,50,0,0.02,-1.00
41,50,50,0,0.04,-1.00
41,51,50,0,0.06,-1.00
41,52,50,0,0.08,-1.00
41,53,50,0,0.06,-1.00
41,54,50,0,0.10,-1.00
41,55,50,0,0.06,-1.00
41,56,50,0,0.08,-1.00
41,57,50,0,0.08,-1.00
41,58,50,0,0.06,-1.00
41,59,50,0,0.04,-1.00
41,60,50,0,0.04,-1.00
41,61,50,0,0.08,-1.00
41,62,50,0,0.04,-1.00
41,63,50,0,0.02,-1.00
41,64,50,0,0.02,-1.00
41,65,50,0,0.04,-1.00
41,66,50,0,0.04,-1.00
41,67,50,0,0.00,-1.00
41,68,50,0,0.00,-1.00
41,69,50,0,0.00,-1.00
41,70,50,0,0.00,-1.00
41,71,50,0,0.00,-1.00
41,72,50,0,0.00,-1.00
41,73,50,0,0.00,-1.00
41,74,50,0,0.00,-1.00
41,75,50,0,0.00,-1.00
41,76,50,0,0.02,-1.00
41,77,50,0,0.04,-1.00
41,78,50,0,0.02,-1.00
41,79,50,0,0.00,-1.00
41,80,50,0,0.00,-1.00
41,81,50,0,0.00,-1.00
41,82,50,0,0.00,-1.00
41,83,50,0,0.00,-1.00
41,84,50,0,0.00,-1.00
41,85,50,0,0.00,-1.00
41,86,50,0,0.00,-1.00
41,87,50,0,0.00,-1.00
41,88,50,0,0.00,-1.00
41,89,50,0,0.00,-1.00
41,90,50,0,0.04,-1.00
41,91,50,0,0.04,-1.00
41,92,50,0,0.08,-1.00
41,93,50,0,0.06,-1.00
41,94,50,0,0.10,-1.00
41,95,50,0,0.04,-1.00
41,96,50,0,0.02,-1.00
41,97,50,0,0.02,-1.00
41,98,50,0,0.02,-1.00
41,99,50,0,0.02,-1.00
41,100,50,0,0.00,-1.00
41,101,50,0,0.00,-1.00
41,102,50,0,0.00,-1.00
41,103,50,0,0.00,-1.00
41,104,50,0,0.00,-1.00
41,105,50,0,0.02,-1.00
41,106,50,0,0.00,-1.00
41,107,50,0,0.00,-1.00
41,108,50,0,0.04,-1.00
41,109,50,0,0.04,-1.00
41,110,50,0,0.00,-1.00
41,111,50,0,0.00,-1.00
41,112,50,0,0.00,-1.00
41,113,50,0,0.00,-1.00
41,114,50,0,0.00,-1.00
41,115,50,0,0.06,-1.00
41,116,50,0,0.04,-1.00
41,117,50,0,0.00,-1.00
41,118,50,0,0.02,-1.00
41,119,50,0,0.08,-1.00
41,120,50,0,0.08,-1.00
41,121,50,0,0.06,-1.00
41,122,50,0,0.04,-1.00
41,123,50,0,0.10,-1.00
41,124,50,0,0.10,-1.00
41,125,50,0,0.04,-1.00
41,126,50,0,0.06,-1.00
41,127,50,0,0.04,-1.00
41,128,50,0,0.02,-1.00
41,129,50,0,0.00,-1.00
41,130,50,0,0.06,-1.00
41,131,50,0,0.06,-1.00
41,132,50,0,0.06,-1.00
41,133,50,0,0.00,-1.00
41,134,50,0,0.00,-1.00
41,135,50,0,0.00,-1.00
41,136,50,0,0.02,-1.00
41,137,50,0,0.04,-1.00
41,138,50,0,0.02,-1.00
41,139,50,0,0.00,-1.00
41,140,50,0,0.00,-1.00
41,141,50,0,0.04,-1.00
41,142,50,0,0.06,-1.00
41,143,50,0,0.04,-1.00
41,144,50,0,0.06,-1.00
41,145,50,0,0.08,-1.00
41,146,50,0,0.14,-1.00
41,147,50,0,0.06,-1.00
41,148,50,0,0.04,-1.00
41,149,50,0,0.02,-1.00
41,150,50,0,0.04,-1.00
41,151,50,0,0.12,-1.00
41,152,50,0,0.12,-1.00
41,153,50,0,0.14,-1.00
41,154,50,0,0.12,-1.00
41,155,50,0,0.16,-1.00
41,156,50,0,0.18,-1.00
41,157,50,0,0.20,-1.00
41,158,50,0,0.14,-1.00
41,159,50,0,0.12,-1.00
41,160,50,0,0.08,-1.00
41,161,50,0,0.06,-1.00
41,162,50,0,0.04,-1.00
41,163,50,0,0.04,-1.00
41,164,50,0,0.08,-1.00
41,165,50,0,0.04,-1.00
41,166,50,0,0.06,-1.00
41,167,50,0,0.04,-1.00
41,168,50,0,0.04,-1.00
41,169,50,0,0.04,-1.00
41,170,50,0,0.02,-1.00
41,171,50,0,0.04,-1.00
41,172,50,0,0.02,-1.00
41,173,50,0,0.02,-1.00
41,174,50,0,0.06,-1.00
41,175,50,0,0.02,-1.00
41,176,50,0,0.02,-1.00
41,177,50,0,0.02,-1.00
41,178,50,0,0.02,-1.00
41,179,50,0,0.02,-1.00
41,180,50,0,0.02,-1.00
41,181,50,0,0.00,-1.00
41,182,50,0,0.00,-1.00
41,183,50,0,0.00,-1.00
41,184,50,0,0.06,-1.00
41,185,50,0,0.04,-1.00
41,186,50,0,0.04,-1.00
41,187,50,0,0.08,-1.00
41,188,50,0,0.06,-1.00
41,189,50,0,0.06,-1.00
41,190,50,0,0.02,-1.00
41,191,50,0,0.04,-1.00
41,192,50,0,0.06,-1.00
41,193,50,0,0.00,-1.00
41,194,50,0,0.04,-1.00
41,195,50,0,0.04,-1.00
41,196,50,0,0.04,-1.00
41,197,50,0,0.06,-1.00
41,198,50,0,0.02,-1.00
41,199,50,0,0.02,-1.00
41,200,50,0,0.00,-1.00
41,201,50,0,0.00,-1.00
41,202,50,0,0.00,-1.00
41,203,50,0,0.00,-1.00
41,204,50,0,0.00,-1.00
41,205,50,0,0.00,-1.00
41,206,50,0,0.00,-1.00
41,207,50,0,0.00,-1.00
41,208,50,0,0.00,-1.00
41,209,50,0,0.00,-1.00
41,210,50,0,0.00,-1.00
41,211,50,0,0.04,-1.00
41,212,50,0,0.06,-1.00
41,213,50,0,0.06,-1.00
41,214,50,0,0.08,-1.00
41,215,50,0,0.06,-1.00
41,216,50,0,0.06,-1.00
41,217,50,0,0.08,-1.00
41,218,50,0,0.02,-1.00
41,219,50,0,0.08,-1.00
41,220,50,0,0.12,-1.00
41,221,50,0,0.14,-1.00
41,222,50,0,0.14,-1.00
41,223,50,0,0.18,-1.00
41,224,50,0,0.18,-1.00
41,225,50,0,0.16,-1.00
41,226,50,0,0.20,-1.00
41,227,50,0,0.20,-1.00
41,228,50,0,0.32,-1.00
41,229,50,0,0.36,-1.00
41,230,50,0,0.32,-1.00
41,231,50,0,0.32,-1.00
41,232,50,0,0.34,-1.00
41,233,50,0,0.38,-1.00
41,234,50,0,0.34,-1.00
41,235,50,0,0.24,-1.00
41,236,50,0,0.22,-1.00
41,237,50,0,0.32,-1.00
41,238,50,0,0.28,-1.00
41,239,50,0,0.26,-1.00
41,240,50,0,0.22,-1.00
41,241,50,0,0.24,-1.00
41,242,50,0,0.20,-1.00
41,243,50,0,0.20,-1.00
41,244,50,0,0.10,-1.00
41,245,50,0,0.08,-1.00
41,246,50,0,0.06,-1.00
41,247,50,0,0.10,-1.00
41,248,50,0,0.08,-1.00
41,249,50,0,0.06,-1.00
41,250,50,0,0.10,-1.00
41,251,50,0,0.12,-1.00
41,252,50,0,0.10,-1.00
41,253,50,0,0.10,-1.00
41,254,50,0,0.06,-1.00
41,255,50,0,0.08,-1.00
41,256,50,0,0.10,-1.00
41,257,50,0,0.12,-1.00
41,258,50,0,0.18,-1.00
41,259,50,0,0.16,-1.00
41,260,50,0,0.08,-1.00
41,261,50,0,0.06,-1.00
41,262,50,0,0.04,-1.00
41,263,50,0,0.14,-1.00
41,264,50,0,0.14,-1.00
41,265,50,0,0.16,-1.00
41,266,50,0,0.16,-1.00
41,267,50,0,0.12,-1.00
41,268,50,0,0.10,-1.00
41,269,50,0,0.10,-1.00
41,270,50,0,0.02,-1.00
41,271,50,0,0.02,-1.00
41,272,50,0,0.12,-1.00
41,273,50,0,0.12,-1.00
41,274,50,0,0.16,-1.00
41,275,50,0,0.10,-1.00
41,276,50,0,0.10,-1.00
41,277,50,0,0.14,-1.00
41,278,50,0,0.08,-1.00
41,279,50,0,0.10,-1.00
41,280,50,0,0.16,-1.00
41,281,50,0,0.16,-1.00
41,282,50,0,0.24,-1.00
41,283,50,0,0.24,-1.00
41,284,50,0,0.28,-1.00
41,285,50,0,0.22,-1.00
41,286,50,0,0.26,-1.00
41,287,50,0,0.22,-1.00
41,288,50,0,0.28,-1.00
41,289,50,0,0.18,-1.00
41,290,50,0,0.16,-1.00
41,291,50,0,0.22,-1.00
41,292,50,0,0.14,-1.00
41,293,50,0,0.04,-1.00
41,294,50,0,0.12,-1.00
41,295,50,0,0.08,-1.00
41,296,50,0,0.02,-1.00
41,297,50,0,0.10,-1.00
41,298,50,0,0.12,-1.00
41,299,50,0,0.08,-1.00
41,300,50,0,0.06,-1.00
41,301,50,0,0.16,-1.00
41,302,50,0,0.12,-1.00
41,303,50,0,0.10,-1.00
41,304,50,0,0.04,-1.00
41,305,50,0,0.04,-1.00
41,306,50,0,0.00,-1.00
41,307,50,0,0.00,-1.00
41,308,50,0,0.00,-1.00
41,309,50,0,0.02,-1.00
41,310,50,0,0.02,-1.00
41,311,50,0,0.04,-1.00
41,312,50,0,0.04,-1.00
41,313,50,0,0.10,-1.00
41,314,50,0,0.14,-1.00
41,315,50,0,0.14,-1.00
41,316,50,0,0.12,-1.00
41,317,50,0,0.12,-1.00
41,318,50,0,0.06,-1.00
41,319,50,0,0.06,-1.00
41,320,50,0,0.12,-1.00
41,321,50,0,0.16,-1.00
41,322,50,0,0.12,-1.00
41,323,50,0,0.10,-1.00
41,324,50,0,0.12,-1.00
41,325,50,0,0.04,-1.00
41,326,50,0,0.00,-1.00
41,327,50,0,0.02,-1.00
41,328,50,0,0.08,-1.00
41,329,50,0,0.00,-1.00
41,330,50,0,0.00,-1.00
41,331,50,0,0.00,-1.00
41,332,50,0,0.00,-1.00
41,333,50,0,0.00,-1.00
41,334,50,0,0.00,-1.00
41,335,50,0,0.00,-1.00
41,336,50,0,0.00,-1.00
41,337,50,0,0.00,-1.00
41,338,50,0,0.06,-1.00
41,339,50,0,0.08,-1.00
41,340,50,0,0.14,-1.00
41,341,50,0,0.16,-1.00
41,342,50,0,0.10,-1.00
41,343,50,0,0.06,-1.00
41,344,50,0,0.00,-1.00
41,345,50,0,0.00,-1.00
41,346,50,0,0.06,-1.00
41,347,50,0,0.08,-1.00
41,348,50,0,0.06,-1.00
41,349,50,0,0.02,-1.00
41,350,50,0,0.06,-1.00
41,351,50,0,0.16,-1.00
41,352,50,0,0.22,-1.00
41,353,50,0,0.22,-1.00
41,354,50,0,0.24,-1.00
41,355,50,0,0.20,-1.00
41,356,50,0,0.18,-1.00
41,357,50,0,0.30,-1.00
41,358,50,0,0.42,-1.00
41,359,50,0,0.42,-1.00
41,360,50,0,0.38,-1.00
41,361,50,0,0.32,-1.00
41,362,50,0,0.26,-1.00
41,363,50,0,0.34,-1.00
41,364,50,0,0.34,-1.00
41,365,50,0,0.32,-1.00
41,366,50,0,0.28,-1.00
41,367,50,0,0.32,-1.00
41,368,50,0,0.34,-1.00
41,369,50,0,0.50,-1.00
41,370,50,0,0.58,-1.00
41,371,50,0,0.54,-1.00
41,372,50,0,0.64,-1.00
41,373,50,0,0.56,-1.00
41,374,50,0,0.50,-1.00
41,375,50,0,0.44,-1.00
41,376,50,0,0.40,-1.00
41,377,50,0,0.30,-1.00
41,378,50,0,0.26,-1.00
41,379,50,0,0.10,-1.00
41,380,50,0,0.06,-1.00
41,381,50,0,0.04,-1.00
41,382,50,0,0.02,-1.00
41,383,50,0,0.00,-1.00
41,384,50,0,0.02,-1.00
41,385,50,0,0.04,-1.00
41,386,50,0,0.10,-1.00
41,387,50,0,0.04,-1.00
41,388,50,0,0.02,-1.00
41,389,50,0,0.04,-1.00
41,390,50,0,0.00,-1.00
41,391,50,0,0.00,-1.00
41,392,50,0,0.00,-1.00
41,393,50,0,0.00,-1.00
41,394,50,0,0.00,-1.00
41,395,50,0,0.00,-1.00
41,396,50,0,0.00,-1.00
41,397,50,0,0.04,-1.00
41,398,50,0,0.04,-1.00
41,399,50,0,0.08,-1.00
41,400,50,0,0.06,-1.00
41,401,50,0,0.02,-1.00
41,402,50,0,0.00,-1.00
41,403,50,0,0.00,-1.00
41,404,50,0,0.00,-1.00
41,405,50,0,0.00,-1.00
41,406,50,0,0.00,-1.00
41,407,50,0,0.00,-1.00
41,408,50,0,0.00,-1.00
41,409,50,0,0.00,-1.00
41,410,50,0,0.00,-1.00
41,411,50,0,0.00,-1.00
41,412,50,0,0.00,-1.00
41,413,50,0,0.00,-1.00
41,414,50,0,0.00,-1.00
41,415,50,0,0.00,-1.00
41,416,50,0,0.02,-1.00
41,417,50,0,0.06,-1.00
41,418,50,0,0.06,-1.00
41,419,50,0,0.10,-1.00
41,420,50,0,0.24,-1.00
41,421,50,0,0.28,-1.00
41,422,50,0,0.34,-1.00
41,423,50,0,0.42,-1.00
41,424,50,0,0.48,-1.00
41,425,50,0,0.48,-1.00
41,426,50,0,0.42,-1.00
41,427,50,0,0.52,-1.00
41,428,50,0,0.62,-1.00
41,429,50,0,0.58,-1.00
41,430,50,0,0.60,-1.00
41,431,50,0,0.58,-1.00
41,432,50,0,0.52,-1.00
41,433,50,0,0.44,-1.00
41,434,50,0,0.52,-1.00
41,435,50,0,0.62,-1.00
41,436,50,0,0.62,-1.00
41,437,50,0,0.64,-1.00
41,438,50,0,0.58,-1.00
41,439,50,0,0.58,-1.00
41,440,50,0,0.62,-1.00
41,441,50,0,0.62,-1.00
41,442,50,0,0.62,-1.00
41,443,50,0,0.58,-1.00
41,444,50,0,0.40,-1.00
41,445,50,0,0.36,-1.00
41,446,50,0,0.34,-1.00
41,447,50,0,0.34,-1.00
41,448,50,0,0.38,-1.00
41,449,50,0,0.28,-1.00
41,450,50,0,0.30,-1.00
41,451,50,0,0.26,-1.00
41,452,50,0,0.36,-1.00
41,453,50,0,0.42,-1.00
41,454,50,0,0.26,-1.00
41,455,50,0,0.20,-1.00
41,456,50,0,0.16,-1.00
41,457,50,0,0.16,-1.00
41,458,50,0,0.14,-1.00
41,459,50,0,0.08,-1.00
41,460,50,0,0.06,-1.00
41,461,50,0,0.04,-1.00
41,462,50,0,0.04,-1.00
41,463,50,0,0.10,-1.00
41,464,50,0,0.10,-1.00
41,465,50,0,0.10,-1.00
41,466,50,0,0.08,-1.00
41,467,50,0,0.10,-1.00
41,468,50,0,0.14,-1.00
41,469,50,0,0.18,-1.00
41,470,50,0,0.12,-1.00
41,471,50,0,0.08,-1.00
41,472,50,0,0.06,-1.00
41,473,50,0,0.06,-1.00
41,474,50,0,0.06,-1.00
41,475,50,0,0.10,-1.00
41,476,50,0,0.08,-1.00
41,477,50,0,0.00,-1.00
41,478,50,0,0.00,-1.00
41,479,50,0,0.00,-1.00
41,480,50,0,0.00,-1.00
41,481,50,0,0.00,-1.00
41,482,50,0,0.00,-1.00
41,483,50,0,0.00,-1.00
41,484,50,0,0.00,-1.00
41,485,50,0,0.06,-1.00
41,486,50,0,0.06,-1.00
41,487,50,0,0.06,-1.00
41,488,50,0,0.08,-1.00
41,489,50,0,0.14,-1.00
41,490,50,0,0.12,-1.00
41,491,50,0,0.12,-1.00
41,492,50,0,0.16,-1.00
41,493,50,0,0.14,-1.00
41,494,50,0,0.16,-1.00
41,495,50,0,0.14,-1.00
41,496,50,0,0.10,-1.00
41,497,50,0,0.14,-1.00
41,498,50,0,0.08,-1.00
41,499,50,0,0.08,-1.00
41,500,50,0,0.08,-1.00
42,1,50,0,0.00,-1.00
42,2,50,0,0.00,-1.00
42,3,50,0,0.00,-1.00
42,4,50,0,0.00,-1.00
42,5,50,0,0.02,-1.00
42,6,50,0,0.04,-1.00
42,7,50,0,0.02,-1.00
42,8,50,0,0.00,-1.00
42,9,50,0,0.00,-1.00
42,10,50,0,0.02,-1.00
42,11,50,0,0.04,-1.00
42,12,50,0,0.02,-1.00
42,13,50,0,0.04,-1.00
42,14,50,0,0.06,-1.00
42,15,50,0,0.06,-1.00
42,16,50,0,0.08,-1.00
42,17,50,0,0.14,-1.00
42,18,50,0,0.02,-1.00
42,19,50,0,0.04,-1.00
42,20,50,0,0.02,-1.00
42,21,50,0,0.00,-1.00
42,22,50,0,0.02,-1.00
42,23,50,0,0.04,-1.00
42,24,50,0,0.06,-1.00
42,25,50,0,0.10,-1.00
42,26,50,0,0.04,-1.00
42,27,50,0,0.04,-1.00
42,28,50,0,0.08,-1.00
42,29,50,0,0.10,-1.00
42,30,50,0,0.06,-1.00
42,31,50,0,0.04,-1.00
42,32,50,0,0.04,-1.00
42,33,50,0,0.10,-1.00
42,34,50,0,0.14,-1.00
42,35,50,0,0.08,-1.00
42,36,50,0,0.06,-1.00
42,37,50,0,0.08,-1.00
42,38,50,0,0.12,-1.00
42,39,50,0,0.08,-1.00
42,40,50,0,0.12,-1.00
42,41,50,0,0.06,-1.00
42,42,50,0,0.06,-1.00
42,43,50,0,0.04,-1.00
42,44,50,0,0.04,-1.00
42,45,50,0,0.00,-1.00
42,46,50,0,0.00,-1.00
42,47,50,0,0.00,-1.00
42,48,50,0,0.00,-1.00
42,49,50,0,0.00,-1.00
42,50,50,0,0.00,-1.00
42,51,50,0,0.00,-1.00
42,52,50,0,0.00,-1.00
42,53,50,0,0.00,-1.00
42,54,50,0,0.00,-1.00
42,55,50,0,0.02,-1.00
42,56,50,0,0.04,-1.00
42,57,50,0,0.08,-1.00
42,58,50,0,0.10,-1.00
42,59,50,0,0.08,-1.00
42,60,50,0,0.02,-1.00
42,61,50,0,0.02,-1.00
42,62,50,0,0.02,-1.00
42,63,50,0,0.00,-1.00
42,64,50,0,0.00,-1.00
42,65,50,0,0.00,-1.00
42,66,50,0,0.00,-1.00
42,67,50,0,0.00,-1.00
42,68,50,0,0.02,-1.00
42,69,50,0,0.00,-1.00
42,70,50,0,0.00,-1.00
42,71,50,0,0.00,-1.00
42,72,50,0,0.00,-1.00
42,73,50,0,0.00,-1.00
42,74,50,0,0.00,-1.00
42,75,50,0,0.02,-1.00
42,76,50,0,0.00,-1.00
42,77,50,0,0.02,-1.00
42,78,50,0,0.04,-1.00
42,79,50,0,0.08,-1.00
42,80,50,0,0.08,-1.00
42,81,50,0,0.08,-1.00
42,82,50,0,0.06,-1.00
42,83,50,0,0.04,-1.00
42,84,50,0,0.14,-1.00
42,85,50,0,0.20,-1.00
42,86,50,0,0.22,-1.00
42,87,50,0,0.12,-1.00
42,88,50,0,0.14,-1.00
42,89,50,0,0.04,-1.00
42,90,50,0,0.02,-1.00
42,91,50,0,0.02,-1.00
42,92,50,0,0.02,-1.00
42,93,50,0,0.02,-1.00
42,94,50,0,0.06,-1.00
42,95,50,0,0.04,-1.00
42,96,50,0,0.00,-1.00
42,97,50,0,0.00,-1.00
42,98,50,0,0.00,-1.00
42,99,50,0,0.00,-1.00
42,100,50,0,0.00,-1.00
42,101,50,0,0.00,-1.00
42,102,50,0,0.00,-1.00
42,103,50,0,0.00,-1.00
42,104,50,0,0.00,-1.00
42,105,50,0,0.02,-1.00
42,106,50,0,0.00,-1.00
42,107,50,0,0.02,-1.00
42,108,50,0,0.04,-1.00
42,109,50,0,0.00,-1.00
42,110,50,0,0.00,-1.00
42,111,50,0,0.00,-1.00
42,112,50,0,0.00,-1.00
42,113,50,0,0.00,-1.00
42,114,50,0,0.00,-1.00
42,115,50,0,0.00,-1.00
42,116,50,0,0.00,-1.00
42,117,50,0,0.00,-1.00
42,118,50,0,0.00,-1.00
42,119,50,0,0.00,-1.00
42,120,50,0,0.00,-1.00
42,121,50,0,0.00,-1.00
42,122,50,0,0.00,-1.00
42,123,50,0,0.00,-1.00
42,124,50,0,0.02,-1.00
42,125,50,0,0.02,-1.00
42,126,50,0,0.06,-1.00
42,127,50,0,0.02,-1.00
42,128,50,0,0.06,-1.00
42,129,50,0,0.02,-1.00
42,130,50,0,0.02,-1.00
42,131,50,0,0.00,-1.00
42,132,50,0,0.02,-1.00
42,133,50,0,0.00,-1.00
42,134,50,0,0.00,-1.00
42,135,50,0,0.00,-1.00
42,136,50,0,0.00,-1.00
42,137,50,0,0.00,-1.00
42,138,50,0,0.08,-1.00
42,139,50,0,0.06,-1.00
42,140,50,0,0.04,-1.00
42,141,50,0,0.04,-1.00
42,142,50,0,0.06,-1.00
42,143,50,0,0.10,-1.00
42,144,50,0,0.06,-1.00
42,145,50,0,0.10,-1.00
42,146,50,0,0.08,-1.00
42,147,50,0,0.08,-1.00
42,148,50,0,0.06,-1.00
42,149,50,0,0.04,-1.00
42,150,50,0,0.10,-1.00
42,151,50,0,0.10,-1.00
42,152,50,0,0.14,-1.00
42,153,50,0,0.14,-1.00
42,154,50,0,0.14,-1.00
42,155,50,0,0.14,-1.00
42,156,50,0,0.14,-1.00
42,157,50,0,0.10,-1.00
42,158,50,0,0.10,-1.00
42,159,50,0,0.12,-1.00
42,160,50,0,0.16,-1.00
42,161,50,0,0.22,-1.00
42,162,50,0,0.18,-1.00
42,163,50,0,0.22,-1.00
42,164,50,0,0.18,-1.00
42,165,50,0,0.24,-1.00
42,166,50,0,0.18,-1.00
42,167,50,0,0.14,-1.00
42,168,50,0,0.10,-1.00
42,169,50,0,0.06,-1.00
42,170,50,0,0.02,-1.00
42,171,50,0,0.00,-1.00
42,172,50,0,0.00,-1.00
42,173,50,0,0.00,-1.00
42,174,50,0,0.00,-1.00
42,175,50,0,0.00,-1.00
42,176,50,0,0.00,-1.00
42,177,50,0,0.00,-1.00
42,178,50,0,0.00,-1.00
42,179,50,0,0.00,-1.00
42,180,50,0,0.00,-1.00
42,181,50,0,0.00,-1.00
42,182,50,0,0.00,-1.00
42,183,50,0,0.04,-1.00
42,184,50,0,0.04,-1.00
42,185,50,0,0.00,-1.00
42,186,50,0,0.00,-1.00
42,187,50,0,0.06,-1.00
42,188,50,0,0.08,-1.00
42,189,50,0,0.16,-1.00
42,190,50,0,0.16,-1.00
42,191,50,0,0.10,-1.00
42,192,50,0,0.10,-1.00
42,193,50,0,0.12,-1.00
42,194,50,0,0.08,-1.00
42,195,50,0,0.02,-1.00
42,196,50,0,0.02,-1.00
42,197,50,0,0.00,-1.00
42,198,50,0,0.08,-1.00
42,199,50,0,0.12,-1.00
42,200,50,0,0.12,-1.00
42,201,50,0,0.20,-1.00
42,202,50,0,0.12,-1.00
42,203,50,0,0.08,-1.00
42,204,50,0,0.06,-1.00
42,205,50,0,0.10,-1.00
42,206,50,0,0.02,-1.00
42,207,50,0,0.02,-1.00
42,208,50,0,0.02,-1.00
42,209,50,0,0.02,-1.00
42,210,50,0,0.00,-1.00
42,211,50,0,0.00,-1.00
42,212,50,0,0.00,-1.00
42,213,50,0,0.00,-1.00
42,214,50,0,0.00,-1.00
42,215,50,0,0.00,-1.00
42,216,50,0,0.00,-1.00
42,217,50,0,0.00,-1.00
42,218,50,0,0.00,-1.00
42,219,50,0,0.02,-1.00
42,220,50,0,0.06,-1.00
42,221,50,0,0.04,-1.00
42,222,50,0,0.04,-1.00
42,223,50,0,0.02,-1.00
42,224,50,0,0.02,-1.00
42,225,50,0,0.02,-1.00
42,226,50,0,0.06,-1.00
42,227,50,0,0.04,-1.00
42,228,50,0,0.02,-1.00
42,229,50,0,0.02,-1.00
42,230,50,0,0.04,-1.00
42,231,50,0,0.04,-1.00
42,232,50,0,0.06,-1.00
42,233,50,0,0.02,-1.00
42,234,50,0,0.04,-1.00
42,235,50,0,0.06,-1.00
42,236,50,0,0.02,-1.00
42,237,50,0,0.04,-1.00
42,238,50,0,0.02,-1.00
42,239,50,0,0.00,-1.00
42,240,50,0,0.00,-1.00
42,241,50,0,0.00,-1.00
42,242,50,0,0.00,-1.00
42,243,50,0,0.00,-1.00
42,244,50,0,0.00,-1.00
42,245,50,0,0.00,-1.00
42,246,50,0,0.06,-1.00
42,247,50,0,0.04,-1.00
42,248,50,0,0.00,-1.00
42,249,50,0,0.00,-1.00
42,250,50,0,0.04,-1.00
42,251,50,0,0.06,-1.00
42,252,50,0,0.08,-1.00
42,253,50,0,0.00,-1.00
42,254,50,0,0.00,-1.00
42,255,50,0,0.04,-1.00
42,256,50,0,0.06,-1.00
42,257,50,0,0.02,-1.00
42,258,50,0,0.00,-1.00
42,259,50,0,0.00,-1.00
42,260,50,0,0.00,-1.00
42,261,50,0,0.04,-1.00
42,262,50,0,0.02,-1.00
42,263,50,0,0.04,-1.00
42,264,50,0,0.06,-1.00
42,265,50,0,0.06,-1.00
42,266,50,0,0.08,-1.00
42,267,50,0,0.04,-1.00
42,268,50,0,0.06,-1.00
42,269,50,0,0.10,-1.00
42,270,50,0,0.08,-1.00
42,271,50,0,0.08,-1.00
42,272,50,0,0.06,-1.00
42,273,50,0,0.06,-1.00
42,274,50,0,0.04,-1.00
42,275,50,0,0.02,-1.00
42,276,50,0,0.04,-1.00
42,277,50,0,0.10,-1.00
42,278,50,0,0.10,-1.00
42,279,50,0,0.14,-1.00
42,280,50,0,0.16,-1.00
42,281,50,0,0.10,-1.00
42,282,50,0,0.16,-1.00
42,283,50,0,0.10,-1.00
42,284,50,0,0.10,-1.00
42,285,50,0,0.10,-1.00
42,286,50,0,0.10,-1.00
42,287,50,0,0.08,-1.00
42,288,50,0,0.08,-1.00
42,289,50,0,0.08,-1.00
42,290,50,0,0.04,-1.00
42,291,50,0,0.04,-1.00
42,292,50,0,0.06,-1.00
42,293,50,0,0.12,-1.00
42,294,50,0,0.24,-1.00
42,295,50,0,0.30,-1.00
42,296,50,0,0.34,-1.00
42,297,50,0,0.20,-1.00
42,298,50,0,0.14,-1.00
42,299,50,0,0.14,-1.00
42,300,50,0,0.14,-1.00
42,301,50,0,0.18,-1.00
42,302,50,0,0.20,-1.00
42,303,50,0,0.18,-1.00
42,304,50,0,0.20,-1.00
42,305,50,0,0.20,-1.00
42,306,50,0,0.18,-1.00
42,307,50,0,0.20,-1.00
42,308,50,0,0.10,-1.00
42,309,50,0,0.10,-1.00
42,310,50,0,0.12,-1.00
42,311,50,0,0.14,-1.00
42,312,50,0,0.16,-1.00
42,313,50,0,0.14,-1.00
42,314,50,0,0.10,-1.00
42,315,50,0,0.14,-1.00
42,316,50,0,0.06,-1.00
42,317,50,0,0.06,-1.00
42,318,50,0,0.06,-1.00
42,319,50,0,0.06,-1.00
42,320,50,0,0.12,-1.00
42,321,50,0,0.08,-1.00
42,322,50,0,0.06,-1.00
42,323,50,0,0.04,-1.00
42,324,50,0,0.04,-1.00
42,325,50,0,0.00,-1.00
42,326,50,0,0.02,-1.00
42,327,50,0,0.02,-1.00
42,328,50,0,0.00,-1.00
42,329,50,0,0.00,-1.00
42,330,50,0,0.04,-1.00
42,331,50,0,0.04,-1.00
42,332,50,0,0.10,-1.00
42,333,50,0,0.10,-1.00
42,334,50,0,0.08,-1.00
42,335,50,0,0.08,-1.00
42,336,50,0,0.08,-1.00
42,337,50,0,0.14,-1.00
42,338,50,0,0.06,-1.00
42,339,50,0,0.10,-1.00
42,340,50,0,0.04,-1.00
42,341,50,0,0.04,-1.00
42,342,50,0,0.00,-1.00
42,343,50,0,0.00,-1.00
42,344,50,0,0.00,-1.00
42,345,50,0,0.00,-1.00
42,346,50,0,0.02,-1.00
42,347,50,0,0.00,-1.00
42,348,50,0,0.00,-1.00
42,349,50,0,0.00,-1.00
42,350,50,0,0.00,-1.00
42,351,50,0,0.00,-1.00
42,352,50,0,0.02,-1.00
42,353,50,0,0.02,-1.00
42,354,50,0,0.02,-1.00
42,355,50,0,0.00,-1.00
42,356,50,0,0.00,-1.00
42,357,50,0,0.00,-1.00
42,358,50,0,0.00,-1.00
42,359,50,0,0.00,-1.00
42,360,50,0,0.02,-1.00
42,361,50,0,0.08,-1.00
42,362,50,0,0.02,-1.00
42,363,50,0,0.02,-1.00
42,364,50,0,0.08,-1.00
42,365,50,0,0.10,-1.00
42,366,50,0,0.04,-1.00
42,367,50,0,0.04,-1.00
42,368,50,0,0.08,-1.00
42,369,50,0,0.10,-1.00
42,370,50,0,0.12,-1.00
42,371,50,0,0.16,-1.00
42,372,50,0,0.12,-1.00
42,373,50,0,0.12,-1.00
42,374,50,0,0.04,-1.00
42,375,50,0,0.04,-1.00
42,376,50,0,0.04,-1.00
42,377,50,0,0.00,-1.00
42,378,50,0,0.00,-1.00
42,379,50,0,0.02,-1.00
42,380,50,0,0.00,-1.00
42,381,50,0,0.00,-1.00
42,382,50,0,0.02,-1.00
42,383,50,0,0.04,-1.00
42,384,50,0,0.04,-1.00
42,385,50,0,0.04,-1.00
42,386,50,0,0.00,-1.00
42,387,50,0,0.00,-1.00
42,388,50,0,0.02,-1.00
42,389,50,0,0.08,-1.00
42,390,50,0,0.16,-1.00
42,391,50,0,0.20,-1.00
42,392,50,0,0.10,-1.00
42,393,50,0,0.06,-1.00
42,394,50,0,0.04,-1.00
42,395,50,0,0.06,-1.00
42,396,50,0,0.06,-1.00
42,397,50,0,0.10,-1.00
42,398,50,0,0.10,-1.00
42,399,50,0,0.04,-1.00
42,400,50,0,0.10,-1.00
42,401,50,0,0.12,-1.00
42,402,50,0,0.04,-1.00
42,403,50,0,0.06,-1.00
42,404,50,0,0.04,-1.00
42,405,50,0,0.06,-1.00
42,406,50,0,0.08,-1.00
42,407,50,0,0.06,-1.00
42,408,50,0,0.00,-1.00
42,409,50,0,0.00,-1.00
42,410,50,0,0.06,-1.00
42,411,50,0,0.08,-1.00
42,412,50,0,0.06,-1.00
42,413,50,0,0.02,-1.00
42,414,50,0,0.04,-1.00
42,415,50,0,0.10,-1.00
42,416,50,0,0.12,-1.00
42,417,50,0,0.14,-1.00
42,418,50,0,0.18,-1.00
42,419,50,0,0.08,-1.00
42,420,50,0,0.00,-1.00
42,421,50,0,0.04,-1.00
42,422,50,0,0.00,-1.00
42,423,50,0,0.00,-1.00
42,424,50,0,0.02,-1.00
42,425,50,0,0.04,-1.00
42,426,50,0,0.00,-1.00
42,427,50,0,0.00,-1.00
42,428,50,0,0.00,-1.00
42,429,50,0,0.00,-1.00
42,430,50,0,0.00,-1.00
42,431,50,0,0.00,-1.00
42,432,50,0,0.00,-1.00
42,433,50,0,0.00,-1.00
42,434,50,0,0.00,-1.00
42,435,50,0,0.00,-1.00
42,436,50,0,0.00,-1.00
42,437,50,0,0.00,-1.00
42,438,50,0,0.00,-1.00
42,439,50,0,0.00,-1.00
42,440,50,0,0.00,-1.00
42,441,50,0,0.00,-1.00
42,442,50,0,0.00,-1.00
42,443,50,0,0.00,-1.00
42,444,50,0,0.00,-1.00
42,445,50,0,0.00,-1.00
42,446,50,0,0.00,-1.00
42,447,50,0,0.00,-1.00
42,448,50,0,0.00,-1.00
42,449,50,0,0.00,-1.00
42,450,50,0,0.00,-1.00
42,451,50,0,0.00,-1.00
42,452,50,0,0.08,-1.00
42,453,50,0,0.10,-1.00
42,454,50,0,0.10,-1.00
42,455,50,0,0.16,-1.00
42,456,50,0,0.18,-1.00
42,457,50,0,0.14,-1.00
42,458,50,0,0.16,-1.00
42,459,50,0,0.10,-1.00
42,460,50,0,0.06,-1.00
42,461,50,0,0.02,-1.00
42,462,50,0,0.00,-1.00
42,463,50,0,0.00,-1.00
42,464,50,0,0.06,-1.00
42,465,50,0,0.12,-1.00
42,466,50,0,0.14,-1.00
42,467,50,0,0.12,-1.00
42,468,50,0,0.08,-1.00
42,469,50,0,0.04,-1.00
42,470,50,0,0.04,-1.00
42,471,50,0,0.04,-1.00
42,472,50,0,0.04,-1.00
42,473,50,0,0.04,-1.00
42,474,50,0,0.08,-1.00
42,475,50,0,0.00,-1.00
42,476,50,0,0.00,-1.00
42,477,50,0,0.00,-1.00
42,478,50,0,0.00,-1.00
42,479,50,0,0.00,-1.00
42,480,50,0,0.04,-1.00
42,481,50,0,0.04,-1.00
42,482,50,0,0.02,-1.00
42,483,50,0,0.04,-1.00
42,484,50,0,0.02,-1.00
42,485,50,0,0.04,-1.00
42,486,50,0,0.10,-1.00
42,487,50,0,0.04,-1.00
42,488,50,0,0.02,-1.00
42,489,50,0,0.04,-1.00
42,490,50,0,0.00,-1.00
42,491,50,0,0.00,-1.00
42,492,50,0,0.00,-1.00
42,493,50,0,0.00,-1.00
42,494,50,0,0.00,-1.00
42,495,50,0,0.00,-1.00
42,496,50,0,0.00,-1.00
42,497,50,0,0.00,-1.00
42,498,50,0,0.04,-1.00
42,499,50,0,0.02,-1.00
42,500,50,0,0.04,-1.00
43,1,50,0,0.00,-1.00
43,2,50,0,0.00,-1.00
43,3,50,0,0.00,-1.00
43,4,50,0,0.00,-1.00
43,5,50,0,0.06,-1.00
43,6,50,0,0.02,-1.00
43,7,50,0,0.04,-1.00
43,8,50,0,0.02,-1.00
43,9,50,0,0.00,-1.00
43,10,50,0,0.00,-1.00
43,11,50,0,0.00,-1.00
43,12,50,0,0.00,-1.00
43,13,50,0,0.02,-1.00
43,14,50,0,0.06,-1.00
43,15,50,0,0.08,-1.00
43,16,50,0,0.12,-1.00
43,17,50,0,0.08,-1.00
43,18,50,0,0.12,-1.00
43,19,50,0,0.12,-1.00
43,20,50,0,0.16,-1.00
43,21,50,0,0.16,-1.00
43,22,50,0,0.08,-1.00
43,23,50,0,0.14,-1.00
43,24,50,0,0.08,-1.00
43,25,50,0,0.02,-1.00
43,26,50,0,0.00,-1.00
43,27,50,0,0.00,-1.00
43,28,50,0,0.00,-1.00
43,29,50,0,0.00,-1.00
43,30,50,0,0.02,-1.00
43,31,50,0,0.02,-1.00
43,32,50,0,0.04,-1.00
43,33,50,0,0.06,-1.00
43,34,50,0,0.04,-1.00
43,35,50,0,0.02,-1.00
43,36,50,0,0.04,-1.00
43,37,50,0,0.04,-1.00
43,38,50,0,0.00,-1.00
43,39,50,0,0.02,-1.00
43,40,50,0,0.06,-1.00
43,41,50,0,0.14,-1.00
43,42,50,0,0.08,-1.00
43,43,50,0,0.12,-1.00
43,44,50,0,0.18,-1.00
43,45,50,0,0.18,-1.00
43,46,50,0,0.26,-1.00
43,47,50,0,0.16,-1.00
43,48,50,0,0.24,-1.00
43,49,50,0,0.26,-1.00
43,50,50,0,0.30,-1.00
43,51,50,0,0.40,-1.00
43,52,50,0,0.40,-1.00
43,53,50,0,0.26,-1.00
43,54,50,0,0.46,-1.00
43,55,50,0,0.52,-1.00
43,56,50,0,0.36,-1.00
43,57,50,0,0.34,-1.00
43,58,50,0,0.38,-1.00
43,59,50,0,0.44,-1.00
43,60,50,0,0.30,-1.00
43,61,50,0,0.30,-1.00
43,62,50,0,0.26,-1.00
43,63,50,0,0.16,-1.00
43,64,50,0,0.20,-1.00
43,65,50,0,0.20,-1.00
43,66,50,0,0.26,-1.00
43,67,50,0,0.26,-1.00
43,68,50,0,0.30,-1.00
43,69,50,0,0.24,-1.00
43,70,50,0,0.18,-1.00
43,71,50,0,0.20,-1.00
43,72,50,0,0.24,-1.00
43,73,50,0,0.20,-1.00
43,74,50,0,0.24,-1.00
43,75,50,0,0.32,-1.00
43,76,50,0,0.30,-1.00
43,77,50,0,0.32,-1.00
43,78,50,0,0.22,-1.00
43,79,50,0,0.18,-1.00
43,80,50,0,0.18,-1.00
43,81,50,0,0.18,-1.00
43,82,50,0,0.24,-1.00
43,83,50,0,0.24,-1.00
43,84,50,0,0.20,-1.00
43,85,50,0,0.24,-1.00
43,86,50,0,0.20,-1.00
43,87,50,0,0.20,-1.00
43,88,50,0,0.24,-1.00
43,89,50,0,0.34,-1.00
43,90,50,0,0.38,-1.00
43,91,50,0,0.38,-1.00
43,92,50,0,0.38,-1.00
43,93,50,0,0.30,-1.00
43,94,50,0,0.26,-1.00
43,95,50,0,0.28,-1.00
43,96,50,0,0.34,-1.00
43,97,50,0,0.40,-1.00
43,98,50,0,0.42,-1.00
43,99,50,0,0.38,-1.00
43,100,50,0,0.34,-1.00
43,101,50,0,0.24,-1.00
43,102,50,0,0.24,-1.00
43,103,50,0,0.18,-1.00
43,104,50,0,0.10,-1.00
43,105,50,0,0.18,-1.00
43,106,50,0,0.30,-1.00
43,107,50,0,0.34,-1.00
43,108,50,0,0.24,-1.00
43,109,50,0,0.10,-1.00
43,110,50,0,0.14,-1.00
43,111,50,0,0.12,-1.00
43,112,50,0,0.08,-1.00
43,113,50,0,0.10,-1.00
43,114,50,0,0.18,-1.00
43,115,50,0,0.18,-1.00
43,116,50,0,0.26,-1.00
43,117,50,0,0.18,-1.00
43,118,50,0,0.16,-1.00
43,119,50,0,0.04,-1.00
43,120,50,0,0.02,-1.00
43,121,50,0,0.00,-1.00
43,122,50,0,0.00,-1.00
43,123,50,0,0.00,-1.00
43,124,50,0,0.02,-1.00
43,125,50,0,0.02,-1.00
43,126,50,0,0.00,-1.00
43,127,50,0,0.02,-1.00
43,128,50,0,0.06,-1.00
43,129,50,0,0.12,-1.00
43,130,50,0,0.14,-1.00
43,131,50,0,0.16,-1.00
43,132,50,0,0.16,-1.00
43,133,50,0,0.06,-1.00
43,134,50,0,0.08,-1.00
43,135,50,0,0.12,-1.00
43,136,50,0,0.10,-1.00
43,137,50,0,0.18,-1.00
43,138,50,0,0.18,-1.00
43,139,50,0,0.10,-1.00
43,140,50,0,0.20,-1.00
43,141,50,0,0.16,-1.00
43,142,50,0,0.10,-1.00
43,143,50,0,0.08,-1.00
43,144,50,0,0.02,-1.00
43,145,50,0,0.00,-1.00
43,146,50,0,0.02,-1.00
43,147,50,0,0.02,-1.00
43,148,50,0,0.02,-1.00
43,149,50,0,0.02,-1.00
43,150,50,0,0.04,-1.00
43,151,50,0,0.00,-1.00
43,152,50,0,0.00,-1.00
43,153,50,0,0.00,-1.00
43,154,50,0,0.04,-1.00
43,155,50,0,0.00,-1.00
43,156,50,0,0.00,-1.00
43,157,50,0,0.00,-1.00
43,158,50,0,0.00,-1.00
43,159,50,0,0.00,-1.00
43,160,50,0,0.00,-1.00
43,161,50,0,0.00,-1.00
43,162,50,0,0.00,-1.00
43,163,50,0,0.02,-1.00
43,164,50,0,0.06,-1.00
43,165,50,0,0.14,-1.00
43,166,50,0,0.10,-1.00
43,167,50,0,0.06,-1.00
43,168,50,0,0.06,-1.00
43,169,50,0,0.06,-1.00
43,170,50,0,0.08,-1.00
43,171,50,0,0.06,-1.00
43,172,50,0,0.06,-1.00
43,173,50,0,0.04,-1.00
43,174,50,0,0.02,-1.00
43,175,50,0,0.00,-1.00
43,176,50,0,0.00,-1.00
43,177,50,0,0.02,-1.00
43,178,50,0,0.00,-1.00
43,179,50,0,0.00,-1.00
43,180,50,0,0.00,-1.00
43,181,50,0,0.00,-1.00
43,182,50,0,0.00,-1.00
43,183,50,0,0.00,-1.00
43,184,50,0,0.00,-1.00
43,185,50,0,0.00,-1.00
43,186,50,0,0.00,-1.00
43,187,50,0,0.00,-1.00
43,188,50,0,0.00,-1.00
43,189,50,0,0.00,-1.00
43,190,50,0,0.00,-1.00
43,191,50,0,0.00,-1.00
43,192,50,0,0.00,-1.00
43,193,50,0,0.00,-1.00
43,194,50,0,0.02,-1.00
43,195,50,0,0.02,-1.00
43,196,50,0,0.00,-1.00
43,197,50,0,0.00,-1.00
43,198,50,0,0.00,-1.00
43,199,50,0,0.02,-1.00
43,200,50,0,0.00,-1.00
43,201,50,0,0.00,-1.00
43,202,50,0,0.00,-1.00
43,203,50,0,0.00,-1.00
43,204,50,0,0.00,-1.00
43,205,50,0,0.06,-1.00
43,206,50,0,0.06,-1.00
43,207,50,0,0.06,-1.00
43,208,50,0,0.08,-1.00
43,209,50,0,0.06,-1.00
43,210,50,0,0.08,-1.00
43,211,50,0,0.02,-1.00
43,212,50,0,0.00,-1.00
43,213,50,0,0.02,-1.00
43,214,50,0,0.02,-1.00
43,215,50,0,0.06,-1.00
43,216,50,0,0.04,-1.00
43,217,50,0,0.02,-1.00
43,218,50,0,0.02,-1.00
43,219,50,0,0.10,-1.00
43,220,50,0,0.08,-1.00
43,221,50,0,0.02,-1.00
43,222,50,0,0.02,-1.00
43,223,50,0,0.06,-1.00
43,224,50,0,0.08,-1.00
43,225,50,0,0.12,-1.00
43,226,50,0,0.18,-1.00
43,227,50,0,0.18,-1.00
43,228,50,0,0.04,-1.00
43,229,50,0,0.00,-1.00
43,230,50,0,0.00,-1.00
43,231,50,0,0.00,-1.00
43,232,50,0,0.00,-1.00
43,233,50,0,0.00,-1.00
43,234,50,0,0.02,-1.00
43,235,50,0,0.06,-1.00
43,236,50,0,0.02,-1.00
43,237,50,0,0.04,-1.00
43,238,50,0,0.02,-1.00
43,239,50,0,0.06,-1.00
43,240,50,0,0.02,-1.00
43,241,50,0,0.02,-1.00
43,242,50,0,0.04,-1.00
43,243,50,0,0.08,-1.00
43,244,50,0,0.10,-1.00
43,245,50,0,0.08,-1.00
43,246,50,0,0.04,-1.00
43,247,50,0,0.02,-1.00
43,248,50,0,0.04,-1.00
43,249,50,0,0.00,-1.00
43,250,50,0,0.00,-1.00
43,251,50,0,0.00,-1.00
43,252,50,0,0.02,-1.00
43,253,50,0,0.00,-1.00
43,254,50,0,0.00,-1.00
43,255,50,0,0.00,-1.00
43,256,50,0,0.00,-1.00
43,257,50,0,0.00,-1.00
43,258,50,0,0.00,-1.00
43,259,50,0,0.00,-1.00
43,260,50,0,0.02,-1.00
43,261,50,0,0.00,-1.00
43,262,50,0,0.00,-1.00
43,263,50,0,0.00,-1.00
43,264,50,0,0.00,-1.00
43,265,50,0,0.00,-1.00
43,266,50,0,0.00,-1.00
43,267,50,0,0.00,-1.00
43,268,50,0,0.02,-1.00
43,269,50,0,0.02,-1.00
43,270,50,0,0.04,-1.00
43,271,50,0,0.00,-1.00
43,272,50,0,0.00,-1.00
43,273,50,0,0.00,-1.00
43,274,50,0,0.00,-1.00
43,275,50,0,0.00,-1.00
43,276,50,0,0.02,-1.00
43,277,50,0,0.00,-1.00
43,278,50,0,0.00,-1.00
43,279,50,0,0.04,-1.00
43,280,50,0,0.04,-1.00
43,281,50,0,0.04,-1.00
43,282,50,0,0.04,-1.00
43,283,50,0,0.02,-1.00
43,284,50,0,0.04,-1.00
43,285,50,0,0.04,-1.00
43,286,50,0,0.00,-1.00
43,287,50,0,0.00,-1.00
43,288,50,0,0.00,-1.00
43,289,50,0,0.00,-1.00
43,290,50,0,0.00,-1.00
43,291,50,0,0.02,-1.00
43,292,50,0,0.02,-1.00
43,293,50,0,0.06,-1.00
43,294,50,0,0.10,-1.00
43,295,50,0,0.08,-1.00
43,296,50,0,0.02,-1.00
43,297,50,0,0.02,-1.00
43,298,50,0,0.00,-1.00
43,299,50,0,0.00,-1.00
43,300,50,0,0.00,-1.00
43,301,50,0,0.00,-1.00
43,302,50,0,0.00,-1.00
43,303,50,0,0.00,-1.00
43,304,50,0,0.00,-1.00
43,305,50,0,0.04,-1.00
43,306,50,0,0.08,-1.00
43,307,50,0,0.04,-1.00
43,308,50,0,0.02,-1.00
43,309,50,0,0.02,-1.00
43,310,50,0,0.02,-1.00
43,311,50,0,0.02,-1.00
43,312,50,0,0.06,-1.00
43,313,50,0,0.02,-1.00
43,314,50,0,0.06,-1.00
43,315,50,0,0.06,-1.00
43,316,50,0,0.16,-1.00
43,317,50,0,0.16,-1.00
43,318,50,0,0.08,-1.00
43,319,50,0,0.08,-1.00
43,320,50,0,0.12,-1.00
43,321,50,0,0.10,-1.00
43,322,50,0,0.08,-1.00
43,323,50,0,0.10,-1.00
43,324,50,0,0.12,-1.00
43,325,50,0,0.08,-1.00
43,326,50,0,0.16,-1.00
43,327,50,0,0.16,-1.00
43,328,50,0,0.18,-1.00
43,329,50,0,0.26,-1.00
43,330,50,0,0.24,-1.00
43,331,50,0,0.12,-1.00
43,332,50,0,0.24,-1.00
43,333,50,0,0.22,-1.00
43,334,50,0,0.18,-1.00
43,335,50,0,0.20,-1.00
43,336,50,0,0.10,-1.00
43,337,50,0,0.08,-1.00
43,338,50,0,0.18,-1.00
43,339,50,0,0.26,-1.00
43,340,50,0,0.20,-1.00
43,341,50,0,0.16,-1.00
43,342,50,0,0.24,-1.00
43,343,50,0,0.34,-1.00
43,344,50,0,0.38,-1.00
43,345,50,0,0.26,-1.00
43,346,50,0,0.06,-1.00
43,347,50,0,0.02,-1.00
43,348,50,0,0.00,-1.00
43,349,50,0,0.00,-1.00
43,350,50,0,0.04,-1.00
43,351,50,0,0.04,-1.00
43,352,50,0,0.04,-1.00
43,353,50,0,0.08,-1.00
43,354,50,0,0.04,-1.00
43,355,50,0,0.04,-1.00
43,356,50,0,0.04,-1.00
43,357,50,0,0.02,-1.00
43,358,50,0,0.02,-1.00
43,359,50,0,0.04,-1.00
43,360,50,0,0.04,-1.00
43,361,50,0,0.00,-1.00
43,362,50,0,0.00,-1.00
43,363,50,0,0.02,-1.00
43,364,50,0,0.00,-1.00
43,365,50,0,0.00,-1.00
43,366,50,0,0.00,-1.00
43,367,50,0,0.00,-1.00
43,368,50,0,0.00,-1.00
43,369,50,0,0.00,-1.00
43,370,50,0,0.00,-1.00
43,371,50,0,0.06,-1.00
43,372,50,0,0.06,-1.00
43,373,50,0,0.08,-1.00
43,374,50,0,0.08,-1.00
43,375,50,0,0.08,-1.00
43,376,50,0,0.10,-1.00
43,377,50,0,0.06,-1.00
43,378,50,0,0.02,-1.00
43,379,50,0,0.04,-1.00
43,380,50,0,0.04,-1.00
43,381,50,0,0.04,-1.00
43,382,50,0,0.08,-1.00
43,383,50,0,0.02,-1.00
43,384,50,0,0.04,-1.00
43,385,50,0,0.14,-1.00
43,386,50,0,0.20,-1.00
43,387,50,0,0.20,-1.00
43,388,50,0,0.16,-1.00
43,389,50,0,0.16,-1.00
43,390,50,0,0.14,-1.00
43,391,50,0,0.22,-1.00
43,392,50,0,0.28,-1.00
43,393,50,0,0.26,-1.00
43,394,50,0,0.40,-1.00
43,395,50,0,0.30,-1.00
43,396,50,0,0.26,-1.00
43,397,50,0,0.26,-1.00
43,398,50,0,0.14,-1.00
43,399,50,0,0.10,-1.00
43,400,50,0,0.16,-1.00
43,401,50,0,0.14,-1.00
43,402,50,0,0.18,-1.00
43,403,50,0,0.18,-1.00
43,404,50,0,0.20,-1.00
43,405,50,0,0.26,-1.00
43,406,50,0,0.28,-1.00
43,407,50,0,0.26,-1.00
43,408,50,0,0.20,-1.00
43,409,50,0,0.22,-1.00
43,410,50,0,0.10,-1.00
43,411,50,0,0.14,-1.00
43,412,50,0,0.08,-1.00
43,413,50,0,0.12,-1.00
43,414,50,0,0.08,-1.00
43,415,50,0,0.06,-1.00
43,416,50,0,0.06,-1.00
43,417,50,0,0.08,-1.00
43,418,50,0,0.12,-1.00
43,419,50,0,0.24,-1.00
43,420,50,0,0.22,-1.00
43,421,50,0,0.24,-1.00
43,422,50,0,0.20,-1.00
43,423,50,0,0.22,-1.00
43,424,50,0,0.42,-1.00
43,425,50,0,0.40,-1.00
43,426,50,0,0.44,-1.00
43,427,50,0,0.32,-1.00
43,428,50,0,0.26,-1.00
43,429,50,0,0.12,-1.00
43,430,50,0,0.10,-1.00
43,431,50,0,0.18,-1.00
43,432,50,0,0.20,-1.00
43,433,50,0,0.12,-1.00
43,434,50,0,0.12,-1.00
43,435,50,0,0.08,-1.00
43,436,50,0,0.02,-1.00
43,437,50,0,0.00,-1.00
43,438,50,0,0.02,-1.00
43,439,50,0,0.00,-1.00
43,440,50,0,0.06,-1.00
43,441,50,0,0.06,-1.00
43,442,50,0,0.08,-1.00
43,443,50,0,0.08,-1.00
43,444,50,0,0.04,-1.00
43,445,50,0,0.00,-1.00
43,446,50,0,0.00,-1.00
43,447,50,0,0.02,-1.00
43,448,50,0,0.02,-1.00
43,449,50,0,0.02,-1.00
43,450,50,0,0.02,-1.00
43,451,50,0,0.00,-1.00
43,452,50,0,0.00,-1.00
43,453,50,0,0.00,-1.00
43,454,50,0,0.00,-1.00
43,455,50,0,0.00,-1.00
43,456,50,0,0.00,-1.00
43,457,50,0,0.00,-1.00
43,458,50,0,0.00,-1.00
43,459,50,0,0.00,-1.00
43,460,50,0,0.00,-1.00
43,461,50,0,0.00,-1.00
43,462,50,0,0.02,-1.00
43,463,50,0,0.04,-1.00
43,464,50,0,0.02,-1.00
43,465,50,0,0.06,-1.00
43,466,50,0,0.06,-1.00
43,467,50,0,0.04,-1.00
43,468,50,0,0.04,-1.00
43,469,50,0,0.00,-1.00
43,470,50,0,0.00,-1.00
43,471,50,0,0.00,-1.00
43,472,50,0,0.00,-1.00
43,473,50,0,0.00,-1.00
43,474,50,0,0.00,-1.00
43,475,50,0,0.00,-1.00
43,476,50,0,0.02,-1.00
43,477,50,0,0.02,-1.00
43,478,50,0,0.02,-1.00
43,479,50,0,0.00,-1.00
43,480,50,0,0.00,-1.00
43,481,50,0,0.00,-1.00
43,482,50,0,0.02,-1.00
43,483,50,0,0.08,-1.00
43,484,50,0,0.08,-1.00
43,485,50,0,0.10,-1.00
43,486,50,0,0.20,-1.00
43,487,50,0,0.16,-1.00
43,488,50,0,0.12,-1.00
43,489,50,0,0.22,-1.00
43,490,50,0,0.26,-1.00
43,491,50,0,0.28,-1.00
43,492,50,0,0.32,-1.00
43,493,50,0,0.34,-1.00
43,494,50,0,0.30,-1.00
43,495,50,0,0.32,-1.00
43,496,50,0,0.46,-1.00
43,497,50,0,0.38,-1.00
43,498,50,0,0.28,-1.00
43,499,50,0,0.26,-1.00
43,500,50,0,0.16,-1.00
44,1,50,0,0.00,-1.00
44,2,50,0,0.00,-1.00
44,3,50,0,0.00,-1.00
44,4,50,0,0.02,-1.00
44,5,50,0,0.04,-1.00
44,6,50,0,0.04,-1.00
44,7,50,0,0.06,-1.00
44,8,50,0,0.02,-1.00
44,9,50,0,0.00,-1.00
44,10,50,0,0.02,-1.00
44,11,50,0,0.00,-1.00
44,12,50,0,0.00,-1.00
44,13,50,0,0.00,-1.00
44,14,50,0,0.08,-1.00
44,15,50,0,0.10,-1.00
44,16,50,0,0.08,-1.00
44,17,50,0,0.08,-1.00
44,18,50,0,0.14,-1.00
44,19,50,0,0.14,-1.00
44,20,50,0,0.22,-1.00
44,21,50,0,0.30,-1.00
44,22,50,0,0.28,-1.00
44,23,50,0,0.42,-1.00
44,24,50,0,0.44,-1.00
44,25,50,0,0.36,-1.00
44,26,50,0,0.40,-1.00
44,27,50,0,0.46,-1.00
44,28,50,0,0.38,-1.00
44,29,50,0,0.30,-1.00
44,30,50,0,0.26,-1.00
44,31,50,0,0.34,-1.00
44,32,50,0,0.22,-1.00
44,33,50,0,0.26,-1.00
44,34,50,0,0.28,-1.00
44,35,50,0,0.24,-1.00
44,36,50,0,0.16,-1.00
44,37,50,0,0.12,-1.00
44,38,50,0,0.12,-1.00
44,39,50,0,0.14,-1.00
44,40,50,0,0.08,-1.00
44,41,50,0,0.12,-1.00
44,42,50,0,0.10,-1.00
44,43,50,0,0.10,-1.00
44,44,50,0,0.10,-1.00
44,45,50,0,0.10,-1.00
44,46,50,0,0.18,-1.00
44,47,50,0,0.24,-1.00
44,48,50,0,0.22,-1.00
44,49,50,0,0.22,-1.00
44,50,50,0,0.22,-1.00
44,51,50,0,0.20,-1.00
44,52,50,0,0.20,-1.00
44,53,50,0,0.14,-1.00
44,54,50,0,0.10,-1.00
44,55,50,0,0.08,-1.00
44,56,50,0,0.08,-1.00
44,57,50,0,0.08,-1.00
44,58,50,0,0.04,-1.00
44,59,50,0,0.10,-1.00
44,60,50,0,0.08,-1.00
44,61,50,0,0.14,-1.00
44,62,50,0,0.12,-1.00
44,63,50,0,0.06,-1.00
44,64,50,0,0.00,-1.00
44,65,50,0,0.00,-1.00
44,66,50,0,0.00,-1.00
44,67,50,0,0.00,-1.00
44,68,50,0,0.10,-1.00
44,69,50,0,0.10,-1.00
44,70,50,0,0.14,-1.00
44,71,50,0,0.16,-1.00
44,72,50,0,0.14,-1.00
44,73,50,0,0.20,-1.00
44,74,50,0,0.16,-1.00
44,75,50,0,0.10,-1.00
44,76,50,0,0.10,-1.00
44,77,50,0,0.10,-1.00
44,78,50,0,0.12,-1.00
44,79,50,0,0.10,-1.00
44,80,50,0,0.08,-1.00
44,81,50,0,0.10,-1.00
44,82,50,0,0.02,-1.00
44,83,50,0,0.04,-1.00
44,84,50,0,0.06,-1.00
44,85,50,0,0.08,-1.00
44,86,50,0,0.10,-1.00
44,87,50,0,0.04,-1.00
44,88,50,0,0.06,-1.00
44,89,50,0,0.02,-1.00
44,90,50,0,0.02,-1.00
44,91,50,0,0.08,-1.00
44,92,50,0,0.04,-1.00
44,93,50,0,0.02,-1.00
44,94,50,0,0.02,-1.00
44,95,50,0,0.06,-1.00
44,96,50,0,0.14,-1.00
44,97,50,0,0.16,-1.00
44,98,50,0,0.10,-1.00
44,99,50,0,0.06,-1.00
44,100,50,0,0.06,-1.00
44,101,50,0,0.06,-1.00
44,102,50,0,0.02,-1.00
44,103,50,0,0.00,-1.00
44,104,50,0,0.04,-1.00
44,105,50,0,0.08,-1.00
44,106,50,0,0.08,-1.00
44,107,50,0,0.08,-1.00
44,108,50,0,0.06,-1.00
44,109,50,0,0.04,-1.00
44,110,50,0,0.04,-1.00
44,111,50,0,0.02,-1.00
44,112,50,0,0.04,-1.00
44,113,50,0,0.02,-1.00
44,114,50,0,0.00,-1.00
44,115,50,0,0.06,-1.00
44,116,50,0,0.02,-1.00
44,117,50,0,0.04,-1.00
44,118,50,0,0.06,-1.00
44,119,50,0,0.02,-1.00
44,120,50,0,0.08,-1.00
44,121,50,0,0.08,-1.00
44,122,50,0,0.08,-1.00
44,123,50,0,0.06,-1.00
44,124,50,0,0.06,-1.00
44,125,50,0,0.08,-1.00
44,126,50,0,0.06,-1.00
44,127,50,0,0.02,-1.00
44,128,50,0,0.04,-1.00
44,129,50,0,0.04,-1.00
44,130,50,0,0.02,-1.00
44,131,50,0,0.04,-1.00
44,132,50,0,0.00,-1.00
44,133,50,0,0.00,-1.00
44,134,50,0,0.00,-1.00
44,135,50,0,0.00,-1.00
44,136,50,0,0.02,-1.00
44,137,50,0,0.06,-1.00
44,138,50,0,0.00,-1.00
44,139,50,0,0.00,-1.00
44,140,50,0,0.02,-1.00
44,141,50,0,0.06,-1.00
44,142,50,0,0.00,-1.00
44,143,50,0,0.00,-1.00
44,144,50,0,0.00,-1.00
44,145,50,0,0.00,-1.00
44,146,50,0,0.00,-1.00
44,147,50,0,0.00,-1.00
44,148,50,0,0.00,-1.00
44,149,50,0,0.00,-1.00
44,150,50,0,0.00,-1.00
44,151,50,0,0.00,-1.00
44,152,50,0,0.06,-1.00
44,153,50,0,0.06,-1.00
44,154,50,0,0.12,-1.00
44,155,50,0,0.10,-1.00
44,156,50,0,0.08,-1.00
44,157,50,0,0.06,-1.00
44,158,50,0,0.04,-1.00
44,159,50,0,0.08,-1.00
44,160,50,0,0.06,-1.00
44,161,50,0,0.14,-1.00
44,162,50,0,0.12,-1.00
44,163,50,0,0.10,-1.00
44,164,50,0,0.08,-1.00
44,165,50,0,0.04,-1.00
44,166,50,0,0.00,-1.00
44,167,50,0,0.00,-1.00
44,168,50,0,0.00,-1.00
44,169,50,0,0.00,-1.00
44,170,50,0,0.02,-1.00
44,171,50,0,0.06,-1.00
44,172,50,0,0.02,-1.00
44,173,50,0,0.04,-1.00
44,174,50,0,0.04,-1.00
44,175,50,0,0.10,-1.00
44,176,50,0,0.04,-1.00
44,177,50,0,0.00,-1.00
44,178,50,0,0.00,-1.00
44,179,50,0,0.00,-1.00
44,180,50,0,0.04,-1.00
44,181,50,0,0.00,-1.00
44,182,50,0,0.00,-1.00
44,183,50,0,0.00,-1.00
44,184,50,0,0.00,-1.00
44,185,50,0,0.00,-1.00
44,186,50,0,0.00,-1.00
44,187,50,0,0.02,-1.00
44,188,50,0,0.00,-1.00
44,189,50,0,0.00,-1.00
44,190,50,0,0.08,-1.00
44,191,50,0,0.14,-1.00
44,192,50,0,0.08,-1.00
44,193,50,0,0.06,-1.00
44,194,50,0,0.08,-1.00
44,195,50,0,0.08,-1.00
44,196,50,0,0.10,-1.00
44,197,50,0,0.14,-1.00
44,198,50,0,0.24,-1.00
44,199,50,0,0.30,-1.00
44,200,50,0,0.22,-1.00
44,201,50,0,0.14,-1.00
44,202,50,0,0.10,-1.00
44,203,50,0,0.10,-1.00
44,204,50,0,0.18,-1.00
44,205,50,0,0.20,-1.00
44,206,50,0,0.22,-1.00
44,207,50,0,0.30,-1.00
44,208,50,0,0.34,-1.00
44,209,50,0,0.36,-1.00
44,210,50,0,0.30,-1.00
44,211,50,0,0.34,-1.00
44,212,50,0,0.42,-1.00
44,213,50,0,0.34,-1.00
44,214,50,0,0.30,-1.00
44,215,50,0,0.42,-1.00
44,216,50,0,0.54,-1.00
44,217,50,0,0.54,-1.00
44,218,50,0,0.56,-1.00
44,219,50,0,0.42,-1.00
44,220,50,0,0.44,-1.00
44,221,50,0,0.32,-1.00
44,222,50,0,0.34,-1.00
44,223,50,0,0.34,-1.00
44,224,50,0,0.48,-1.00
44,225,50,0,0.52,-1.00
44,226,50,0,0.50,-1.00
44,227,50,0,0.48,-1.00
44,228,50,0,0.40,-1.00
44,229,50,0,0.48,-1.00
44,230,50,0,0.32,-1.00
44,231,50,0,0.24,-1.00
44,232,50,0,0.18,-1.00
44,233,50,0,0.24,-1.00
44,234,50,0,0.24,-1.00
44,235,50,0,0.18,-1.00
44,236,50,0,0.16,-1.00
44,237,50,0,0.12,-1.00
44,238,50,0,0.10,-1.00
44,239,50,0,0.16,-1.00
44,240,50,0,0.12,-1.00
44,241,50,0,0.06,-1.00
44,242,50,0,0.14,-1.00
44,243,50,0,0.10,-1.00
44,244,50,0,0.12,-1.00
44,245,50,0,0.16,-1.00
44,246,50,0,0.18,-1.00
44,247,50,0,0.16,-1.00
44,248,50,0,0.18,-1.00
44,249,50,0,0.20,-1.00
44,250,50,0,0.26,-1.00
44,251,50,0,0.26,-1.00
44,252,50,0,0.28,-1.00
44,253,50,0,0.14,-1.00
44,254,50,0,0.24,-1.00
44,255,50,0,0.30,-1.00
44,256,50,0,0.24,-1.00
44,257,50,0,0.16,-1.00
44,258,50,0,0.22,-1.00
44,259,50,0,0.20,-1.00
44,260,50,0,0.16,-1.00
44,261,50,0,0.16,-1.00
44,262,50,0,0.12,-1.00
44,263,50,0,0.04,-1.00
44,264,50,0,0.02,-1.00
44,265,50,0,0.02,-1.00
44,266,50,0,0.08,-1.00
44,267,50,0,0.10,-1.00
44,268,50,0,0.14,-1.00
44,269,50,0,0.04,-1.00
44,270,50,0,0.02,-1.00
44,271,50,0,0.04,-1.00
44,272,50,0,0.02,-1.00
44,273,50,0,0.04,-1.00
44,274,50,0,0.04,-1.00
44,275,50,0,0.02,-1.00
44,276,50,0,0.04,-1.00
44,277,50,0,0.08,-1.00
44,278,50,0,0.02,-1.00
44,279,50,0,0.08,-1.00
44,280,50,0,0.12,-1.00
44,281,50,0,0.12,-1.00
44,282,50,0,0.18,-1.00
44,283,50,0,0.18,-1.00
44,284,50,0,0.14,-1.00
44,285,50,0,0.18,-1.00
44,286,50,0,0.18,-1.00
44,287,50,0,0.16,-1.00
44,288,50,0,0.22,-1.00
44,289,50,0,0.26,-1.00
44,290,50,0,0.20,-1.00
44,291,50,0,0.20,-1.00
44,292,50,0,0.18,-1.00
44,293,50,0,0.20,-1.00
44,294,50,0,0.30,-1.00
44,295,50,0,0.42,-1.00
44,296,50,0,0.28,-1.00
44,297,50,0,0.32,-1.00
44,298,50,0,0.30,-1.00
44,299,50,0,0.12,-1.00
44,300,50,0,0.08,-1.00
44,301,50,0,0.10,-1.00
44,302,50,0,0.18,-1.00
44,303,50,0,0.10,-1.00
44,304,50,0,0.14,-1.00
44,305,50,0,0.08,-1.00
44,306,50,0,0.14,-1.00
44,307,50,0,0.18,-1.00
44,308,50,0,0.18,-1.00
44,309,50,0,0.08,-1.00
44,310,50,0,0.12,-1.00
44,311,50,0,0.06,-1.00
44,312,50,0,0.04,-1.00
44,313,50,0,0.04,-1.00
44,314,50,0,0.00,-1.00
44,315,50,0,0.00,-1.00
44,316,50,0,0.00,-1.00
44,317,50,0,0.04,-1.00
44,318,50,0,0.00,-1.00
44,319,50,0,0.00,-1.00
44,320,50,0,0.00,-1.00
44,321,50,0,0.00,-1.00
44,322,50,0,0.00,-1.00
44,323,50,0,0.00,-1.00
44,324,50,0,0.00,-1.00
44,325,50,0,0.00,-1.00
44,326,50,0,0.02,-1.00
44,327,50,0,0.00,-1.00
44,328,50,0,0.00,-1.00
44,329,50,0,0.00,-1.00
44,330,50,0,0.00,-1.00
44,331,50,0,0.00,-1.00
44,332,50,0,0.02,-1.00
44,333,50,0,0.02,-1.00
44,334,50,0,0.02,-1.00
44,335,50,0,0.04,-1.00
44,336,50,0,0.06,-1.00
44,337,50,0,0.10,-1.00
44,338,50,0,0.06,-1.00
44,339,50,0,0.02,-1.00
44,340,50,0,0.00,-1.00
44,341,50,0,0.00,-1.00
44,342,50,0,0.00,-1.00
44,343,50,0,0.00,-1.00
44,344,50,0,0.00,-1.00
44,345,50,0,0.02,-1.00
44,346,50,0,0.00,-1.00
44,347,50,0,0.00,-1.00
44,348,50,0,0.00,-1.00
44,349,50,0,0.02,-1.00
44,350,50,0,0.00,-1.00
44,351,50,0,0.00,-1.00
44,352,50,0,0.00,-1.00
44,353,50,0,0.08,-1.00
44,354,50,0,0.02,-1.00
44,355,50,0,0.00,-1.00
44,356,50,0,0.00,-1.00
44,357,50,0,0.00,-1.00
44,358,50,0,0.00,-1.00
44,359,50,0,0.00,-1.00
44,360,50,0,0.02,-1.00
44,361,50,0,0.06,-1.00
44,362,50,0,0.04,-1.00
44,363,50,0,0.08,-1.00
44,364,50,0,0.06,-1.00
44,365,50,0,0.04,-1.00
44,366,50,0,0.02,-1.00
44,367,50,0,0.02,-1.00
44,368,50,0,0.00,-1.00
44,369,50,0,0.00,-1.00
44,370,50,0,0.02,-1.00
44,371,50,0,0.02,-1.00
44,372,50,0,0.08,-1.00
44,373,50,0,0.06,-1.00
44,374,50,0,0.04,-1.00
44,375,50,0,0.06,-1.00
44,376,50,0,0.04,-1.00
44,377,50,0,0.02,-1.00
44,378,50,0,0.04,-1.00
44,379,50,0,0.06,-1.00
44,380,50,0,0.04,-1.00
44,381,50,0,0.04,-1.00
44,382,50,0,0.04,-1.00
44,383,50,0,0.02,-1.00
44,384,50,0,0.02,-1.00
44,385,50,0,0.00,-1.00
44,386,50,0,0.00,-1.00
44,387,50,0,0.00,-1.00
44,388,50,0,0.06,-1.00
44,389,50,0,0.06,-1.00
44,390,50,0,0.02,-1.00
44,391,50,0,0.00,-1.00
44,392,50,0,0.00,-1.00
44,393,50,0,0.02,-1.00
44,394,50,0,0.00,-1.00
44,395,50,0,0.00,-1.00
44,396,50,0,0.00,-1.00
44,397,50,0,0.00,-1.00
44,398,50,0,0.00,-1.00
44,399,50,0,0.02,-1.00
44,400,50,0,0.06,-1.00
44,401,50,0,0.02,-1.00
44,402,50,0,0.06,-1.00
44,403,50,0,0.12,-1.00
44,404,50,0,0.18,-1.00
44,405,50,0,0.20,-1.00
44,406,50,0,0.16,-1.00
44,407,50,0,0.10,-1.00
44,408,50,0,0.12,-1.00
44,409,50,0,0.16,-1.00
44,410,50,0,0.04,-1.00
44,411,50,0,0.00,-1.00
44,412,50,0,0.00,-1.00
44,413,50,0,0.02,-1.00
44,414,50,0,0.00,-1.00
44,415,50,0,0.00,-1.00
44,416,50,0,0.00,-1.00
44,417,50,0,0.02,-1.00
44,418,50,0,0.00,-1.00
44,419,50,0,0.00,-1.00
44,420,50,0,0.00,-1.00
44,421,50,0,0.00,-1.00
44,422,50,0,0.00,-1.00
44,423,50,0,0.00,-1.00
44,424,50,0,0.00,-1.00
44,425,50,0,0.04,-1.00
44,426,50,0,0.06,-1.00
44,427,50,0,0.04,-1.00
44,428,50,0,0.02,-1.00
44,429,50,0,0.02,-1.00
44,430,50,0,0.04,-1.00
44,431,50,0,0.06,-1.00
44,432,50,0,0.08,-1.00
44,433,50,0,0.04,-1.00
44,434,50,0,0.08,-1.00
44,435,50,0,0.12,-1.00
44,436,50,0,0.08,-1.00
44,437,50,0,0.06,-1.00
44,438,50,0,0.04,-1.00
44,439,50,0,0.04,-1.00
44,440,50,0,0.12,-1.00
44,441,50,0,0.16,-1.00
44,442,50,0,0.18,-1.00
44,443,50,0,0.14,-1.00
44,444,50,0,0.10,-1.00
44,445,50,0,0.10,-1.00
44,446,50,0,0.12,-1.00
44,447,50,0,0.10,-1.00
44,448,50,0,0.12,-1.00
44,449,50,0,0.06,-1.00
44,450,50,0,0.14,-1.00
44,451,50,0,0.18,-1.00
44,452,50,0,0.16,-1.00
44,453,50,0,0.12,-1.00
44,454,50,0,0.12,-1.00
44,455,50,0,0.22,-1.00
44,456,50,0,0.18,-1.00
44,457,50,0,0.24,-1.00
44,458,50,0,0.38,-1.00
44,459,50,0,0.24,-1.00
44,460,50,0,0.28,-1.00
44,461,50,0,0.30,-1.00
44,462,50,0,0.28,-1.00
44,463,50,0,0.26,-1.00
44,464,50,0,0.20,-1.00
44,465,50,0,0.20,-1.00
44,466,50,0,0.20,-1.00
44,467,50,0,0.20,-1.00
44,468,50,0,0.14,-1.00
44,469,50,0,0.12,-1.00
44,470,50,0,0.14,-1.00
44,471,50,0,0.24,-1.00
44,472,50,0,0.24,-1.00
44,473,50,0,0.16,-1.00
44,474,50,0,0.20,-1.00
44,475,50,0,0.26,-1.00
44,476,50,0,0.20,-1.00
44,477,50,0,0.14,-1.00
44,478,50,0,0.10,-1.00
44,479,50,0,0.08,-1.00
44,480,50,0,0.06,-1.00
44,481,50,0,0.16,-1.00
44,482,50,0,0.14,-1.00
44,483,50,0,0.06,-1.00
44,484,50,0,0.00,-1.00
44,485,50,0,0.00,-1.00
44,486,50,0,0.02,-1.00
44,487,50,0,0.00,-1.00
44,488,50,0,0.00,-1.00
44,489,50,0,0.00,-1.00
44,490,50,0,0.00,-1.00
44,491,50,0,0.04,-1.00
44,492,50,0,0.06,-1.00
44,493,50,0,0.12,-1.00
44,494,50,0,0.16,-1.00
44,495,50,0,0.12,-1.00
44,496,50,0,0.08,-1.00
44,497,50,0,0.12,-1.00
44,498,50,0,0.08,-1.00
44,499,50,0,0.04,-1.00
44,500,50,0,0.04,-1.00
45,1,50,0,0.00,-1.00
45,2,50,0,0.00,-1.00
45,3,50,0,0.02,-1.00
45,4,50,0,0.04,-1.00
45,5,50,0,0.08,-1.00
45,6,50,0,0.06,-1.00
45,7,50,0,0.06,-1.00
45,8,50,0,0.08,-1.00
45,9,50,0,0.14,-1.00
45,10,50,0,0.08,-1.00
45,11,50,0,0.10,-1.00
45,12,50,0,0.08,-1.00
45,13,50,0,0.10,-1.00
45,14,50,0,0.12,-1.00
45,15,50,0,0.18,-1.00
45,16,50,0,0.18,-1.00
45,17,50,0,0.14,-1.00
45,18,50,0,0.16,-1.00
45,19,50,0,0.06,-1.00
45,20,50,0,0.06,-1.00
45,21,50,0,0.08,-1.00
45,22,50,0,0.00,-1.00
45,23,50,0,0.02,-1.00
45,24,50,0,0.02,-1.00
45,25,50,0,0.02,-1.00
45,26,50,0,0.00,-1.00
45,27,50,0,0.00,-1.00
45,28,50,0,0.00,-1.00
45,29,50,0,0.02,-1.00
45,30,50,0,0.00,-1.00
45,31,50,0,0.00,-1.00
45,32,50,0,0.00,-1.00
45,33,50,0,0.00,-1.00
45,34,50,0,0.02,-1.00
45,35,50,0,0.04,-1.00
45,36,50,0,0.02,-1.00
45,37,50,0,0.00,-1.00
45,38,50,0,0.00,-1.00
45,39,50,0,0.00,-1.00
45,40,50,0,0.00,-1.00
45,41,50,0,0.00,-1.00
45,42,50,0,0.00,-1.00
45,43,50,0,0.00,-1.00
45,44,50,0,0.00,-1.00
45,45,50,0,0.02,-1.00
45,46,50,0,0.00,-1.00
45,47,50,0,0.00,-1.00
45,48,50,0,0.00,-1.00
45,49,50,0,0.00,-1.00
45,50,50,0,0.00,-1.00
45,51,50,0,0.00,-1.00
45,52,50,0,0.00,-1.00
45,53,50,0,0.00,-1.00
45,54,50,0,0.04,-1.00
45,55,50,0,0.02,-1.00
45,56,50,0,0.02,-1.00
45,57,50,0,0.02,-1.00
45,58,50,0,0.02,-1.00
45,59,50,0,0.04,-1.00
45,60,50,0,0.10,-1.00
45,61,50,0,0.08,-1.00
45,62,50,0,0.12,-1.00
45,63,50,0,0.04,-1.00
45,64,50,0,0.08,-1.00
45,65,50,0,0.14,-1.00
45,66,50,0,0.10,-1.00
45,67,50,0,0.04,-1.00
45,68,50,0,0.06,-1.00
45,69,50,0,0.10,-1.00
45,70,50,0,0.14,-1.00
45,71,50,0,0.10,-1.00
45,72,50,0,0.12,-1.00
45,73,50,0,0.14,-1.00
45,74,50,0,0.18,-1.00
45,75,50,0,0.22,-1.00
45,76,50,0,0.24,-1.00
45,77,50,0,0.26,-1.00
45,78,50,0,0.32,-1.00
45,79,50,0,0.28,-1.00
45,80,50,0,0.26,-1.00
45,81,50,0,0.22,-1.00
45,82,50,0,0.26,-1.00
45,83,50,0,0.24,-1.00
45,84,50,0,0.26,-1.00
45,85,50,0,0.30,-1.00
45,86,50,0,0.36,-1.00
45,87,50,0,0.28,-1.00
45,88,50,0,0.30,-1.00
45,89,50,0,0.34,-1.00
45,90,50,0,0.36,-1.00
45,91,50,0,0.36,-1.00
45,92,50,0,0.28,-1.00
45,93,50,0,0.24,-1.00
45,94,50,0,0.20,-1.00
45,95,50,0,0.20,-1.00
45,96,50,0,0.20,-1.00
45,97,50,0,0.26,-1.00
45,98,50,0,0.16,-1.00
45,99,50,0,0.12,-1.00
45,100,50,0,0.14,-1.00
45,101,50,0,0.20,-1.00
45,102,50,0,0.16,-1.00
45,103,50,0,0.06,-1.00
45,104,50,0,0.14,-1.00
45,105,50,0,0.18,-1.00
45,106,50,0,0.26,-1.00
45,107,50,0,0.12,-1.00
45,108,50,0,0.16,-1.00
45,109,50,0,0.20,-1.00
45,110,50,0,0.22,-1.00
45,111,50,0,0.24,-1.00
45,112,50,0,0.12,-1.00
45,113,50,0,0.14,-1.00
45,114,50,0,0.16,-1.00
45,115,50,0,0.18,-1.00
45,116,50,0,0.12,-1.00
45,117,50,0,0.14,-1.00
45,118,50,0,0.20,-1.00
45,119,50,0,0.18,-1.00
45,120,50,0,0.16,-1.00
45,121,50,0,0.18,-1.00
45,122,50,0,0.16,-1.00
45,123,50,0,0.12,-1.00
45,124,50,0,0.16,-1.00
45,125,50,0,0.14,-1.00
45,126,50,0,0.12,-1.00
45,127,50,0,0.10,-1.00
45,128,50,0,0.06,-1.00
45,129,50,0,0.04,-1.00
45,130,50,0,0.02,-1.00
45,131,50,0,0.02,-1.00
45,132,50,0,0.04,-1.00
45,133,50,0,0.08,-1.00
45,134,50,0,0.12,-1.00
45,135,50,0,0.08,-1.00
45,136,50,0,0.04,-1.00
45,137,50,0,0.08,-1.00
45,138,50,0,0.04,-1.00
45,139,50,0,0.04,-1.00
45,140,50,0,0.06,-1.00
45,141,50,0,0.04,-1.00
45,142,50,0,0.02,-1.00
45,143,50,0,0.04,-1.00
45,144,50,0,0.04,-1.00
45,145,50,0,0.02,-1.00
45,146,50,0,0.00,-1.00
45,147,50,0,0.00,-1.00
45,148,50,0,0.00,-1.00
45,149,50,0,0.00,-1.00
45,150,50,0,0.00,-1.00
45,151,50,0,0.00,-1.00
45,152,50,0,0.00,-1.00
45,153,50,0,0.00,-1.00
45,154,50,0,0.00,-1.00
45,155,50,0,0.00,-1.00
45,156,50,0,0.00,-1.00
45,157,50,0,0.00,-1.00
45,158,50,0,0.00,-1.00
45,159,50,0,0.00,-1.00
45,160,50,0,0.00,-1.00
45,161,50,0,0.04,-1.00
45,162,50,0,0.02,-1.00
45,163,50,0,0.00,-1.00
45,164,50,0,0.00,-1.00
45,165,50,0,0.00,-1.00
45,166,50,0,0.06,-1.00
45,167,50,0,0.06,-1.00
45,168,50,0,0.08,-1.00
45,169,50,0,0.02,-1.00
45,170,50,0,0.02,-1.00
45,171,50,0,0.02,-1.00
45,172,50,0,0.02,-1.00
45,173,50,0,0.02,-1.00
45,174,50,0,0.02,-1.00
45,175,50,0,0.02,-1.00
45,176,50,0,0.04,-1.00
45,177,50,0,0.02,-1.00
45,178,50,0,0.00,-1.00
45,179,50,0,0.00,-1.00
45,180,50,0,0.00,-1.00
45,181,50,0,0.00,-1.00
45,182,50,0,0.00,-1.00
45,183,50,0,0.00,-1.00
45,184,50,0,0.02,-1.00
45,185,50,0,0.00,-1.00
45,186,50,0,0.02,-1.00
45,187,50,0,0.02,-1.00
45,188,50,0,0.02,-1.00
45,189,50,0,0.00,-1.00
45,190,50,0,0.00,-1.00
45,191,50,0,0.08,-1.00
45,192,50,0,0.06,-1.00
45,193,50,0,0.04,-1.00
45,194,50,0,0.06,-1.00
45,195,50,0,0.00,-1.00
45,196,50,0,0.02,-1.00
45,197,50,0,0.04,-1.00
45,198,50,0,0.12,-1.00
45,199,50,0,0.18,-1.00
45,200,50,0,0.24,-1.00
45,201,50,0,0.18,-1.00
45,202,50,0,0.12,-1.00
45,203,50,0,0.16,-1.00
45,204,50,0,0.14,-1.00
45,205,50,0,0.20,-1.00
45,206,50,0,0.14,-1.00
45,207,50,0,0.10,-1.00
45,208,50,0,0.14,-1.00
45,209,50,0,0.06,-1.00
45,210,50,0,0.02,-1.00
45,211,50,0,0.00,-1.00
45,212,50,0,0.00,-1.00
45,213,50,0,0.00,-1.00
45,214,50,0,0.02,-1.00
45,215,50,0,0.10,-1.00
45,216,50,0,0.14,-1.00
45,217,50,0,0.08,-1.00
45,218,50,0,0.08,-1.00
45,219,50,0,0.14,-1.00
45,220,50,0,0.14,-1.00
45,221,50,0,0.00,-1.00
45,222,50,0,0.00,-1.00
45,223,50,0,0.00,-1.00
45,224,50,0,0.02,-1.00
45,225,50,0,0.06,-1.00
45,226,50,0,0.08,-1.00
45,227,50,0,0.10,-1.00
45,228,50,0,0.04,-1.00
45,229,50,0,0.00,-1.00
45,230,50,0,0.00,-1.00
45,231,50,0,0.00,-1.00
45,232,50,0,0.00,-1.00
45,233,50,0,0.00,-1.00
45,234,50,0,0.00,-1.00
45,235,50,0,0.02,-1.00
45,236,50,0,0.02,-1.00
45,237,50,0,0.00,-1.00
45,238,50,0,0.00,-1.00
45,239,50,0,0.00,-1.00
45,240,50,0,0.00,-1.00
45,241,50,0,0.00,-1.00
45,242,50,0,0.00,-1.00
45,243,50,0,0.00,-1.00
45,244,50,0,0.00,-1.00
45,245,50,0,0.00,-1.00
45,246,50,0,0.00,-1.00
45,247,50,0,0.02,-1.00
45,248,50,0,0.02,-1.00
45,249,50,0,0.00,-1.00
45,250,50,0,0.00,-1.00
45,251,50,0,0.00,-1.00
45,252,50,0,0.00,-1.00
45,253,50,0,0.00,-1.00
45,254,50,0,0.02,-1.00
45,255,50,0,0.00,-1.00
45,256,50,0,0.00,-1.00
45,257,50,0,0.00,-1.00
45,258,50,0,0.00,-1.00
45,259,50,0,0.00,-1.00
45,260,50,0,0.02,-1.00
45,261,50,0,0.00,-1.00
45,262,50,0,0.00,-1.00
45,263,50,0,0.00,-1.00
45,264,50,0,0.00,-1.00
45,265,50,0,0.00,-1.00
45,266,50,0,0.00,-1.00
45,267,50,0,0.02,-1.00
45,268,50,0,0.02,-1.00
45,269,50,0,0.04,-1.00
45,270,50,0,0.04,-1.00
45,271,50,0,0.04,-1.00
45,272,50,0,0.02,-1.00
45,273,50,0,0.00,-1.00
45,274,50,0,0.04,-1.00
45,275,50,0,0.06,-1.00
45,276,50,0,0.06,-1.00
45,277,50,0,0.02,-1.00
45,278,50,0,0.04,-1.00
45,279,50,0,0.10,-1.00
45,280,50,0,0.08,-1.00
45,281,50,0,0.06,-1.00
45,282,50,0,0.12,-1.00
45,283,50,0,0.12,-1.00
45,284,50,0,0.14,-1.00
45,285,50,0,0.22,-1.00
45,286,50,0,0.22,-1.00
45,287,50,0,0.14,-1.00
45,288,50,0,0.16,-1.00
45,289,50,0,0.14,-1.00
45,290,50,0,0.10,-1.00
45,291,50,0,0.06,-1.00
45,292,50,0,0.12,-1.00
45,293,50,0,0.18,-1.00
45,294,50,0,0.16,-1.00
45,295,50,0,0.18,-1.00
45,296,50,0,0.10,-1.00
45,297,50,0,0.08,-1.00
45,298,50,0,0.10,-1.00
45,299,50,0,0.08,-1.00
45,300,50,0,0.08,-1.00
45,301,50,0,0.14,-1.00
45,302,50,0,0.14,-1.00
45,303,50,0,0.12,-1.00
45,304,50,0,0.18,-1.00
45,305,50,0,0.16,-1.00
45,306,50,0,0.14,-1.00
45,307,50,0,0.14,-1.00
45,308,50,0,0.14,-1.00
45,309,50,0,0.24,-1.00
45,310,50,0,0.24,-1.00
45,311,50,0,0.20,-1.00
45,312,50,0,0.18,-1.00
45,313,50,0,0.12,-1.00
45,314,50,0,0.04,-1.00
45,315,50,0,0.04,-1.00
45,316,50,0,0.08,-1.00
45,317,50,0,0.08,-1.00
45,318,50,0,0.02,-1.00
45,319,50,0,0.02,-1.00
45,320,50,0,0.00,-1.00
45,321,50,0,0.04,-1.00
45,322,50,0,0.02,-1.00
45,323,50,0,0.02,-1.00
45,324,50,0,0.02,-1.00
45,325,50,0,0.04,-1.00
45,326,50,0,0.06,-1.00
45,327,50,0,0.10,-1.00
45,328,50,0,0.16,-1.00
45,329,50,0,0.22,-1.00
45,330,50,0,0.20,-1.00
45,331,50,0,0.16,-1.00
45,332,50,0,0.18,-1.00
45,333,50,0,0.22,-1.00
45,334,50,0,0.24,-1.00
45,335,50,0,0.12,-1.00
45,336,50,0,0.24,-1.00
45,337,50,0,0.24,-1.00
45,338,50,0,0.32,-1.00
45,339,50,0,0.46,-1.00
45,340,50,0,0.46,-1.00
45,341,50,0,0.50,-1.00
45,342,50,0,0.56,-1.00
45,343,50,0,0.52,-1.00
45,344,50,0,0.60,-1.00
45,345,50,0,0.36,-1.00
45,346,50,0,0.34,-1.00
45,347,50,0,0.42,-1.00
45,348,50,0,0.28,-1.00
45,349,50,0,0.24,-1.00
45,350,50,0,0.14,-1.00
45,351,50,0,0.16,-1.00
45,352,50,0,0.14,-1.00
45,353,50,0,0.22,-1.00
45,354,50,0,0.14,-1.00
45,355,50,0,0.14,-1.00
45,356,50,0,0.06,-1.00
45,357,50,0,0.04,-1.00
45,358,50,0,0.02,-1.00
45,359,50,0,0.04,-1.00
45,360,50,0,0.08,-1.00
45,361,50,0,0.12,-1.00
45,362,50,0,0.10,-1.00
45,363,50,0,0.10,-1.00
45,364,50,0,0.08,-1.00
45,365,50,0,0.06,-1.00
45,366,50,0,0.06,-1.00
45,367,50,0,0.08,-1.00
45,368,50,0,0.02,-1.00
45,369,50,0,0.06,-1.00
45,370,50,0,0.06,-1.00
45,371,50,0,0.02,-1.00
45,372,50,0,0.00,-1.00
45,373,50,0,0.06,-1.00
45,374,50,0,0.06,-1.00
45,375,50,0,0.10,-1.00
45,376,50,0,0.16,-1.00
45,377,50,0,0.14,-1.00
45,378,50,0,0.24,-1.00
45,379,50,0,0.22,-1.00
45,380,50,0,0.06,-1.00
45,381,50,0,0.14,-1.00
45,382,50,0,0.16,-1.00
45,383,50,0,0.22,-1.00
45,384,50,0,0.14,-1.00
45,385,50,0,0.16,-1.00
45,386,50,0,0.16,-1.00
45,387,50,0,0.20,-1.00
45,388,50,0,0.12,-1.00
45,389,50,0,0.06,-1.00
45,390,50,0,0.16,-1.00
45,391,50,0,0.22,-1.00
45,392,50,0,0.20,-1.00
45,393,50,0,0.20,-1.00
45,394,50,0,0.22,-1.00
45,395,50,0,0.22,-1.00
45,396,50,0,0.28,-1.00
45,397,50,0,0.22,-1.00
45,398,50,0,0.14,-1.00
45,399,50,0,0.02,-1.00
45,400,50,0,0.00,-1.00
45,401,50,0,0.00,-1.00
45,402,50,0,0.00,-1.00
45,403,50,0,0.00,-1.00
45,404,50,0,0.00,-1.00
45,405,50,0,0.02,-1.00
45,406,50,0,0.00,-1.00
45,407,50,0,0.04,-1.00
45,408,50,0,0.00,-1.00
45,409,50,0,0.02,-1.00
45,410,50,0,0.02,-1.00
45,411,50,0,0.02,-1.00
45,412,50,0,0.04,-1.00
45,413,50,0,0.06,-1.00
45,414,50,0,0.08,-1.00
45,415,50,0,0.10,-1.00
45,416,50,0,0.12,-1.00
45,417,50,0,0.06,-1.00
45,418,50,0,0.02,-1.00
45,419,50,0,0.02,-1.00
45,420,50,0,0.02,-1.00
45,421,50,0,0.02,-1.00
45,422,50,0,0.02,-1.00
45,423,50,0,0.02,-1.00
45,424,50,0,0.02,-1.00
45,425,50,0,0.00,-1.00
45,426,50,0,0.00,-1.00
45,427,50,0,0.06,-1.00
45,428,50,0,0.00,-1.00
45,429,50,0,0.00,-1.00
45,430,50,0,0.00,-1.00
45,431,50,0,0.00,-1.00
45,432,50,0,0.06,-1.00
45,433,50,0,0.02,-1.00
45,434,50,0,0.00,-1.00
45,435,50,0,0.00,-1.00
45,436,50,0,0.00,-1.00
45,437,50,0,0.04,-1.00
45,438,50,0,0.04,-1.00
45,439,50,0,0.04,-1.00
45,440,50,0,0.02,-1.00
45,441,50,0,0.02,-1.00
45,442,50,0,0.02,-1.00
45,443,50,0,0.00,-1.00
45,444,50,0,0.00,-1.00
45,445,50,0,0.00,-1.00
45,446,50,0,0.00,-1.00
45,447,50,0,0.00,-1.00
45,448,50,0,0.06,-1.00
45,449,50,0,0.08,-1.00
45,450,50,0,0.06,-1.00
45,451,50,0,0.04,-1.00
45,452,50,0,0.00,-1.00
45,453,50,0,0.00,-1.00
45,454,50,0,0.00,-1.00
45,455,50,0,0.00,-1.00
45,456,50,0,0.00,-1.00
45,457,50,0,0.00,-1.00
45,458,50,0,0.00,-1.00
45,459,50,0,0.00,-1.00
45,460,50,0,0.00,-1.00
45,461,50,0,0.00,-1.00
45,462,50,0,0.00,-1.00
45,463,50,0,0.00,-1.00
45,464,50,0,0.00,-1.00
45,465,50,0,0.04,-1.00
45,466,50,0,0.04,-1.00
45,467,50,0,0.10,-1.00
45,468,50,0,0.04,-1.00
45,469,50,0,0.06,-1.00
45,470,50,0,0.04,-1.00
45,471,50,0,0.06,-1.00
45,472,50,0,0.02,-1.00
45,473,50,0,0.06,-1.00
45,474,50,0,0.06,-1.00
45,475,50,0,0.02,-1.00
45,476,50,0,0.02,-1.00
45,477,50,0,0.02,-1.00
45,478,50,0,0.06,-1.00
45,479,50,0,0.10,-1.00
45,480,50,0,0.18,-1.00
45,481,50,0,0.22,-1.00
45,482,50,0,0.20,-1.00
45,483,50,0,0.30,-1.00
45,484,50,0,0.40,-1.00
45,485,50,0,0.32,-1.00
45,486,50,0,0.30,-1.00
45,487,50,0,0.20,-1.00
45,488,50,0,0.16,-1.00
45,489,50,0,0.22,-1.00
45,490,50,0,0.14,-1.00
45,491,50,0,0.16,-1.00
45,492,50,0,0.12,-1.00
45,493,50,0,0.08,-1.00
45,494,50,0,0.06,-1.00
45,495,50,0,0.08,-1.00
45,496,50,0,0.04,-1.00
45,497,50,0,0.08,-1.00
45,498,50,0,0.08,-1.00
45,499,50,0,0.10,-1.00
45,500,50,0,0.10,-1.00
46,1,50,0,0.00,-1.00
46,2,50,0,0.02,-1.00
46,3,50,0,0.02,-1.00
46,4,50,0,0.10,-1.00
46,5,50,0,0.06,-1.00
46,6,50,0,0.08,-1.00
46,7,50,0,0.08,-1.00
46,8,50,0,0.10,-1.00
46,9,50,0,0.14,-1.00
46,10,50,0,0.26,-1.00
46,11,50,0,0.26,-1.00
46,12,50,0,0.30,-1.00
46,13,50,0,0.38,-1.00
46,14,50,0,0.28,-1.00
46,15,50,0,0.26,-1.00
46,16,50,0,0.20,-1.00
46,17,50,0,0.22,-1.00
46,18,50,0,0.24,-1.00
46,19,50,0,0.24,-1.00
46,20,50,0,0.28,-1.00
46,21,50,0,0.22,-1.00
46,22,50,0,0.22,-1.00
46,23,50,0,0.10,-1.00
46,24,50,0,0.16,-1.00
46,25,50,0,0.18,-1.00
46,26,50,0,0.18,-1.00
46,27,50,0,0.16,-1.00
46,28,50,0,0.12,-1.00
46,29,50,0,0.16,-1.00
46,30,50,0,0.14,-1.00
46,31,50,0,0.08,-1.00
46,32,50,0,0.08,-1.00
46,33,50,0,0.04,-1.00
46,34,50,0,0.06,-1.00
46,35,50,0,0.00,-1.00
46,36,50,0,0.00,-1.00
46,37,50,0,0.04,-1.00
46,38,50,0,0.00,-1.00
46,39,50,0,0.00,-1.00
46,40,50,0,0.00,-1.00
46,41,50,0,0.02,-1.00
46,42,50,0,0.02,-1.00
46,43,50,0,0.02,-1.00
46,44,50,0,0.00,-1.00
46,45,50,0,0.00,-1.00
46,46,50,0,0.00,-1.00
46,47,50,0,0.02,-1.00
46,48,50,0,0.00,-1.00
46,49,50,0,0.00,-1.00
46,50,50,0,0.02,-1.00
46,51,50,0,0.02,-1.00
46,52,50,0,0.04,-1.00
46,53,50,0,0.14,-1.00
46,54,50,0,0.24,-1.00
46,55,50,0,0.24,-1.00
46,56,50,0,0.28,-1.00
46,57,50,0,0.22,-1.00
46,58,50,0,0.40,-1.00
46,59,50,0,0.36,-1.00
46,60,50,0,0.36,-1.00
46,61,50,0,0.38,-1.00
46,62,50,0,0.40,-1.00
46,63,50,0,0.44,-1.00
46,64,50,0,0.42,-1.00
46,65,50,0,0.38,-1.00
46,66,50,0,0.38,-1.00
46,67,50,0,0.38,-1.00
46,68,50,0,0.40,-1.00
46,69,50,0,0.36,-1.00
46,70,50,0,0.42,-1.00
46,71,50,0,0.36,-1.00
46,72,50,0,0.34,-1.00
46,73,50,0,0.24,-1.00
46,74,50,0,0.18,-1.00
46,75,50,0,0.20,-1.00
46,76,50,0,0.28,-1.00
46,77,50,0,0.24,-1.00
46,78,50,0,0.16,-1.00
46,79,50,0,0.16,-1.00
46,80,50,0,0.18,-1.00
46,81,50,0,0.14,-1.00
46,82,50,0,0.12,-1.00
46,83,50,0,0.18,-1.00
46,84,50,0,0.24,-1.00
46,85,50,0,0.18,-1.00
46,86,50,0,0.20,-1.00
46,87,50,0,0.12,-1.00
46,88,50,0,0.20,-1.00
46,89,50,0,0.24,-1.00
46,90,50,0,0.18,-1.00
46,91,50,0,0.20,-1.00
46,92,50,0,0.16,-1.00
46,93,50,0,0.12,-1.00
46,94,50,0,0.14,-1.00
46,95,50,0,0.10,-1.00
46,96,50,0,0.16,-1.00
46,97,50,0,0.14,-1.00
46,98,50,0,0.20,-1.00
46,99,50,0,0.16,-1.00
46,100,50,0,0.14,-1.00
46,101,50,0,0.16,-1.00
46,102,50,0,0.12,-1.00
46,103,50,0,0.04,-1.00
46,104,50,0,0.12,-1.00
46,105,50,0,0.10,-1.00
46,106,50,0,0.06,-1.00
46,107,50,0,0.04,-1.00
46,108,50,0,0.08,-1.00
46,109,50,0,0.12,-1.00
46,110,50,0,0.04,-1.00
46,111,50,0,0.00,-1.00
46,112,50,0,0.00,-1.00
46,113,50,0,0.00,-1.00
46,114,50,0,0.02,-1.00
46,115,50,0,0.00,-1.00
46,116,50,0,0.00,-1.00
46,117,50,0,0.00,-1.00
46,118,50,0,0.00,-1.00
46,119,50,0,0.00,-1.00
46,120,50,0,0.02,-1.00
46,121,50,0,0.04,-1.00
46,122,50,0,0.06,-1.00
46,123,50,0,0.08,-1.00
46,124,50,0,0.08,-1.00
46,125,50,0,0.08,-1.00
46,126,50,0,0.12,-1.00
46,127,50,0,0.18,-1.00
46,128,50,0,0.20,-1.00
46,129,50,0,0.14,-1.00
46,130,50,0,0.08,-1.00
46,131,50,0,0.10,-1.00
46,132,50,0,0.12,-1.00
46,133,50,0,0.10,-1.00
46,134,50,0,0.08,-1.00
46,135,50,0,0.02,-1.00
46,136,50,0,0.02,-1.00
46,137,50,0,0.04,-1.00
46,138,50,0,0.18,-1.00
46,139,50,0,0.24,-1.00
46,140,50,0,0.24,-1.00
46,141,50,0,0.20,-1.00
46,142,50,0,0.20,-1.00
46,143,50,0,0.18,-1.00
46,144,50,0,0.26,-1.00
46,145,50,0,0.22,-1.00
46,146,50,0,0.26,-1.00
46,147,50,0,0.24,-1.00
46,148,50,0,0.12,-1.00
46,149,50,0,0.08,-1.00
46,150,50,0,0.14,-1.00
46,151,50,0,0.12,-1.00
46,152,50,0,0.10,-1.00
46,153,50,0,0.04,-1.00
46,154,50,0,0.12,-1.00
46,155,50,0,0.04,-1.00
46,156,50,0,0.08,-1.00
46,157,50,0,0.06,-1.00
46,158,50,0,0.04,-1.00
46,159,50,0,0.04,-1.00
46,160,50,0,0.06,-1.00
46,161,50,0,0.06,-1.00
46,162,50,0,0.16,-1.00
46,163,50,0,0.16,-1.00
46,164,50,0,0.10,-1.00
46,165,50,0,0.12,-1.00
46,166,50,0,0.16,-1.00
46,167,50,0,0.16,-1.00
46,168,50,0,0.20,-1.00
46,169,50,0,0.28,-1.00
46,170,50,0,0.20,-1.00
46,171,50,0,0.24,-1.00
46,172,50,0,0.30,-1.00
46,173,50,0,0.30,-1.00
46,174,50,0,0.28,-1.00
46,175,50,0,0.22,-1.00
46,176,50,0,0.24,-1.00
46,177,50,0,0.32,-1.00
46,178,50,0,0.34,-1.00
46,179,50,0,0.30,-1.00
46,180,50,0,0.32,-1.00
46,181,50,0,0.22,-1.00
46,182,50,0,0.20,-1.00
46,183,50,0,0.16,-1.00
46,184,50,0,0.24,-1.00
46,185,50,0,0.24,-1.00
46,186,50,0,0.14,-1.00
46,187,50,0,0.06,-1.00
46,188,50,0,0.06,-1.00
46,189,50,0,0.10,-1.00
46,190,50,0,0.12,-1.00
46,191,50,0,0.10,-1.00
46,192,50,0,0.14,-1.00
46,193,50,0,0.18,-1.00
46,194,50,0,0.14,-1.00
46,195,50,0,0.10,-1.00
46,196,50,0,0.10,-1.00
46,197,50,0,0.16,-1.00
46,198,50,0,0.16,-1.00
46,199,50,0,0.14,-1.00
46,200,50,0,0.06,-1.00
46,201,50,0,0.16,-1.00
46,202,50,0,0.20,-1.00
46,203,50,0,0.20,-1.00
46,204,50,0,0.22,-1.00
46,205,50,0,0.16,-1.00
46,206,50,0,0.16,-1.00
46,207,50,0,0.16,-1.00
46,208,50,0,0.24,-1.00
46,209,50,0,0.22,-1.00
46,210,50,0,0.14,-1.00
46,211,50,0,0.12,-1.00
46,212,50,0,0.18,-1.00
46,213,50,0,0.14,-1.00
46,214,50,0,0.12,-1.00
46,215,50,0,0.20,-1.00
46,216,50,0,0.24,-1.00
46,217,50,0,0.20,-1.00
46,218,50,0,0.28,-1.00
46,219,50,0,0.28,-1.00
46,220,50,0,0.36,-1.00
46,221,50,0,0.42,-1.00
46,222,50,0,0.28,-1.00
46,223,50,0,0.22,-1.00
46,224,50,0,0.26,-1.00
46,225,50,0,0.36,-1.00
46,226,50,0,0.26,-1.00
46,227,50,0,0.40,-1.00
46,228,50,0,0.28,-1.00
46,229,50,0,0.28,-1.00
46,230,50,0,0.16,-1.00
46,231,50,0,0.30,-1.00
46,232,50,0,0.40,-1.00
46,233,50,0,0.38,-1.00
46,234,50,0,0.36,-1.00
46,235,50,0,0.40,-1.00
46,236,50,0,0.46,-1.00
46,237,50,0,0.32,-1.00
46,238,50,0,0.16,-1.00
46,239,50,0,0.14,-1.00
46,240,50,0,0.14,-1.00
46,241,50,0,0.14,-1.00
46,242,50,0,0.10,-1.00
46,243,50,0,0.20,-1.00
46,244,50,0,0.30,-1.00
46,245,50,0,0.24,-1.00
46,246,50,0,0.16,-1.00
46,247,50,0,0.14,-1.00
46,248,50,0,0.16,-1.00
46,249,50,0,0.16,-1.00
46,250,50,0,0.18,-1.00
46,251,50,0,0.22,-1.00
46,252,50,0,0.16,-1.00
46,253,50,0,0.20,-1.00
46,254,50,0,0.28,-1.00
46,255,50,0,0.40,-1.00
46,256,50,0,0.38,-1.00
46,257,50,0,0.32,-1.00
46,258,50,0,0.18,-1.00
46,259,50,0,0.22,-1.00
46,260,50,0,0.14,-1.00
46,261,50,0,0.18,-1.00
46,262,50,0,0.28,-1.00
46,263,50,0,0.22,-1.00
46,264,50,0,0.20,-1.00
46,265,50,0,0.14,-1.00
46,266,50,0,0.22,-1.00
46,267,50,0,0.18,-1.00
46,268,50,0,0.14,-1.00
46,269,50,0,0.16,-1.00
46,270,50,0,0.10,-1.00
46,271,50,0,0.10,-1.00
46,272,50,0,0.18,-1.00
46,273,50,0,0.28,-1.00
46,274,50,0,0.18,-1.00
46,275,50,0,0.06,-1.00
46,276,50,0,0.06,-1.00
46,277,50,0,0.02,-1.00
46,278,50,0,0.02,-1.00
46,279,50,0,0.00,-1.00
46,280,50,0,0.00,-1.00
46,281,50,0,0.00,-1.00
46,282,50,0,0.00,-1.00
46,283,50,0,0.00,-1.00
46,284,50,0,0.00,-1.00
46,285,50,0,0.00,-1.00
46,286,50,0,0.06,-1.00
46,287,50,0,0.10,-1.00
46,288,50,0,0.12,-1.00
46,289,50,0,0.14,-1.00
46,290,50,0,0.14,-1.00
46,291,50,0,0.12,-1.00
46,292,50,0,0.06,-1.00
46,293,50,0,0.04,-1.00
46,294,50,0,0.02,-1.00
46,295,50,0,0.04,-1.00
46,296,50,0,0.06,-1.00
46,297,50,0,0.02,-1.00
46,298,50,0,0.04,-1.00
46,299,50,0,0.02,-1.00
46,300,50,0,0.00,-1.00
46,301,50,0,0.00,-1.00
46,302,50,0,0.00,-1.00
46,303,50,0,0.00,-1.00
46,304,50,0,0.00,-1.00
46,305,50,0,0.00,-1.00
46,306,50,0,0.00,-1.00
46,307,50,0,0.00,-1.00
46,308,50,0,0.00,-1.00
46,309,50,0,0.06,-1.00
46,310,50,0,0.10,-1.00
46,311,50,0,0.06,-1.00
46,312,50,0,0.02,-1.00
46,313,50,0,0.04,-1.00
46,314,50,0,0.02,-1.00
46,315,50,0,0.00,-1.00
46,316,50,0,0.02,-1.00
46,317,50,0,0.02,-1.00
46,318,50,0,0.02,-1.00
46,319,50,0,0.02,-1.00
46,320,50,0,0.06,-1.00
46,321,50,0,0.06,-1.00
46,322,50,0,0.04,-1.00
46,323,50,0,0.06,-1.00
46,324,50,0,0.12,-1.00
46,325,50,0,0.06,-1.00
46,326,50,0,0.10,-1.00
46,327,50,0,0.16,-1.00
46,328,50,0,0.18,-1.00
46,329,50,0,0.14,-1.00
46,330,50,0,0.18,-1.00
46,331,50,0,0.16,-1.00
46,332,50,0,0.14,-1.00
46,333,50,0,0.16,-1.00
46,334,50,0,0.18,-1.00
46,335,50,0,0.20,-1.00
46,336,50,0,0.20,-1.00
46,337,50,0,0.22,-1.00
46,338,50,0,0.30,-1.00
46,339,50,0,0.22,-1.00
46,340,50,0,0.20,-1.00
46,341,50,0,0.22,-1.00
46,342,50,0,0.22,-1.00
46,343,50,0,0.18,-1.00
46,344,50,0,0.14,-1.00
46,345,50,0,0.24,-1.00
46,346,50,0,0.26,-1.00
46,347,50,0,0.32,-1.00
46,348,50,0,0.28,-1.00
46,349,50,0,0.26,-1.00
46,350,50,0,0.26,-1.00
46,351,50,0,0.24,-1.00
46,352,50,0,0.32,-1.00
46,353,50,0,0.24,-1.00
46,354,50,0,0.22,-1.00
46,355,50,0,0.18,-1.00
46,356,50,0,0.16,-1.00
46,357,50,0,0.26,-1.00
46,358,50,0,0.28,-1.00
46,359,50,0,0.20,-1.00
46,360,50,0,0.16,-1.00
46,361,50,0,0.16,-1.00
46,362,50,0,0.18,-1.00
46,363,50,0,0.16,-1.00
46,364,50,0,0.14,-1.00
46,365,50,0,0.18,-1.00
46,366,50,0,0.22,-1.00
46,367,50,0,0.16,-1.00
46,368,50,0,0.16,-1.00
46,369,50,0,0.10,-1.00
46,370,50,0,0.06,-1.00
46,371,50,0,0.02,-1.00
46,372,50,0,0.04,-1.00
46,373,50,0,0.06,-1.00
46,374,50,0,0.04,-1.00
46,375,50,0,0.08,-1.00
46,376,50,0,0.16,-1.00
46,377,50,0,0.14,-1.00
46,378,50,0,0.12,-1.00
46,379,50,0,0.12,-1.00
46,380,50,0,0.06,-1.00
46,381,50,0,0.06,-1.00
46,382,50,0,0.12,-1.00
46,383,50,0,0.08,-1.00
46,384,50,0,0.08,-1.00
46,385,50,0,0.06,-1.00
46,386,50,0,0.06,-1.00
46,387,50,0,0.06,-1.00
46,388,50,0,0.04,-1.00
46,389,50,0,0.08,-1.00
46,390,50,0,0.08,-1.00
46,391,50,0,0.10,-1.00
46,392,50,0,0.10,-1.00
46,393,50,0,0.12,-1.00
46,394,50,0,0.08,-1.00
46,395,50,0,0.08,-1.00
46,396,50,0,0.08,-1.00
46,397,50,0,0.10,-1.00
46,398,50,0,0.06,-1.00
46,399,50,0,0.02,-1.00
46,400,50,0,0.04,-1.00
46,401,50,0,0.08,-1.00
46,402,50,0,0.18,-1.00
46,403,50,0,0.22,-1.00
46,404,50,0,0.20,-1.00
46,405,50,0,0.14,-1.00
46,406,50,0,0.18,-1.00
46,407,50,0,0.18,-1.00
46,408,50,0,0.22,-1.00
46,409,50,0,0.16,-1.00
46,410,50,0,0.20,-1.00
46,411,50,0,0.20,-1.00
46,412,50,0,0.24,-1.00
46,413,50,0,0.24,-1.00
46,414,50,0,0.20,-1.00
46,415,50,0,0.18,-1.00
46,416,50,0,0.10,-1.00
46,417,50,0,0.14,-1.00
46,418,50,0,0.10,-1.00
46,419,50,0,0.08,-1.00
46,420,50,0,0.10,-1.00
46,421,50,0,0.10,-1.00
46,422,50,0,0.10,-1.00
46,423,50,0,0.08,-1.00
46,424,50,0,0.04,-1.00
46,425,50,0,0.00,-1.00
46,426,50,0,0.00,-1.00
46,427,50,0,0.02,-1.00
46,428,50,0,0.08,-1.00
46,429,50,0,0.06,-1.00
46,430,50,0,0.06,-1.00
46,431,50,0,0.02,-1.00
46,432,50,0,0.02,-1.00
46,433,50,0,0.02,-1.00
46,434,50,0,0.00,-1.00
46,435,50,0,0.00,-1.00
46,436,50,0,0.00,-1.00
46,437,50,0,0.00,-1.00
46,438,50,0,0.00,-1.00
46,439,50,0,0.06,-1.00
46,440,50,0,0.08,-1.00
46,441,50,0,0.12,-1.00
46,442,50,0,0.12,-1.00
46,443,50,0,0.06,-1.00
46,444,50,0,0.08,-1.00
46,445,50,0,0.06,-1.00
46,446,50,0,0.02,-1.00
46,447,50,0,0.00,-1.00
46,448,50,0,0.02,-1.00
46,449,50,0,0.04,-1.00
46,450,50,0,0.02,-1.00
46,451,50,0,0.02,-1.00
46,452,50,0,0.02,-1.00
46,453,50,0,0.04,-1.00
46,454,50,0,0.00,-1.00
46,455,50,0,0.00,-1.00
46,456,50,0,0.00,-1.00
46,457,50,0,0.00,-1.00
46,458,50,0,0.00,-1.00
46,459,50,0,0.00,-1.00
46,460,50,0,0.00,-1.00
46,461,50,0,0.00,-1.00
46,462,50,0,0.00,-1.00
46,463,50,0,0.04,-1.00
46,464,50,0,0.00,-1.00
46,465,50,0,0.00,-1.00
46,466,50,0,0.06,-1.00
46,467,50,0,0.10,-1.00
46,468,50,0,0.10,-1.00
46,469,50,0,0.14,-1.00
46,470,50,0,0.10,-1.00
46,471,50,0,0.22,-1.00
46,472,50,0,0.24,-1.00
46,473,50,0,0.22,-1.00
46,474,50,0,0.22,-1.00
46,475,50,0,0.10,-1.00
46,476,50,0,0.12,-1.00
46,477,50,0,0.08,-1.00
46,478,50,0,0.06,-1.00
46,479,50,0,0.06,-1.00
46,480,50,0,0.06,-1.00
46,481,50,0,0.10,-1.00
46,482,50,0,0.12,-1.00
46,483,50,0,0.16,-1.00
46,484,50,0,0.12,-1.00
46,485,50,0,0.12,-1.00
46,486,50,0,0.04,-1.00
46,487,50,0,0.02,-1.00
46,488,50,0,0.06,-1.00
46,489,50,0,0.14,-1.00
46,490,50,0,0.12,-1.00
46,491,50,0,0.10,-1.00
46,492,50,0,0.16,-1.00
46,493,50,0,0.18,-1.00
46,494,50,0,0.18,-1.00
46,495,50,0,0.14,-1.00
46,496,50,0,0.16,-1.00
46,497,50,0,0.14,-1.00
46,498,50,0,0.14,-1.00
46,499,50,0,0.14,-1.00
46,500,50,0,0.12,-1.00
47,1,50,0,0.00,-1.00
47,2,50,0,0.02,-1.00
47,3,50,0,0.00,-1.00
47,4,50,0,0.00,-1.00
47,5,50,0,0.00,-1.00
47,6,50,0,0.04,-1.00
47,7,50,0,0.06,-1.00
47,8,50,0,0.10,-1.00
47,9,50,0,0.06,-1.00
47,10,50,0,0.04,-1.00
47,11,50,0,0.04,-1.00
47,12,50,0,0.02,-1.00
47,13,50,0,0.06,-1.00
47,14,50,0,0.06,-1.00
47,15,50,0,0.06,-1.00
47,16,50,0,0.06,-1.00
47,17,50,0,0.08,-1.00
47,18,50,0,0.14,-1.00
47,19,50,0,0.10,-1.00
47,20,50,0,0.08,-1.00
47,21,50,0,0.02,-1.00
47,22,50,0,0.08,-1.00
47,23,50,0,0.10,-1.00
47,24,50,0,0.04,-1.00
47,25,50,0,0.02,-1.00
47,26,50,0,0.02,-1.00
47,27,50,0,0.02,-1.00
47,28,50,0,0.08,-1.00
47,29,50,0,0.08,-1.00
47,30,50,0,0.04,-1.00
47,31,50,0,0.02,-1.00
47,32,50,0,0.04,-1.00
47,33,50,0,0.00,-1.00
47,34,50,0,0.00,-1.00
47,35,50,0,0.00,-1.00
47,36,50,0,0.02,-1.00
47,37,50,0,0.02,-1.00
47,38,50,0,0.02,-1.00
47,39,50,0,0.00,-1.00
47,40,50,0,0.00,-1.00
47,41,50,0,0.00,-1.00
47,42,50,0,0.00,-1.00
47,43,50,0,0.04,-1.00
47,44,50,0,0.04,-1.00
47,45,50,0,0.06,-1.00
47,46,50,0,0.04,-1.00
47,47,50,0,0.02,-1.00
47,48,50,0,0.06,-1.00
47,49,50,0,0.06,-1.00
47,50,50,0,0.06,-1.00
47,51,50,0,0.06,-1.00
47,52,50,0,0.10,-1.00
47,53,50,0,0.04,-1.00
47,54,50,0,0.02,-1.00
47,55,50,0,0.04,-1.00
47,56,50,0,0.02,-1.00
47,57,50,0,0.00,-1.00
47,58,50,0,0.00,-1.00
47,59,50,0,0.02,-1.00
47,60,50,0,0.00,-1.00
47,61,50,0,0.00,-1.00
47,62,50,0,0.00,-1.00
47,63,50,0,0.00,-1.00
47,64,50,0,0.00,-1.00
47,65,50,0,0.00,-1.00
47,66,50,0,0.00,-1.00
47,67,50,0,0.02,-1.00
47,68,50,0,0.02,-1.00
47,69,50,0,0.02,-1.00
47,70,50,0,0.02,-1.00
47,71,50,0,0.02,-1.00
47,72,50,0,0.00,-1.00
47,73,50,0,0.00,-1.00
47,74,50,0,0.00,-1.00
47,75,50,0,0.02,-1.00
47,76,50,0,0.04,-1.00
47,77,50,0,0.12,-1.00
47,78,50,0,0.14,-1.00
47,79,50,0,0.14,-1.00
47,80,50,0,0.18,-1.00
47,81,50,0,0.12,-1.00
47,82,50,0,0.12,-1.00
47,83,50,0,0.08,-1.00
47,84,50,0,0.12,-1.00
47,85,50,0,0.10,-1.00
47,86,50,0,0.04,-1.00
47,87,50,0,0.06,-1.00
47,88,50,0,0.04,-1.00
47,89,50,0,0.10,-1.00
47,90,50,0,0.04,-1.00
47,91,50,0,0.14,-1.00
47,92,50,0,0.16,-1.00
47,93,50,0,0.14,-1.00
47,94,50,0,0.16,-1.00
47,95,50,0,0.16,-1.00
47,96,50,0,0.36,-1.00
47,97,50,0,0.24,-1.00
47,98,50,0,0.22,-1.00
47,99,50,0,0.18,-1.00
47,100,50,0,0.20,-1.00
47,101,50,0,0.14,-1.00
47,102,50,0,0.14,-1.00
47,103,50,0,0.12,-1.00
47,104,50,0,0.08,-1.00
47,105,50,0,0.06,-1.00
47,106,50,0,0.04,-1.00
47,107,50,0,0.06,-1.00
47,108,50,0,0.14,-1.00
47,109,50,0,0.08,-1.00
47,110,50,0,0.08,-1.00
47,111,50,0,0.10,-1.00
47,112,50,0,0.08,-1.00
47,113,50,0,0.08,-1.00
47,114,50,0,0.06,-1.00
47,115,50,0,0.08,-1.00
47,116,50,0,0.08,-1.00
47,117,50,0,0.08,-1.00
47,118,50,0,0.02,-1.00
47,119,50,0,0.00,-1.00
47,120,50,0,0.00,-1.00
47,121,50,0,0.00,-1.00
47,122,50,0,0.00,-1.00
47,123,50,0,0.00,-1.00
47,124,50,0,0.00,-1.00
47,125,50,0,0.00,-1.00
47,126,50,0,0.00,-1.00
47,127,50,0,0.00,-1.00
47,128,50,0,0.00,-1.00
47,129,50,0,0.00,-1.00
47,130,50,0,0.00,-1.00
47,131,50,0,0.00,-1.00
47,132,50,0,0.00,-1.00
47,133,50,0,0.00,-1.00
47,134,50,0,0.00,-1.00
47,135,50,0,0.02,-1.00
47,136,50,0,0.02,-1.00
47,137,50,0,0.02,-1.00
47,138,50,0,0.00,-1.00
47,139,50,0,0.00,-1.00
47,140,50,0,0.00,-1.00
47,141,50,0,0.00,-1.00
47,142,50,0,0.00,-1.00
47,143,50,0,0.00,-1.00
47,144,50,0,0.00,-1.00
47,145,50,0,0.00,-1.00
47,146,50,0,0.00,-1.00
47,147,50,0,0.02,-1.00
47,148,50,0,0.04,-1.00
47,149,50,0,0.02,-1.00
47,150,50,0,0.06,-1.00
47,151,50,0,0.06,-1.00
47,152,50,0,0.08,-1.00
47,153,50,0,0.14,-1.00
47,154,50,0,0.16,-1.00
47,155,50,0,0.22,-1.00
47,156,50,0,0.18,-1.00
47,157,50,0,0.24,-1.00
47,158,50,0,0.20,-1.00
47,159,50,0,0.22,-1.00
47,160,50,0,0.24,-1.00
47,161,50,0,0.32,-1.00
47,162,50,0,0.24,-1.00
47,163,50,0,0.26,-1.00
47,164,50,0,0.20,-1.00
47,165,50,0,0.22,-1.00
47,166,50,0,0.32,-1.00
47,167,50,0,0.30,-1.00
47,168,50,0,0.22,-1.00
47,169,50,0,0.26,-1.00
47,170,50,0,0.34,-1.00
47,171,50,0,0.36,-1.00
47,172,50,0,0.34,-1.00
47,173,50,0,0.22,-1.00
47,174,50,0,0.26,-1.00
47,175,50,0,0.30,-1.00
47,176,50,0,0.30,-1.00
47,177,50,0,0.38,-1.00
47,178,50,0,0.30,-1.00
47,179,50,0,0.36,-1.00
47,180,50,0,0.30,-1.00
47,181,50,0,0.30,-1.00
47,182,50,0,0.22,-1.00
47,183,50,0,0.20,-1.00
47,184,50,0,0.12,-1.00
47,185,50,0,0.14,-1.00
47,186,50,0,0.16,-1.00
47,187,50,0,0.18,-1.00
47,188,50,0,0.12,-1.00
47,189,50,0,0.02,-1.00
47,190,50,0,0.00,-1.00
47,191,50,0,0.02,-1.00
47,192,50,0,0.00,-1.00
47,193,50,0,0.00,-1.00
47,194,50,0,0.06,-1.00
47,195,50,0,0.12,-1.00
47,196,50,0,0.14,-1.00
47,197,50,0,0.14,-1.00
47,198,50,0,0.08,-1.00
47,199,50,0,0.06,-1.00
47,200,50,0,0.06,-1.00
47,201,50,0,0.04,-1.00
47,202,50,0,0.16,-1.00
47,203,50,0,0.22,-1.00
47,204,50,0,0.20,-1.00
47,205,50,0,0.14,-1.00
47,206,50,0,0.16,-1.00
47,207,50,0,0.08,-1.00
47,208,50,0,0.12,-1.00
47,209,50,0,0.06,-1.00
47,210,50,0,0.00,-1.00
47,211,50,0,0.00,-1.00
47,212,50,0,0.00,-1.00
47,213,50,0,0.00,-1.00
47,214,50,0,0.00,-1.00
47,215,50,0,0.00,-1.00
47,216,50,0,0.02,-1.00
47,217,50,0,0.02,-1.00
47,218,50,0,0.02,-1.00
47,219,50,0,0.02,-1.00
47,220,50,0,0.02,-1.00
47,221,50,0,0.06,-1.00
47,222,50,0,0.06,-1.00
47,223,50,0,0.16,-1.00
47,224,50,0,0.20,-1.00
47,225,50,0,0.18,-1.00
47,226,50,0,0.04,-1.00
47,227,50,0,0.04,-1.00
47,228,50,0,0.02,-1.00
47,229,50,0,0.00,-1.00
47,230,50,0,0.00,-1.00
47,231,50,0,0.00,-1.00
47,232,50,0,0.02,-1.00
47,233,50,0,0.02,-1.00
47,234,50,0,0.06,-1.00
47,235,50,0,0.00,-1.00
47,236,50,0,0.00,-1.00
47,237,50,0,0.00,-1.00
47,238,50,0,0.00,-1.00
47,239,50,0,0.00,-1.00
47,240,50,0,0.02,-1.00
47,241,50,0,0.02,-1.00
47,242,50,0,0.04,-1.00
47,243,50,0,0.04,-1.00
47,244,50,0,0.04,-1.00
47,245,50,0,0.04,-1.00
47,246,50,0,0.06,-1.00
47,247,50,0,0.00,-1.00
47,248,50,0,0.00,-1.00
47,249,50,0,0.02,-1.00
47,250,50,0,0.00,-1.00
47,251,50,0,0.00,-1.00
47,252,50,0,0.00,-1.00
47,253,50,0,0.04,-1.00
47,254,50,0,0.12,-1.00
47,255,50,0,0.18,-1.00
47,256,50,0,0.08,-1.00
47,257,50,0,0.06,-1.00
47,258,50,0,0.06,-1.00
47,259,50,0,0.02,-1.00
47,260,50,0,0.00,-1.00
47,261,50,0,0.02,-1.00
47,262,50,0,0.04,-1.00
47,263,50,0,0.02,-1.00
47,264,50,0,0.08,-1.00
47,265,50,0,0.14,-1.00
47,266,50,0,0.12,-1.00
47,267,50,0,0.14,-1.00
47,268,50,0,0.14,-1.00
47,269,50,0,0.22,-1.00
47,270,50,0,0.26,-1.00
47,271,50,0,0.18,-1.00
47,272,50,0,0.18,-1.00
47,273,50,0,0.10,-1.00
47,274,50,0,0.16,-1.00
47,275,50,0,0.14,-1.00
47,276,50,0,0.14,-1.00
47,277,50,0,0.12,-1.00
47,278,50,0,0.18,-1.00
47,279,50,0,0.22,-1.00
47,280,50,0,0.20,-1.00
47,281,50,0,0.08,-1.00
47,282,50,0,0.10,-1.00
47,283,50,0,0.24,-1.00
47,284,50,0,0.20,-1.00
47,285,50,0,0.10,-1.00
47,286,50,0,0.10,-1.00
47,287,50,0,0.02,-1.00
47,288,50,0,0.06,-1.00
47,289,50,0,0.06,-1.00
47,290,50,0,0.08,-1.00
47,291,50,0,0.02,-1.00
47,292,50,0,0.00,-1.00
47,293,50,0,0.00,-1.00
47,294,50,0,0.00,-1.00
47,295,50,0,0.00,-1.00
47,296,50,0,0.02,-1.00
47,297,50,0,0.00,-1.00
47,298,50,0,0.00,-1.00
47,299,50,0,0.00,-1.00
47,300,50,0,0.04,-1.00
47,301,50,0,0.04,-1.00
47,302,50,0,0.02,-1.00
47,303,50,0,0.00,-1.00
47,304,50,0,0.00,-1.00
47,305,50,0,0.00,-1.00
47,306,50,0,0.00,-1.00
47,307,50,0,0.00,-1.00
47,308,50,0,0.00,-1.00
47,309,50,0,0.00,-1.00
47,310,50,0,0.00,-1.00
47,311,50,0,0.00,-1.00
47,312,50,0,0.02,-1.00
47,313,50,0,0.06,-1.00
47,314,50,0,0.02,-1.00
47,315,50,0,0.04,-1.00
47,316,50,0,0.00,-1.00
47,317,50,0,0.00,-1.00
47,318,50,0,0.00,-1.00
47,319,50,0,0.00,-1.00
47,320,50,0,0.00,-1.00
47,321,50,0,0.00,-1.00
47,322,50,0,0.00,-1.00
47,323,50,0,0.00,-1.00
47,324,50,0,0.00,-1.00
47,325,50,0,0.02,-1.00
47,326,50,0,0.02,-1.00
47,327,50,0,0.00,-1.00
47,328,50,0,0.00,-1.00
47,329,50,0,0.00,-1.00
47,330,50,0,0.00,-1.00
47,331,50,0,0.00,-1.00
47,332,50,0,0.00,-1.00
47,333,50,0,0.06,-1.00
47,334,50,0,0.04,-1.00
47,335,50,0,0.02,-1.00
47,336,50,0,0.02,-1.00
47,337,50,0,0.08,-1.00
47,338,50,0,0.04,-1.00
47,339,50,0,0.04,-1.00
47,340,50,0,0.04,-1.00
47,341,50,0,0.04,-1.00
47,342,50,0,0.02,-1.00
47,343,50,0,0.00,-1.00
47,344,50,0,0.00,-1.00
47,345,50,0,0.00,-1.00
47,346,50,0,0.00,-1.00
47,347,50,0,0.00,-1.00
47,348,50,0,0.00,-1.00
47,349,50,0,0.00,-1.00
47,350,50,0,0.00,-1.00
47,351,50,0,0.00,-1.00
47,352,50,0,0.06,-1.00
47,353,50,0,0.04,-1.00
47,354,50,0,0.02,-1.00
47,355,50,0,0.04,-1.00
47,356,50,0,0.02,-1.00
47,357,50,0,0.02,-1.00
47,358,50,0,0.04,-1.00
47,359,50,0,0.06,-1.00
47,360,50,0,0.02,-1.00
47,361,50,0,0.00,-1.00
47,362,50,0,0.04,-1.00
47,363,50,0,0.04,-1.00
47,364,50,0,0.02,-1.00
47,365,50,0,0.02,-1.00
47,366,50,0,0.00,-1.00
47,367,50,0,0.00,-1.00
47,368,50,0,0.00,-1.00
47,369,50,0,0.02,-1.00
47,370,50,0,0.02,-1.00
47,371,50,0,0.06,-1.00
47,372,50,0,0.10,-1.00
47,373,50,0,0.10,-1.00
47,374,50,0,0.08,-1.00
47,375,50,0,0.06,-1.00
47,376,50,0,0.12,-1.00
47,377,50,0,0.10,-1.00
47,378,50,0,0.10,-1.00
47,379,50,0,0.00,-1.00
47,380,50,0,0.02,-1.00
47,381,50,0,0.00,-1.00
47,382,50,0,0.00,-1.00
47,383,50,0,0.06,-1.00
47,384,50,0,0.02,-1.00
47,385,50,0,0.00,-1.00
47,386,50,0,0.00,-1.00
47,387,50,0,0.00,-1.00
47,388,50,0,0.06,-1.00
47,389,50,0,0.12,-1.00
47,390,50,0,0.16,-1.00
47,391,50,0,0.20,-1.00
47,392,50,0,0.08,-1.00
47,393,50,0,0.04,-1.00
47,394,50,0,0.00,-1.00
47,395,50,0,0.00,-1.00
47,396,50,0,0.00,-1.00
47,397,50,0,0.00,-1.00
47,398,50,0,0.02,-1.00
47,399,50,0,0.02,-1.00
47,400,50,0,0.06,-1.00
47,401,50,0,0.04,-1.00
47,402,50,0,0.02,-1.00
47,403,50,0,0.04,-1.00
47,404,50,0,0.02,-1.00
47,405,50,0,0.00,-1.00
47,406,50,0,0.00,-1.00
47,407,50,0,0.00,-1.00
47,408,50,0,0.00,-1.00
47,409,50,0,0.00,-1.00
47,410,50,0,0.00,-1.00
47,411,50,0,0.04,-1.00
47,412,50,0,0.00,-1.00
47,413,50,0,0.06,-1.00
47,414,50,0,0.00,-1.00
47,415,50,0,0.00,-1.00
47,416,50,0,0.00,-1.00
47,417,50,0,0.00,-1.00
47,418,50,0,0.00,-1.00
47,419,50,0,0.00,-1.00
47,420,50,0,0.00,-1.00
47,421,50,0,0.00,-1.00
47,422,50,0,0.00,-1.00
47,423,50,0,0.00,-1.00
47,424,50,0,0.02,-1.00
47,425,50,0,0.00,-1.00
47,426,50,0,0.00,-1.00
47,427,50,0,0.00,-1.00
47,428,50,0,0.00,-1.00
47,429,50,0,0.00,-1.00
47,430,50,0,0.00,-1.00
47,431,50,0,0.00,-1.00
47,432,50,0,0.06,-1.00
47,433,50,0,0.08,-1.00
47,434,50,0,0.10,-1.00
47,435,50,0,0.12,-1.00
47,436,50,0,0.10,-1.00
47,437,50,0,0.06,-1.00
47,438,50,0,0.06,-1.00
47,439,50,0,0.12,-1.00
47,440,50,0,0.08,-1.00
47,441,50,0,0.04,-1.00
47,442,50,0,0.02,-1.00
47,443,50,0,0.04,-1.00
47,444,50,0,0.02,-1.00
47,445,50,0,0.02,-1.00
47,446,50,0,0.00,-1.00
47,447,50,0,0.02,-1.00
47,448,50,0,0.02,-1.00
47,449,50,0,0.00,-1.00
47,450,50,0,0.00,-1.00
47,451,50,0,0.00,-1.00
47,452,50,0,0.02,-1.00
47,453,50,0,0.02,-1.00
47,454,50,0,0.00,-1.00
47,455,50,0,0.00,-1.00
47,456,50,0,0.00,-1.00
47,457,50,0,0.02,-1.00
47,458,50,0,0.00,-1.00
47,459,50,0,0.00,-1.00
47,460,50,0,0.00,-1.00
47,461,50,0,0.00,-1.00
47,462,50,0,0.00,-1.00
47,463,50,0,0.00,-1.00
47,464,50,0,0.00,-1.00
47,465,50,0,0.00,-1.00
47,466,50,0,0.00,-1.00
47,467,50,0,0.00,-1.00
47,468,50,0,0.02,-1.00
47,469,50,0,0.02,-1.00
47,470,50,0,0.00,-1.00
47,471,50,0,0.02,-1.00
47,472,50,0,0.06,-1.00
47,473,50,0,0.04,-1.00
47,474,50,0,0.04,-1.00
47,475,50,0,0.04,-1.00
47,476,50,0,0.04,-1.00
47,477,50,0,0.02,-1.00
47,478,50,0,0.08,-1.00
47,479,50,0,0.06,-1.00
47,480,50,0,0.06,-1.00
47,481,50,0,0.08,-1.00
47,482,50,0,0.04,-1.00
47,483,50,0,0.02,-1.00
47,484,50,0,0.02,-1.00
47,485,50,0,0.00,-1.00
47,486,50,0,0.00,-1.00
47,487,50,0,0.00,-1.00
47,488,50,0,0.08,-1.00
47,489,50,0,0.04,-1.00
47,490,50,0,0.02,-1.00
47,491,50,0,0.00,-1.00
47,492,50,0,0.00,-1.00
47,493,50,0,0.00,-1.00
47,494,50,0,0.00,-1.00
47,495,50,0,0.00,-1.00
47,496,50,0,0.04,-1.00
47,497,50,0,0.00,-1.00
47,498,50,0,0.00,-1.00
47,499,50,0,0.00,-1.00
47,500,50,0,0.00,-1.00
48,1,50,0,0.00,-1.00
48,2,50,0,0.00,-1.00
48,3,50,0,0.00,-1.00
48,4,50,0,0.00,-1.00
48,5,50,0,0.02,-1.00
48,6,50,0,0.02,-1.00
48,7,50,0,0.00,-1.00
48,8,50,0,0.00,-1.00
48,9,50,0,0.00,-1.00
48,10,50,0,0.00,-1.00
48,11,50,0,0.00,-1.00
48,12,50,0,0.00,-1.00
48,13,50,0,0.00,-1.00
48,14,50,0,0.00,-1.00
48,15,50,0,0.00,-1.00
48,16,50,0,0.00,-1.00
48,17,50,0,0.00,-1.00
48,18,50,0,0.00,-1.00
48,19,50,0,0.02,-1.00
48,20,50,0,0.02,-1.00
48,21,50,0,0.00,-1.00
48,22,50,0,0.00,-1.00
48,23,50,0,0.04,-1.00
48,24,50,0,0.08,-1.00
48,25,50,0,0.10,-1.00
48,26,50,0,0.14,-1.00
48,27,50,0,0.20,-1.00
48,28,50,0,0.20,-1.00
48,29,50,0,0.18,-1.00
48,30,50,0,0.14,-1.00
48,31,50,0,0.08,-1.00
48,32,50,0,0.02,-1.00
48,33,50,0,0.04,-1.00
48,34,50,0,0.00,-1.00
48,35,50,0,0.00,-1.00
48,36,50,0,0.00,-1.00
48,37,50,0,0.00,-1.00
48,38,50,0,0.00,-1.00
48,39,50,0,0.00,-1.00
48,40,50,0,0.00,-1.00
48,41,50,0,0.02,-1.00
48,42,50,0,0.00,-1.00
48,43,50,0,0.00,-1.00
48,44,50,0,0.00,-1.00
48,45,50,0,0.04,-1.00
48,46,50,0,0.12,-1.00
48,47,50,0,0.18,-1.00
48,48,50,0,0.16,-1.00
48,49,50,0,0.20,-1.00
48,50,50,0,0.34,-1.00
48,51,50,0,0.18,-1.00
48,52,50,0,0.16,-1.00
48,53,50,0,0.18,-1.00
48,54,50,0,0.14,-1.00
48,55,50,0,0.14,-1.00
48,56,50,0,0.20,-1.00
48,57,50,0,0.20,-1.00
48,58,50,0,0.20,-1.00
48,59,50,0,0.18,-1.00
48,60,50,0,0.12,-1.00
48,61,50,0,0.18,-1.00
48,62,50,0,0.24,-1.00
48,63,50,0,0.22,-1.00
48,64,50,0,0.28,-1.00
48,65,50,0,0.20,-1.00
48,66,50,0,0.24,-1.00
48,67,50,0,0.34,-1.00
48,68,50,0,0.28,-1.00
48,69,50,0,0.28,-1.00
48,70,50,0,0.28,-1.00
48,71,50,0,0.30,-1.00
48,72,50,0,0.18,-1.00
48,73,50,0,0.16,-1.00
48,74,50,0,0.10,-1.00
48,75,50,0,0.14,-1.00
48,76,50,0,0.08,-1.00
48,77,50,0,0.04,-1.00
48,78,50,0,0.06,-1.00
48,79,50,0,0.06,-1.00
48,80,50,0,0.00,-1.00
48,81,50,0,0.06,-1.00
48,82,50,0,0.04,-1.00
48,83,50,0,0.06,-1.00
48,84,50,0,0.04,-1.00
48,85,50,0,0.06,-1.00
48,86,50,0,0.08,-1.00
48,87,50,0,0.08,-1.00
48,88,50,0,0.06,-1.00
48,89,50,0,0.06,-1.00
48,90,50,0,0.04,-1.00
48,91,50,0,0.08,-1.00
48,92,50,0,0.12,-1.00
48,93,50,0,0.06,-1.00
48,94,50,0,0.06,-1.00
48,95,50,0,0.06,-1.00
48,96,50,0,0.12,-1.00
48,97,50,0,0.08,-1.00
48,98,50,0,0.16,-1.00
48,99,50,0,0.14,-1.00
48,100,50,0,0.08,-1.00
48,101,50,0,0.08,-1.00
48,102,50,0,0.10,-1.00
48,103,50,0,0.06,-1.00
48,104,50,0,0.04,-1.00
48,105,50,0,0.02,-1.00
48,106,50,0,0.02,-1.00
48,107,50,0,0.08,-1.00
48,108,50,0,0.10,-1.00
48,109,50,0,0.10,-1.00
48,110,50,0,0.12,-1.00
48,111,50,0,0.12,-1.00
48,112,50,0,0.10,-1.00
48,113,50,0,0.08,-1.00
48,114,50,0,0.06,-1.00
48,115,50,0,0.04,-1.00
48,116,50,0,0.08,-1.00
48,117,50,0,0.06,-1.00
48,118,50,0,0.04,-1.00
48,119,50,0,0.02,-1.00
48,120,50,0,0.00,-1.00
48,121,50,0,0.00,-1.00
48,122,50,0,0.00,-1.00
48,123,50,0,0.02,-1.00
48,124,50,0,0.00,-1.00
48,125,50,0,0.00,-1.00
48,126,50,0,0.00,-1.00
48,127,50,0,0.06,-1.00
48,128,50,0,0.12,-1.00
48,129,50,0,0.14,-1.00
48,130,50,0,0.18,-1.00
48,131,50,0,0.16,-1.00
48,132,50,0,0.10,-1.00
48,133,50,0,0.08,-1.00
48,134,50,0,0.12,-1.00
48,135,50,0,0.10,-1.00
48,136,50,0,0.06,-1.00
48,137,50,0,0.02,-1.00
48,138,50,0,0.08,-1.00
48,139,50,0,0.08,-1.00
48,140,50,0,0.16,-1.00
48,141,50,0,0.18,-1.00
48,142,50,0,0.20,-1.00
48,143,50,0,0.20,-1.00
48,144,50,0,0.20,-1.00
48,145,50,0,0.18,-1.00
48,146,50,0,0.14,-1.00
48,147,50,0,0.12,-1.00
48,148,50,0,0.06,-1.00
48,149,50,0,0.10,-1.00
48,150,50,0,0.06,-1.00
48,151,50,0,0.14,-1.00
48,152,50,0,0.08,-1.00
48,153,50,0,0.08,-1.00
48,154,50,0,0.16,-1.00
48,155,50,0,0.28,-1.00
48,156,50,0,0.26,-1.00
48,157,50,0,0.40,-1.00
48,158,50,0,0.48,-1.00
48,159,50,0,0.44,-1.00
48,160,50,0,0.52,-1.00
48,161,50,0,0.58,-1.00
48,162,50,0,0.52,-1.00
48,163,50,0,0.64,-1.00
48,164,50,0,0.58,-1.00
48,165,50,0,0.52,-1.00
48,166,50,0,0.34,-1.00
48,167,50,0,0.18,-1.00
48,168,50,0,0.12,-1.00
48,169,50,0,0.10,-1.00
48,170,50,0,0.06,-1.00
48,171,50,0,0.08,-1.00
48,172,50,0,0.10,-1.00
48,173,50,0,0.08,-1.00
48,174,50,0,0.12,-1.00
48,175,50,0,0.06,-1.00
48,176,50,0,0.04,-1.00
48,177,50,0,0.00,-1.00
48,178,50,0,0.00,-1.00
48,179,50,0,0.00,-1.00
48,180,50,0,0.06,-1.00
48,181,50,0,0.10,-1.00
48,182,50,0,0.08,-1.00
48,183,50,0,0.04,-1.00
48,184,50,0,0.06,-1.00
48,185,50,0,0.06,-1.00
48,186,50,0,0.14,-1.00
48,187,50,0,0.18,-1.00
48,188,50,0,0.12,-1.00
48,189,50,0,0.20,-1.00
48,190,50,0,0.22,-1.00
48,191,50,0,0.24,-1.00
48,192,50,0,0.26,-1.00
48,193,50,0,0.20,-1.00
48,194,50,0,0.24,-1.00
48,195,50,0,0.28,-1.00
48,196,50,0,0.38,-1.00
48,197,50,0,0.32,-1.00
48,198,50,0,0.18,-1.00
48,199,50,0,0.10,-1.00
48,200,50,0,0.08,-1.00
48,201,50,0,0.06,-1.00
48,202,50,0,0.10,-1.00
48,203,50,0,0.06,-1.00
48,204,50,0,0.12,-1.00
48,205,50,0,0.08,-1.00
48,206,50,0,0.16,-1.00
48,207,50,0,0.16,-1.00
48,208,50,0,0.10,-1.00
48,209,50,0,0.16,-1.00
48,210,50,0,0.16,-1.00
48,211,50,0,0.16,-1.00
48,212,50,0,0.22,-1.00
48,213,50,0,0.14,-1.00
48,214,50,0,0.20,-1.00
48,215,50,0,0.28,-1.00
48,216,50,0,0.28,-1.00
48,217,50,0,0.24,-1.00
48,218,50,0,0.20,-1.00
48,219,50,0,0.24,-1.00
48,220,50,0,0.20,-1.00
48,221,50,0,0.10,-1.00
48,222,50,0,0.14,-1.00
48,223,50,0,0.14,-1.00
48,224,50,0,0.14,-1.00
48,225,50,0,0.12,-1.00
48,226,50,0,0.08,-1.00
48,227,50,0,0.12,-1.00
48,228,50,0,0.20,-1.00
48,229,50,0,0.26,-1.00
48,230,50,0,0.34,-1.00
48,231,50,0,0.28,-1.00
48,232,50,0,0.28,-1.00
48,233,50,0,0.40,-1.00
48,234,50,0,0.44,-1.00
48,235,50,0,0.44,-1.00
48,236,50,0,0.50,-1.00
48,237,50,0,0.44,-1.00
48,238,50,0,0.54,-1.00
48,239,50,0,0.54,-1.00
48,240,50,0,0.56,-1.00
48,241,50,0,0.46,-1.00
48,242,50,0,0.54,-1.00
48,243,50,0,0.54,-1.00
48,244,50,0,0.50,-1.00
48,245,50,0,0.46,-1.00
48,246,50,0,0.38,-1.00
48,247,50,0,0.38,-1.00
48,248,50,0,0.34,-1.00
48,249,50,0,0.36,-1.00
48,250,50,0,0.32,-1.00
48,251,50,0,0.22,-1.00
48,252,50,0,0.24,-1.00
48,253,50,0,0.12,-1.00
48,254,50,0,0.18,-1.00
48,255,50,0,0.14,-1.00
48,256,50,0,0.20,-1.00
48,257,50,0,0.14,-1.00
48,258,50,0,0.18,-1.00
48,259,50,0,0.12,-1.00
48,260,50,0,0.10,-1.00
48,261,50,0,0.04,-1.00
48,262,50,0,0.08,-1.00
48,263,50,0,0.12,-1.00
48,264,50,0,0.12,-1.00
48,265,50,0,0.10,-1.00
48,266,50,0,0.12,-1.00
48,267,50,0,0.06,-1.00
48,268,50,0,0.08,-1.00
48,269,50,0,0.12,-1.00
48,270,50,0,0.22,-1.00
48,271,50,0,0.30,-1.00
48,272,50,0,0.24,-1.00
48,273,50,0,0.22,-1.00
48,274,50,0,0.24,-1.00
48,275,50,0,0.32,-1.00
48,276,50,0,0.20,-1.00
48,277,50,0,0.24,-1.00
48,278,50,0,0.34,-1.00
48,279,50,0,0.40,-1.00
48,280,50,0,0.36,-1.00
48,281,50,0,0.38,-1.00
48,282,50,0,0.16,-1.00
48,283,50,0,0.20,-1.00
48,284,50,0,0.34,-1.00
48,285,50,0,0.34,-1.00
48,286,50,0,0.32,-1.00
48,287,50,0,0.24,-1.00
48,288,50,0,0.12,-1.00
48,289,50,0,0.10,-1.00
48,290,50,0,0.10,-1.00
48,291,50,0,0.10,-1.00
48,292,50,0,0.08,-1.00
48,293,50,0,0.10,-1.00
48,294,50,0,0.14,-1.00
48,295,50,0,0.24,-1.00
48,296,50,0,0.12,-1.00
48,297,50,0,0.08,-1.00
48,298,50,0,0.04,-1.00
48,299,50,0,0.04,-1.00
48,300,50,0,0.02,-1.00
48,301,50,0,0.04,-1.00
48,302,50,0,0.06,-1.00
48,303,50,0,0.08,-1.00
48,304,50,0,0.02,-1.00
48,305,50,0,0.02,-1.00
48,306,50,0,0.04,-1.00
48,307,50,0,0.12,-1.00
48,308,50,0,0.06,-1.00
48,309,50,0,0.06,-1.00
48,310,50,0,0.10,-1.00
48,311,50,0,0.08,-1.00
48,312,50,0,0.04,-1.00
48,313,50,0,0.08,-1.00
48,314,50,0,0.04,-1.00
48,315,50,0,0.04,-1.00
48,316,50,0,0.12,-1.00
48,317,50,0,0.16,-1.00
48,318,50,0,0.20,-1.00
48,319,50,0,0.12,-1.00
48,320,50,0,0.10,-1.00
48,321,50,0,0.00,-1.00
48,322,50,0,0.00,-1.00
48,323,50,0,0.00,-1.00
48,324,50,0,0.02,-1.00
48,325,50,0,0.06,-1.00
48,326,50,0,0.14,-1.00
48,327,50,0,0.12,-1.00
48,328,50,0,0.20,-1.00
48,329,50,0,0.32,-1.00
48,330,50,0,0.30,-1.00
48,331,50,0,0.24,-1.00
48,332,50,0,0.26,-1.00
48,333,50,0,0.26,-1.00
48,334,50,0,0.32,-1.00
48,335,50,0,0.28,-1.00
48,336,50,0,0.32,-1.00
48,337,50,0,0.36,-1.00
48,338,50,0,0.46,-1.00
48,339,50,0,0.36,-1.00
48,340,50,0,0.30,-1.00
48,341,50,0,0.26,-1.00
48,342,50,0,0.24,-1.00
48,343,50,0,0.20,-1.00
48,344,50,0,0.20,-1.00
48,345,50,0,0.32,-1.00
48,346,50,0,0.22,-1.00
48,347,50,0,0.20,-1.00
48,348,50,0,0.14,-1.00
48,349,50,0,0.16,-1.00
48,350,50,0,0.14,-1.00
48,351,50,0,0.14,-1.00
48,352,50,0,0.16,-1.00
48,353,50,0,0.24,-1.00
48,354,50,0,0.22,-1.00
48,355,50,0,0.20,-1.00
48,356,50,0,0.16,-1.00
48,357,50,0,0.20,-1.00
48,358,50,0,0.18,-1.00
48,359,50,0,0.18,-1.00
48,360,50,0,0.08,-1.00
48,361,50,0,0.04,-1.00
48,362,50,0,0.02,-1.00
48,363,50,0,0.00,-1.00
48,364,50,0,0.00,-1.00
48,365,50,0,0.00,-1.00
48,366,50,0,0.00,-1.00
48,367,50,0,0.00,-1.00
48,368,50,0,0.00,-1.00
48,369,50,0,0.00,-1.00
48,370,50,0,0.00,-1.00
48,371,50,0,0.00,-1.00
48,372,50,0,0.04,-1.00
48,373,50,0,0.12,-1.00
48,374,50,0,0.04,-1.00
48,375,50,0,0.12,-1.00
48,376,50,0,0.18,-1.00
48,377,50,0,0.14,-1.00
48,378,50,0,0.14,-1.00
48,379,50,0,0.06,-1.00
48,380,50,0,0.06,-1.00
48,381,50,0,0.06,-1.00
48,382,50,0,0.00,-1.00
48,383,50,0,0.00,-1.00
48,384,50,0,0.00,-1.00
48,385,50,0,0.00,-1.00
48,386,50,0,0.00,-1.00
48,387,50,0,0.00,-1.00
48,388,50,0,0.00,-1.00
48,389,50,0,0.00,-1.00
48,390,50,0,0.02,-1.00
48,391,50,0,0.02,-1.00
48,392,50,0,0.00,-1.00
48,393,50,0,0.00,-1.00
48,394,50,0,0.00,-1.00
48,395,50,0,0.02,-1.00
48,396,50,0,0.02,-1.00
48,397,50,0,0.06,-1.00
48,398,50,0,0.06,-1.00
48,399,50,0,0.04,-1.00
48,400,50,0,0.04,-1.00
48,401,50,0,0.08,-1.00
48,402,50,0,0.14,-1.00
48,403,50,0,0.22,-1.00
48,404,50,0,0.26,-1.00
48,405,50,0,0.16,-1.00
48,406,50,0,0.18,-1.00
48,407,50,0,0.12,-1.00
48,408,50,0,0.20,-1.00
48,409,50,0,0.18,-1.00
48,410,50,0,0.16,-1.00
48,411,50,0,0.18,-1.00
48,412,50,0,0.24,-1.00
48,413,50,0,0.28,-1.00
48,414,50,0,0.30,-1.00
48,415,50,0,0.36,-1.00
48,416,50,0,0.42,-1.00
48,417,50,0,0.38,-1.00
48,418,50,0,0.38,-1.00
48,419,50,0,0.36,-1.00
48,420,50,0,0.42,-1.00
48,421,50,0,0.52,-1.00
48,422,50,0,0.48,-1.00
48,423,50,0,0.36,-1.00
48,424,50,0,0.48,-1.00
48,425,50,0,0.42,-1.00
48,426,50,0,0.40,-1.00
48,427,50,0,0.38,-1.00
48,428,50,0,0.42,-1.00
48,429,50,0,0.36,-1.00
48,430,50,0,0.50,-1.00
48,431,50,0,0.60,-1.00
48,432,50,0,0.62,-1.00
48,433,50,0,0.64,-1.00
48,434,50,0,0.76,-1.00
48,435,50,0,0.66,-1.00
48,436,50,0,0.72,-1.00
48,437,50,0,0.80,-1.00
48,438,50,0,0.86,-1.00
48,439,50,0,1.02,-1.00
48,440,50,0,0.96,-1.00
48,441,50,0,0.96,-1.00
48,442,50,0,1.10,-1.00
48,443,50,0,1.10,-1.00
48,444,50,0,1.08,-1.00
48,445,50,0,1.00,-1.00
48,446,50,0,0.90,-1.00
48,447,50,0,0.78,-1.00
48,448,50,0,0.84,-1.00
48,449,50,0,0.80,-1.00
48,450,50,0,0.66,-1.00
48,451,50,0,0.66,-1.00
48,452,50,0,0.60,-1.00
48,453,50,0,0.58,-1.00
48,454,50,0,0.46,-1.00
48,455,50,0,0.26,-1.00
48,456,50,0,0.18,-1.00
48,457,50,0,0.16,-1.00
48,458,50,0,0.16,-1.00
48,459,50,0,0.08,-1.00
48,460,50,0,0.06,-1.00
48,461,50,0,0.02,-1.00
48,462,50,0,0.02,-1.00
48,463,50,0,0.02,-1.00
48,464,50,0,0.00,-1.00
48,465,50,0,0.00,-1.00
48,466,50,0,0.00,-1.00
48,467,50,0,0.00,-1.00
48,468,50,0,0.00,-1.00
48,469,50,0,0.02,-1.00
48,470,50,0,0.00,-1.00
48,471,50,0,0.00,-1.00
48,472,50,0,0.00,-1.00
48,473,50,0,0.00,-1.00
48,474,50,0,0.02,-1.00
48,475,50,0,0.04,-1.00
48,476,50,0,0.04,-1.00
48,477,50,0,0.04,-1.00
48,478,50,0,0.00,-1.00
48,479,50,0,0.04,-1.00
48,480,50,0,0.02,-1.00
48,481,50,0,0.04,-1.00
48,482,50,0,0.06,-1.00
48,483,50,0,0.04,-1.00
48,484,50,0,0.06,-1.00
48,485,50,0,0.06,-1.00
48,486,50,0,0.04,-1.00
48,487,50,0,0.04,-1.00
48,488,50,0,0.08,-1.00
48,489,50,0,0.02,-1.00
48,490,50,0,0.02,-1.00
48,491,50,0,0.00,-1.00
48,492,50,0,0.00,-1.00
48,493,50,0,0.00,-1.00
48,494,50,0,0.00,-1.00
48,495,50,0,0.06,-1.00
48,496,50,0,0.14,-1.00
48,497,50,0,0.06,-1.00
48,498,50,0,0.00,-1.00
48,499,50,0,0.00,-1.00
48,500,50,0,0.00,-1.00
49,1,50,0,0.02,-1.00
49,2,50,0,0.04,-1.00
49,3,50,0,0.04,-1.00
49,4,50,0,0.06,-1.00
49,5,50,0,0.04,-1.00
49,6,50,0,0.06,-1.00
49,7,50,0,0.00,-1.00
49,8,50,0,0.00,-1.00
49,9,50,0,0.00,-1.00
49,10,50,0,0.00,-1.00
49,11,50,0,0.00,-1.00
49,12,50,0,0.02,-1.00
49,13,50,0,0.04,-1.00
49,14,50,0,0.06,-1.00
49,15,50,0,0.04,-1.00
49,16,50,0,0.02,-1.00
49,17,50,0,0.02,-1.00
49,18,50,0,0.08,-1.00
49,19,50,0,0.08,-1.00
49,20,50,0,0.00,-1.00
49,21,50,0,0.00,-1.00
49,22,50,0,0.02,-1.00
49,23,50,0,0.06,-1.00
49,24,50,0,0.06,-1.00
49,25,50,0,0.02,-1.00
49,26,50,0,0.00,-1.00
49,27,50,0,0.02,-1.00
49,28,50,0,0.00,-1.00
49,29,50,0,0.02,-1.00
49,30,50,0,0.00,-1.00
49,31,50,0,0.00,-1.00
49,32,50,0,0.00,-1.00
49,33,50,0,0.00,-1.00
49,34,50,0,0.00,-1.00
49,35,50,0,0.00,-1.00
49,36,50,0,0.02,-1.00
49,37,50,0,0.02,-1.00
49,38,50,0,0.08,-1.00
49,39,50,0,0.08,-1.00
49,40,50,0,0.04,-1.00
49,41,50,0,0.06,-1.00
49,42,50,0,0.02,-1.00
49,43,50,0,0.02,-1.00
49,44,50,0,0.00,-1.00
49,45,50,0,0.00,-1.00
49,46,50,0,0.00,-1.00
49,47,50,0,0.00,-1.00
49,48,50,0,0.04,-1.00
49,49,50,0,0.02,-1.00
49,50,50,0,0.00,-1.00
49,51,50,0,0.00,-1.00
49,52,50,0,0.00,-1.00
49,53,50,0,0.00,-1.00
49,54,50,0,0.00,-1.00
49,55,50,0,0.00,-1.00
49,56,50,0,0.00,-1.00
49,57,50,0,0.00,-1.00
49,58,50,0,0.00,-1.00
49,59,50,0,0.00,-1.00
49,60,50,0,0.00,-1.00
49,61,50,0,0.00,-1.00
49,62,50,0,0.00,-1.00
49,63,50,0,0.00,-1.00
49,64,50,0,0.00,-1.00
49,65,50,0,0.00,-1.00
49,66,50,0,0.00,-1.00
49,67,50,0,0.00,-1.00
49,68,50,0,0.02,-1.00
49,69,50,0,0.00,-1.00
49,70,50,0,0.00,-1.00
49,71,50,0,0.00,-1.00
49,72,50,0,0.00,-1.00
49,73,50,0,0.00,-1.00
49,74,50,0,0.00,-1.00
49,75,50,0,0.00,-1.00
49,76,50,0,0.00,-1.00
49,77,50,0,0.00,-1.00
49,78,50,0,0.00,-1.00
49,79,50,0,0.00,-1.00
49,80,50,0,0.00,-1.00
49,81,50,0,0.00,-1.00
49,82,50,0,0.00,-1.00
49,83,50,0,0.04,-1.00
49,84,50,0,0.02,-1.00
49,85,50,0,0.08,-1.00
49,86,50,0,0.18,-1.00
49,87,50,0,0.14,-1.00
49,88,50,0,0.12,-1.00
49,89,50,0,0.10,-1.00
49,90,50,0,0.06,-1.00
49,91,50,0,0.08,-1.00
49,92,50,0,0.08,-1.00
49,93,50,0,0.08,-1.00
49,94,50,0,0.04,-1.00
49,95,50,0,0.04,-1.00
49,96,50,0,0.04,-1.00
49,97,50,0,0.04,-1.00
49,98,50,0,0.10,-1.00
49,99,50,0,0.20,-1.00
49,100,50,0,0.28,-1.00
49,101,50,0,0.34,-1.00
49,102,50,0,0.26,-1.00
49,103,50,0,0.32,-1.00
49,104,50,0,0.30,-1.00
49,105,50,0,0.26,-1.00
49,106,50,0,0.26,-1.00
49,107,50,0,0.30,-1.00
49,108,50,0,0.42,-1.00
49,109,50,0,0.46,-1.00
49,110,50,0,0.36,-1.00
49,111,50,0,0.36,-1.00
49,112,50,0,0.46,-1.00
49,113,50,0,0.50,-1.00
49,114,50,0,0.66,-1.00
49,115,50,0,0.42,-1.00
49,116,50,0,0.32,-1.00
49,117,50,0,0.24,-1.00
49,118,50,0,0.10,-1.00
49,119,50,0,0.08,-1.00
49,120,50,0,0.06,-1.00
49,121,50,0,0.02,-1.00
49,122,50,0,0.04,-1.00
49,123,50,0,0.00,-1.00
49,124,50,0,0.00,-1.00
49,125,50,0,0.02,-1.00
49,126,50,0,0.04,-1.00
49,127,50,0,0.02,-1.00
49,128,50,0,0.08,-1.00
49,129,50,0,0.06,-1.00
49,130,50,0,0.10,-1.00
49,131,50,0,0.14,-1.00
49,132,50,0,0.26,-1.00
49,133,50,0,0.34,-1.00
49,134,50,0,0.24,-1.00
49,135,50,0,0.22,-1.00
49,136,50,0,0.18,-1.00
49,137,50,0,0.12,-1.00
49,138,50,0,0.08,-1.00
49,139,50,0,0.06,-1.00
49,140,50,0,0.10,-1.00
49,141,50,0,0.10,-1.00
49,142,50,0,0.12,-1.00
49,143,50,0,0.14,-1.00
49,144,50,0,0.18,-1.00
49,145,50,0,0.14,-1.00
49,146,50,0,0.14,-1.00
49,147,50,0,0.14,-1.00
49,148,50,0,0.08,-1.00
49,149,50,0,0.06,-1.00
49,150,50,0,0.06,-1.00
49,151,50,0,0.08,-1.00
49,152,50,0,0.28,-1.00
49,153,50,0,0.28,-1.00
49,154,50,0,0.32,-1.00
49,155,50,0,0.32,-1.00
49,156,50,0,0.30,-1.00
49,157,50,0,0.22,-1.00
49,158,50,0,0.20,-1.00
49,159,50,0,0.20,-1.00
49,160,50,0,0.24,-1.00
49,161,50,0,0.34,-1.00
49,162,50,0,0.42,-1.00
49,163,50,0,0.62,-1.00
49,164,50,0,0.56,-1.00
49,165,50,0,0.52,-1.00
49,166,50,0,0.60,-1.00
49,167,50,0,0.56,-1.00
49,168,50,0,0.58,-1.00
49,169,50,0,0.60,-1.00
49,170,50,0,0.58,-1.00
49,171,50,0,0.60,-1.00
49,172,50,0,0.68,-1.00
49,173,50,0,0.56,-1.00
49,174,50,0,0.74,-1.00
49,175,50,0,0.70,-1.00
49,176,50,0,0.68,-1.00
49,177,50,0,0.64,-1.00
49,178,50,0,0.68,-1.00
49,179,50,0,0.64,-1.00
49,180,50,0,0.62,-1.00
49,181,50,0,0.74,-1.00
49,182,50,0,0.76,-1.00
49,183,50,0,0.70,-1.00
49,184,50,0,0.64,-1.00
49,185,50,0,0.64,-1.00
49,186,50,0,0.62,-1.00
49,187,50,0,0.64,-1.00
49,188,50,0,0.72,-1.00
49,189,50,0,0.72,-1.00
49,190,50,0,0.56,-1.00
49,191,50,0,0.54,-1.00
49,192,50,0,0.40,-1.00
49,193,50,0,0.42,-1.00
49,194,50,0,0.26,-1.00
49,195,50,0,0.32,-1.00
49,196,50,0,0.32,-1.00
49,197,50,0,0.38,-1.00
49,198,50,0,0.36,-1.00
49,199,50,0,0.34,-1.00
49,200,50,0,0.30,-1.00
49,201,50,0,0.18,-1.00
49,202,50,0,0.32,-1.00
49,203,50,0,0.20,-1.00
49,204,50,0,0.22,-1.00
49,205,50,0,0.22,-1.00
49,206,50,0,0.16,-1.00
49,207,50,0,0.24,-1.00
49,208,50,0,0.20,-1.00
49,209,50,0,0.26,-1.00
49,210,50,0,0.18,-1.00
49,211,50,0,0.14,-1.00
49,212,50,0,0.04,-1.00
49,213,50,0,0.10,-1.00
49,214,50,0,0.12,-1.00
49,215,50,0,0.00,-1.00
49,216,50,0,0.00,-1.00
49,217,50,0,0.02,-1.00
49,218,50,0,0.00,-1.00
49,219,50,0,0.00,-1.00
49,220,50,0,0.00,-1.00
49,221,50,0,0.00,-1.00
49,222,50,0,0.00,-1.00
49,223,50,0,0.00,-1.00
49,224,50,0,0.00,-1.00
49,225,50,0,0.00,-1.00
49,226,50,0,0.00,-1.00
49,227,50,0,0.00,-1.00
49,228,50,0,0.00,-1.00
49,229,50,0,0.00,-1.00
49,230,50,0,0.02,-1.00
49,231,50,0,0.02,-1.00
49,232,50,0,0.00,-1.00
49,233,50,0,0.00,-1.00
49,234,50,0,0.00,-1.00
49,235,50,0,0.00,-1.00
49,236,50,0,0.00,-1.00
49,237,50,0,0.00,-1.00
49,238,50,0,0.00,-1.00
49,239,50,0,0.00,-1.00
49,240,50,0,0.00,-1.00
49,241,50,0,0.04,-1.00
49,242,50,0,0.02,-1.00
49,243,50,0,0.02,-1.00
49,244,50,0,0.02,-1.00
49,245,50,0,0.00,-1.00
49,246,50,0,0.00,-1.00
49,247,50,0,0.02,-1.00
49,248,50,0,0.02,-1.00
49,249,50,0,0.00,-1.00
49,250,50,0,0.00,-1.00
49,251,50,0,0.02,-1.00
49,252,50,0,0.00,-1.00
49,253,50,0,0.00,-1.00
49,254,50,0,0.00,-1.00
49,255,50,0,0.00,-1.00
49,256,50,0,0.02,-1.00
49,257,50,0,0.04,-1.00
49,258,50,0,0.10,-1.00
49,259,50,0,0.10,-1.00
49,260,50,0,0.06,-1.00
49,261,50,0,0.08,-1.00
49,262,50,0,0.10,-1.00
49,263,50,0,0.06,-1.00
49,264,50,0,0.02,-1.00
49,265,50,0,0.06,-1.00
49,266,50,0,0.10,-1.00
49,267,50,0,0.10,-1.00
49,268,50,0,0.06,-1.00
49,269,50,0,0.10,-1.00
49,270,50,0,0.12,-1.00
49,271,50,0,0.14,-1.00
49,272,50,0,0.16,-1.00
49,273,50,0,0.10,-1.00
49,274,50,0,0.16,-1.00
49,275,50,0,0.14,-1.00
49,276,50,0,0.12,-1.00
49,277,50,0,0.12,-1.00
49,278,50,0,0.04,-1.00
49,279,50,0,0.04,-1.00
49,280,50,0,0.04,-1.00
49,281,50,0,0.06,-1.00
49,282,50,0,0.10,-1.00
49,283,50,0,0.20,-1.00
49,284,50,0,0.20,-1.00
49,285,50,0,0.12,-1.00
49,286,50,0,0.08,-1.00
49,287,50,0,0.04,-1.00
49,288,50,0,0.00,-1.00
49,289,50,0,0.00,-1.00
49,290,50,0,0.00,-1.00
49,291,50,0,0.00,-1.00
49,292,50,0,0.00,-1.00
49,293,50,0,0.00,-1.00
49,294,50,0,0.00,-1.00
49,295,50,0,0.00,-1.00
49,296,50,0,0.00,-1.00
49,297,50,0,0.00,-1.00
49,298,50,0,0.00,-1.00
49,299,50,0,0.04,-1.00
49,300,50,0,0.06,-1.00
49,301,50,0,0.10,-1.00
49,302,50,0,0.08,-1.00
49,303,50,0,0.04,-1.00
49,304,50,0,0.04,-1.00
49,305,50,0,0.02,-1.00
49,306,50,0,0.06,-1.00
49,307,50,0,0.08,-1.00
49,308,50,0,0.04,-1.00
49,309,50,0,0.02,-1.00
49,310,50,0,0.06,-1.00
49,311,50,0,0.02,-1.00
49,312,50,0,0.00,-1.00
49,313,50,0,0.00,-1.00
49,314,50,0,0.00,-1.00
49,315,50,0,0.02,-1.00
49,316,50,0,0.02,-1.00
49,317,50,0,0.00,-1.00
49,318,50,0,0.02,-1.00
49,319,50,0,0.04,-1.00
49,320,50,0,0.04,-1.00
49,321,50,0,0.00,-1.00
49,322,50,0,0.04,-1.00
49,323,50,0,0.02,-1.00
49,324,50,0,0.00,-1.00
49,325,50,0,0.00,-1.00
49,326,50,0,0.00,-1.00
49,327,50,0,0.00,-1.00
49,328,50,0,0.00,-1.00
49,329,50,0,0.04,-1.00
49,330,50,0,0.08,-1.00
49,331,50,0,0.04,-1.00
49,332,50,0,0.02,-1.00
49,333,50,0,0.04,-1.00
49,334,50,0,0.06,-1.00
49,335,50,0,0.14,-1.00
49,336,50,0,0.04,-1.00
49,337,50,0,0.02,-1.00
49,338,50,0,0.06,-1.00
49,339,50,0,0.08,-1.00
49,340,50,0,0.04,-1.00
49,341,50,0,0.08,-1.00
49,342,50,0,0.14,-1.00
49,343,50,0,0.10,-1.00
49,344,50,0,0.14,-1.00
49,345,50,0,0.08,-1.00
49,346,50,0,0.04,-1.00
49,347,50,0,0.10,-1.00
49,348,50,0,0.16,-1.00
49,349,50,0,0.20,-1.00
49,350,50,0,0.12,-1.00
49,351,50,0,0.10,-1.00
49,352,50,0,0.06,-1.00
49,353,50,0,0.08,-1.00
49,354,50,0,0.04,-1.00
49,355,50,0,0.02,-1.00
49,356,50,0,0.04,-1.00
49,357,50,0,0.10,-1.00
49,358,50,0,0.04,-1.00
49,359,50,0,0.06,-1.00
49,360,50,0,0.08,-1.00
49,361,50,0,0.02,-1.00
49,362,50,0,0.00,-1.00
49,363,50,0,0.06,-1.00
49,364,50,0,0.06,-1.00
49,365,50,0,0.10,-1.00
49,366,50,0,0.10,-1.00
49,367,50,0,0.10,-1.00
49,368,50,0,0.06,-1.00
49,369,50,0,0.04,-1.00
49,370,50,0,0.04,-1.00
49,371,50,0,0.00,-1.00
49,372,50,0,0.00,-1.00
49,373,50,0,0.08,-1.00
49,374,50,0,0.08,-1.00
49,375,50,0,0.10,-1.00
49,376,50,0,0.10,-1.00
49,377,50,0,0.10,-1.00
49,378,50,0,0.10,-1.00
49,379,50,0,0.10,-1.00
49,380,50,0,0.10,-1.00
49,381,50,0,0.08,-1.00
49,382,50,0,0.04,-1.00
49,383,50,0,0.02,-1.00
49,384,50,0,0.04,-1.00
49,385,50,0,0.04,-1.00
49,386,50,0,0.04,-1.00
49,387,50,0,0.10,-1.00
49,388,50,0,0.04,-1.00
49,389,50,0,0.02,-1.00
49,390,50,0,0.04,-1.00
49,391,50,0,0.06,-1.00
49,392,50,0,0.06,-1.00
49,393,50,0,0.04,-1.00
49,394,50,0,0.06,-1.00
49,395,50,0,0.06,-1.00
49,396,50,0,0.10,-1.00
49,397,50,0,0.10,-1.00
49,398,50,0,0.06,-1.00
49,399,50,0,0.06,-1.00
49,400,50,0,0.02,-1.00
49,401,50,0,0.02,-1.00
49,402,50,0,0.04,-1.00
49,403,50,0,0.04,-1.00
49,404,50,0,0.06,-1.00
49,405,50,0,0.08,-1.00
49,406,50,0,0.02,-1.00
49,407,50,0,0.04,-1.00
49,408,50,0,0.02,-1.00
49,409,50,0,0.02,-1.00
49,410,50,0,0.02,-1.00
49,411,50,0,0.06,-1.00
49,412,50,0,0.04,-1.00
49,413,50,0,0.06,-1.00
49,414,50,0,0.06,-1.00
49,415,50,0,0.06,-1.00
49,416,50,0,0.00,-1.00
49,417,50,0,0.02,-1.00
49,418,50,0,0.04,-1.00
49,419,50,0,0.02,-1.00
49,420,50,0,0.02,-1.00
49,421,50,0,0.06,-1.00
49,422,50,0,0.00,-1.00
49,423,50,0,0.00,-1.00
49,424,50,0,0.02,-1.00
49,425,50,0,0.00,-1.00
49,426,50,0,0.00,-1.00
49,427,50,0,0.00,-1.00
49,428,50,0,0.00,-1.00
49,429,50,0,0.00,-1.00
49,430,50,0,0.00,-1.00
49,431,50,0,0.00,-1.00
49,432,50,0,0.00,-1.00
49,433,50,0,0.00,-1.00
49,434,50,0,0.00,-1.00
49,435,50,0,0.00,-1.00
49,436,50,0,0.00,-1.00
49,437,50,0,0.04,-1.00
49,438,50,0,0.02,-1.00
49,439,50,0,0.04,-1.00
49,440,50,0,0.04,-1.00
49,441,50,0,0.04,-1.00
49,442,50,0,0.02,-1.00
49,443,50,0,0.06,-1.00
49,444,50,0,0.04,-1.00
49,445,50,0,0.02,-1.00
49,446,50,0,0.02,-1.00
49,447,50,0,0.02,-1.00
49,448,50,0,0.06,-1.00
49,449,50,0,0.06,-1.00
49,450,50,0,0.08,-1.00
49,451,50,0,0.08,-1.00
49,452,50,0,0.06,-1.00
49,453,50,0,0.04,-1.00
49,454,50,0,0.06,-1.00
49,455,50,0,0.06,-1.00
49,456,50,0,0.02,-1.00
49,457,50,0,0.00,-1.00
49,458,50,0,0.04,-1.00
49,459,50,0,0.00,-1.00
49,460,50,0,0.00,-1.00
49,461,50,0,0.00,-1.00
49,462,50,0,0.00,-1.00
49,463,50,0,0.00,-1.00
49,464,50,0,0.00,-1.00
49,465,50,0,0.00,-1.00
49,466,50,0,0.00,-1.00
49,467,50,0,0.02,-1.00
49,468,50,0,0.00,-1.00
49,469,50,0,0.00,-1.00
49,470,50,0,0.04,-1.00
49,471,50,0,0.00,-1.00
49,472,50,0,0.00,-1.00
49,473,50,0,0.00,-1.00
49,474,50,0,0.02,-1.00
49,475,50,0,0.02,-1.00
49,476,50,0,0.00,-1.00
49,477,50,0,0.00,-1.00
49,478,50,0,0.00,-1.00
49,479,50,0,0.06,-1.00
49,480,50,0,0.02,-1.00
49,481,50,0,0.04,-1.00
49,482,50,0,0.04,-1.00
49,483,50,0,0.04,-1.00
49,484,50,0,0.06,-1.00
49,485,50,0,0.04,-1.00
49,486,50,0,0.00,-1.00
49,487,50,0,0.00,-1.00
49,488,50,0,0.04,-1.00
49,489,50,0,0.02,-1.00
49,490,50,0,0.02,-1.00
49,491,50,0,0.04,-1.00
49,492,50,0,0.04,-1.00
49,493,50,0,0.02,-1.00
49,494,50,0,0.02,-1.00
49,495,50,0,0.00,-1.00
49,496,50,0,0.04,-1.00
49,497,50,0,0.04,-1.00
49,498,50,0,0.04,-1.00
49,499,50,0,0.00,-1.00
49,500,50,0,0.00,-1.00
50,1,50,0,0.02,-1.00
50,2,50,0,0.00,-1.00
50,3,50,0,0.00,-1.00
50,4,50,0,0.00,-1.00
50,5,50,0,0.00,-1.00
50,6,50,0,0.00,-1.00
50,7,50,0,0.00,-1.00
50,8,50,0,0.00,-1.00
50,9,50,0,0.00,-1.00
50,10,50,0,0.00,-1.00
50,11,50,0,0.06,-1.00
50,12,50,0,0.04,-1.00
50,13,50,0,0.00,-1.00
50,14,50,0,0.08,-1.00
50,15,50,0,0.04,-1.00
50,16,50,0,0.16,-1.00
50,17,50,0,0.18,-1.00
50,18,50,0,0.16,-1.00
50,19,50,0,0.20,-1.00
50,20,50,0,0.16,-1.00
50,21,50,0,0.16,-1.00
50,22,50,0,0.12,-1.00
50,23,50,0,0.12,-1.00
50,24,50,0,0.10,-1.00
50,25,50,0,0.20,-1.00
50,26,50,0,0.30,-1.00
50,27,50,0,0.28,-1.00
50,28,50,0,0.22,-1.00
50,29,50,0,0.22,-1.00
50,30,50,0,0.26,-1.00
50,31,50,0,0.26,-1.00
50,32,50,0,0.30,-1.00
50,33,50,0,0.26,-1.00
50,34,50,0,0.34,-1.00
50,35,50,0,0.36,-1.00
50,36,50,0,0.42,-1.00
50,37,50,0,0.24,-1.00
50,38,50,0,0.30,-1.00
50,39,50,0,0.30,-1.00
50,40,50,0,0.48,-1.00
50,41,50,0,0.34,-1.00
50,42,50,0,0.32,-1.00
50,43,50,0,0.26,-1.00
50,44,50,0,0.24,-1.00
50,45,50,0,0.16,-1.00
50,46,50,0,0.16,-1.00
50,47,50,0,0.24,-1.00
50,48,50,0,0.34,-1.00
50,49,50,0,0.32,-1.00
50,50,50,0,0.36,-1.00
50,51,50,0,0.40,-1.00
50,52,50,0,0.48,-1.00
50,53,50,0,0.48,-1.00
50,54,50,0,0.40,-1.00
50,55,50,0,0.38,-1.00
50,56,50,0,0.36,-1.00
50,57,50,0,0.38,-1.00
50,58,50,0,0.36,-1.00
50,59,50,0,0.38,-1.00
50,60,50,0,0.42,-1.00
50,61,50,0,0.38,-1.00
50,62,50,0,0.40,-1.00
50,63,50,0,0.40,-1.00
50,64,50,0,0.48,-1.00
50,65,50,0,0.42,-1.00
50,66,50,0,0.56,-1.00
50,67,50,0,0.52,-1.00
50,68,50,0,0.64,-1.00
50,69,50,0,0.60,-1.00
50,70,50,0,0.54,-1.00
50,71,50,0,0.44,-1.00
50,72,50,0,0.32,-1.00
50,73,50,0,0.28,-1.00
50,74,50,0,0.12,-1.00
50,75,50,0,0.00,-1.00
50,76,50,0,0.00,-1.00
50,77,50,0,0.00,-1.00
50,78,50,0,0.02,-1.00
50,79,50,0,0.00,-1.00
50,80,50,0,0.02,-1.00
50,81,50,0,0.00,-1.00
50,82,50,0,0.00,-1.00
50,83,50,0,0.00,-1.00
50,84,50,0,0.00,-1.00
50,85,50,0,0.00,-1.00
50,86,50,0,0.00,-1.00
50,87,50,0,0.00,-1.00
50,88,50,0,0.04,-1.00
50,89,50,0,0.04,-1.00
50,90,50,0,0.00,-1.00
50,91,50,0,0.00,-1.00
50,92,50,0,0.00,-1.00
50,93,50,0,0.04,-1.00
50,94,50,0,0.02,-1.00
50,95,50,0,0.02,-1.00
50,96,50,0,0.00,-1.00
50,97,50,0,0.00,-1.00
50,98,50,0,0.00,-1.00
50,99,50,0,0.00,-1.00
50,100,50,0,0.02,-1.00
50,101,50,0,0.02,-1.00
50,102,50,0,0.04,-1.00
50,103,50,0,0.04,-1.00
50,104,50,0,0.02,-1.00
50,105,50,0,0.04,-1.00
50,106,50,0,0.04,-1.00
50,107,50,0,0.06,-1.00
50,108,50,0,0.08,-1.00
50,109,50,0,0.04,-1.00
50,110,50,0,0.02,-1.00
50,111,50,0,0.04,-1.00
50,112,50,0,0.04,-1.00
50,113,50,0,0.02,-1.00
50,114,50,0,0.02,-1.00
50,115,50,0,0.04,-1.00
50,116,50,0,0.04,-1.00
50,117,50,0,0.06,-1.00
50,118,50,0,0.10,-1.00
50,119,50,0,0.20,-1.00
50,120,50,0,0.20,-1.00
50,121,50,0,0.08,-1.00
50,122,50,0,0.08,-1.00
50,123,50,0,0.12,-1.00
50,124,50,0,0.12,-1.00
50,125,50,0,0.14,-1.00
50,126,50,0,0.06,-1.00
50,127,50,0,0.06,-1.00
50,128,50,0,0.02,-1.00
50,129,50,0,0.02,-1.00
50,130,50,0,0.02,-1.00
50,131,50,0,0.00,-1.00
50,132,50,0,0.08,-1.00
50,133,50,0,0.08,-1.00
50,134,50,0,0.02,-1.00
50,135,50,0,0.04,-1.00
50,136,50,0,0.02,-1.00
50,137,50,0,0.06,-1.00
50,138,50,0,0.14,-1.00
50,139,50,0,0.10,-1.00
50,140,50,0,0.12,-1.00
50,141,50,0,0.12,-1.00
50,142,50,0,0.08,-1.00
50,143,50,0,0.04,-1.00
50,144,50,0,0.04,-1.00
50,145,50,0,0.10,-1.00
50,146,50,0,0.24,-1.00
50,147,50,0,0.16,-1.00
50,148,50,0,0.12,-1.00
50,149,50,0,0.12,-1.00
50,150,50,0,0.08,-1.00
50,151,50,0,0.02,-1.00
50,152,50,0,0.04,-1.00
50,153,50,0,0.02,-1.00
50,154,50,0,0.02,-1.00
50,155,50,0,0.02,-1.00
50,156,50,0,0.02,-1.00
50,157,50,0,0.00,-1.00
50,158,50,0,0.02,-1.00
50,159,50,0,0.02,-1.00
50,160,50,0,0.04,-1.00
50,161,50,0,0.02,-1.00
50,162,50,0,0.04,-1.00
50,163,50,0,0.02,-1.00
50,164,50,0,0.00,-1.00
50,165,50,0,0.00,-1.00
50,166,50,0,0.00,-1.00
50,167,50,0,0.02,-1.00
50,168,50,0,0.00,-1.00
50,169,50,0,0.00,-1.00
50,170,50,0,0.00,-1.00
50,171,50,0,0.04,-1.00
50,172,50,0,0.14,-1.00
50,173,50,0,0.18,-1.00
50,174,50,0,0.16,-1.00
50,175,50,0,0.12,-1.00
50,176,50,0,0.14,-1.00
50,177,50,0,0.10,-1.00
50,178,50,0,0.10,-1.00
50,179,50,0,0.10,-1.00
50,180,50,0,0.18,-1.00
50,181,50,0,0.18,-1.00
50,182,50,0,0.24,-1.00
50,183,50,0,0.14,-1.00
50,184,50,0,0.10,-1.00
50,185,50,0,0.08,-1.00
50,186,50,0,0.06,-1.00
50,187,50,0,0.06,-1.00
50,188,50,0,0.02,-1.00
50,189,50,0,0.00,-1.00
50,190,50,0,0.00,-1.00
50,191,50,0,0.02,-1.00
50,192,50,0,0.00,-1.00
50,193,50,0,0.00,-1.00
50,194,50,0,0.04,-1.00
50,195,50,0,0.02,-1.00
50,196,50,0,0.00,-1.00
50,197,50,0,0.00,-1.00
50,198,50,0,0.02,-1.00
50,199,50,0,0.00,-1.00
50,200,50,0,0.00,-1.00
50,201,50,0,0.00,-1.00
50,202,50,0,0.00,-1.00
50,203,50,0,0.06,-1.00
50,204,50,0,0.06,-1.00
50,205,50,0,0.00,-1.00
50,206,50,0,0.00,-1.00
50,207,50,0,0.00,-1.00
50,208,50,0,0.00,-1.00
50,209,50,0,0.00,-1.00
50,210,50,0,0.00,-1.00
50,211,50,0,0.00,-1.00
50,212,50,0,0.00,-1.00
50,213,50,0,0.00,-1.00
50,214,50,0,0.00,-1.00
50,215,50,0,0.00,-1.00
50,216,50,0,0.00,-1.00
50,217,50,0,0.00,-1.00
50,218,50,0,0.00,-1.00
50,219,50,0,0.00,-1.00
50,220,50,0,0.00,-1.00
50,221,50,0,0.00,-1.00
50,222,50,0,0.02,-1.00
50,223,50,0,0.02,-1.00
50,224,50,0,0.00,-1.00
50,225,50,0,0.00,-1.00
50,226,50,0,0.00,-1.00
50,227,50,0,0.06,-1.00
50,228,50,0,0.14,-1.00
50,229,50,0,0.14,-1.00
50,230,50,0,0.20,-1.00
50,231,50,0,0.18,-1.00
50,232,50,0,0.06,-1.00
50,233,50,0,0.12,-1.00
50,234,50,0,0.10,-1.00
50,235,50,0,0.08,-1.00
50,236,50,0,0.06,-1.00
50,237,50,0,0.06,-1.00
50,238,50,0,0.08,-1.00
50,239,50,0,0.10,-1.00
50,240,50,0,0.12,-1.00
50,241,50,0,0.02,-1.00
50,242,50,0,0.02,-1.00
50,243,50,0,0.06,-1.00
50,244,50,0,0.02,-1.00
50,245,50,0,0.00,-1.00
50,246,50,0,0.00,-1.00
50,247,50,0,0.00,-1.00
50,248,50,0,0.00,-1.00
50,249,50,0,0.00,-1.00
50,250,50,0,0.00,-1.00
50,251,50,0,0.00,-1.00
50,252,50,0,0.00,-1.00
50,253,50,0,0.00,-1.00
50,254,50,0,0.00,-1.00
50,255,50,0,0.02,-1.00
50,256,50,0,0.08,-1.00
50,257,50,0,0.08,-1.00
50,258,50,0,0.08,-1.00
50,259,50,0,0.04,-1.00
50,260,50,0,0.02,-1.00
50,261,50,0,0.08,-1.00
50,262,50,0,0.06,-1.00
50,263,50,0,0.06,-1.00
50,264,50,0,0.06,-1.00
50,265,50,0,0.04,-1.00
50,266,50,0,0.00,-1.00
50,267,50,0,0.00,-1.00
50,268,50,0,0.00,-1.00
50,269,50,0,0.00,-1.00
50,270,50,0,0.00,-1.00
50,271,50,0,0.00,-1.00
50,272,50,0,0.00,-1.00
50,273,50,0,0.02,-1.00
50,274,50,0,0.00,-1.00
50,275,50,0,0.00,-1.00
50,276,50,0,0.00,-1.00
50,277,50,0,0.00,-1.00
50,278,50,0,0.02,-1.00
50,279,50,0,0.02,-1.00
50,280,50,0,0.02,-1.00
50,281,50,0,0.04,-1.00
50,282,50,0,0.04,-1.00
50,283,50,0,0.02,-1.00
50,284,50,0,0.00,-1.00
50,285,50,0,0.00,-1.00
50,286,50,0,0.02,-1.00
50,287,50,0,0.02,-1.00
50,288,50,0,0.02,-1.00
50,289,50,0,0.04,-1.00
50,290,50,0,0.02,-1.00
50,291,50,0,0.02,-1.00
50,292,50,0,0.06,-1.00
50,293,50,0,0.04,-1.00
50,294,50,0,0.00,-1.00
50,295,50,0,0.06,-1.00
50,296,50,0,0.04,-1.00
50,297,50,0,0.02,-1.00
50,298,50,0,0.02,-1.00
50,299,50,0,0.04,-1.00
50,300,50,0,0.16,-1.00
50,301,50,0,0.14,-1.00
50,302,50,0,0.10,-1.00
50,303,50,0,0.08,-1.00
50,304,50,0,0.12,-1.00
50,305,50,0,0.10,-1.00
50,306,50,0,0.10,-1.00
50,307,50,0,0.18,-1.00
50,308,50,0,0.24,-1.00
50,309,50,0,0.30,-1.00
50,310,50,0,0.28,-1.00
50,311,50,0,0.26,-1.00
50,312,50,0,0.28,-1.00
50,313,50,0,0.22,-1.00
50,314,50,0,0.12,-1.00
50,315,50,0,0.14,-1.00
50,316,50,0,0.08,-1.00
50,317,50,0,0.08,-1.00
50,318,50,0,0.14,-1.00
50,319,50,0,0.06,-1.00
50,320,50,0,0.10,-1.00
50,321,50,0,0.06,-1.00
50,322,50,0,0.02,-1.00
50,323,50,0,0.00,-1.00
50,324,50,0,0.00,-1.00
50,325,50,0,0.00,-1.00
50,326,50,0,0.00,-1.00
50,327,50,0,0.00,-1.00
50,328,50,0,0.02,-1.00
50,329,50,0,0.00,-1.00
50,330,50,0,0.00,-1.00
50,331,50,0,0.00,-1.00
50,332,50,0,0.04,-1.00
50,333,50,0,0.00,-1.00
50,334,50,0,0.00,-1.00
50,335,50,0,0.00,-1.00
50,336,50,0,0.00,-1.00
50,337,50,0,0.00,-1.00
50,338,50,0,0.00,-1.00
50,339,50,0,0.00,-1.00
50,340,50,0,0.00,-1.00
50,341,50,0,0.00,-1.00
50,342,50,0,0.00,-1.00
50,343,50,0,0.00,-1.00
50,344,50,0,0.00,-1.00
50,345,50,0,0.00,-1.00
50,346,50,0,0.00,-1.00
50,347,50,0,0.00,-1.00
50,348,50,0,0.00,-1.00
50,349,50,0,0.00,-1.00
50,350,50,0,0.00,-1.00
50,351,50,0,0.00,-1.00
50,352,50,0,0.00,-1.00
50,353,50,0,0.06,-1.00
50,354,50,0,0.02,-1.00
50,355,50,0,0.00,-1.00
50,356,50,0,0.00,-1.00
50,357,50,0,0.00,-1.00
50,358,50,0,0.00,-1.00
50,359,50,0,0.00,-1.00
50,360,50,0,0.00,-1.00
50,361,50,0,0.00,-1.00
50,362,50,0,0.00,-1.00
50,363,50,0,0.00,-1.00
50,364,50,0,0.00,-1.00
50,365,50,0,0.00,-1.00
50,366,50,0,0.02,-1.00
50,367,50,0,0.00,-1.00
50,368,50,0,0.00,-1.00
50,369,50,0,0.00,-1.00
50,370,50,0,0.00,-1.00
50,371,50,0,0.00,-1.00
50,372,50,0,0.04,-1.00
50,373,50,0,0.08,-1.00
50,374,50,0,0.12,-1.00
50,375,50,0,0.12,-1.00
50,376,50,0,0.10,-1.00
50,377,50,0,0.10,-1.00
50,378,50,0,0.10,-1.00
50,379,50,0,0.02,-1.00
50,380,50,0,0.00,-1.00
50,381,50,0,0.02,-1.00
50,382,50,0,0.04,-1.00
50,383,50,0,0.08,-1.00
50,384,50,0,0.02,-1.00
50,385,50,0,0.04,-1.00
50,386,50,0,0.02,-1.00
50,387,50,0,0.04,-1.00
50,388,50,0,0.08,-1.00
50,389,50,0,0.04,-1.00
50,390,50,0,0.02,-1.00
50,391,50,0,0.04,-1.00
50,392,50,0,0.04,-1.00
50,393,50,0,0.00,-1.00
50,394,50,0,0.00,-1.00
50,395,50,0,0.00,-1.00
50,396,50,0,0.00,-1.00
50,397,50,0,0.00,-1.00
50,398,50,0,0.00,-1.00
50,399,50,0,0.02,-1.00
50,400,50,0,0.02,-1.00
50,401,50,0,0.00,-1.00
50,402,50,0,0.02,-1.00
50,403,50,0,0.02,-1.00
50,404,50,0,0.02,-1.00
50,405,50,0,0.02,-1.00
50,406,50,0,0.00,-1.00
50,407,50,0,0.00,-1.00
50,408,50,0,0.00,-1.00
50,409,50,0,0.00,-1.00
50,410,50,0,0.02,-1.00
50,411,50,0,0.06,-1.00
50,412,50,0,0.10,-1.00
50,413,50,0,0.12,-1.00
50,414,50,0,0.10,-1.00
50,415,50,0,0.14,-1.00
50,416,50,0,0.16,-1.00
50,417,50,0,0.18,-1.00
50,418,50,0,0.18,-1.00
50,419,50,0,0.16,-1.00
50,420,50,0,0.22,-1.00
50,421,50,0,0.16,-1.00
50,422,50,0,0.10,-1.00
50,423,50,0,0.10,-1.00
50,424,50,0,0.18,-1.00
50,425,50,0,0.18,-1.00
50,426,50,0,0.12,-1.00
50,427,50,0,0.14,-1.00
50,428,50,0,0.16,-1.00
50,429,50,0,0.12,-1.00
50,430,50,0,0.14,-1.00
50,431,50,0,0.12,-1.00
50,432,50,0,0.12,-1.00
50,433,50,0,0.08,-1.00
50,434,50,0,0.12,-1.00
50,435,50,0,0.22,-1.00
50,436,50,0,0.20,-1.00
50,437,50,0,0.24,-1.00
50,438,50,0,0.32,-1.00
50,439,50,0,0.26,-1.00
50,440,50,0,0.20,-1.00
50,441,50,0,0.20,-1.00
50,442,50,0,0.20,-1.00
50,443,50,0,0.16,-1.00
50,444,50,0,0.14,-1.00
50,445,50,0,0.08,-1.00
50,446,50,0,0.02,-1.00
50,447,50,0,0.00,-1.00
50,448,50,0,0.00,-1.00
50,449,50,0,0.00,-1.00
50,450,50,0,0.02,-1.00
50,451,50,0,0.00,-1.00
50,452,50,0,0.00,-1.00
50,453,50,0,0.00,-1.00
50,454,50,0,0.00,-1.00
50,455,50,0,0.00,-1.00
50,456,50,0,0.00,-1.00
50,457,50,0,0.02,-1.00
50,458,50,0,0.00,-1.00
50,459,50,0,0.02,-1.00
50,460,50,0,0.00,-1.00
50,461,50,0,0.00,-1.00
50,462,50,0,0.00,-1.00
50,463,50,0,0.00,-1.00
50,464,50,0,0.00,-1.00
50,465,50,0,0.06,-1.00
50,466,50,0,0.10,-1.00
50,467,50,0,0.06,-1.00
50,468,50,0,0.04,-1.00
50,469,50,0,0.02,-1.00
50,470,50,0,0.00,-1.00
50,471,50,0,0.00,-1.00
50,472,50,0,0.00,-1.00
50,473,50,0,0.00,-1.00
50,474,50,0,0.00,-1.00
50,475,50,0,0.00,-1.00
50,476,50,0,0.00,-1.00
50,477,50,0,0.04,-1.00
50,478,50,0,0.04,-1.00
50,479,50,0,0.06,-1.00
50,480,50,0,0.00,-1.00
50,481,50,0,0.00,-1.00
50,482,50,0,0.00,-1.00
50,483,50,0,0.00,-1.00
50,484,50,0,0.00,-1.00
50,485,50,0,0.00,-1.00
50,486,50,0,0.04,-1.00
50,487,50,0,0.04,-1.00
50,488,50,0,0.06,-1.00
50,489,50,0,0.08,-1.00
50,490,50,0,0.06,-1.00
50,491,50,0,0.04,-1.00
50,492,50,0,0.04,-1.00
50,493,50,0,0.06,-1.00
50,494,50,0,0.06,-1.00
50,495,50,0,0.06,-1.00
50,496,50,0,0.00,-1.00
50,497,50,0,0.00,-1.00
50,498,50,0,0.00,-1.00
50,499,50,0,0.00,-1.00
50,500,50,0,0.02,-1.00
